"region"	"boligtype"	"kvartal"	"Gjennomsnittlig kvadratmeterpris (kr)"	"Antall boligomsetninger"
"3001 Halden"	"Eneboliger"	"2006K1"	.	.
"3001 Halden"	"Eneboliger"	"2006K2"	.	.
"3001 Halden"	"Eneboliger"	"2006K3"	.	.
"3001 Halden"	"Eneboliger"	"2006K4"	.	.
"3001 Halden"	"Eneboliger"	"2007K1"	.	.
"3001 Halden"	"Eneboliger"	"2007K2"	.	.
"3001 Halden"	"Eneboliger"	"2007K3"	.	.
"3001 Halden"	"Eneboliger"	"2007K4"	.	.
"3001 Halden"	"Eneboliger"	"2008K1"	.	.
"3001 Halden"	"Eneboliger"	"2008K2"	.	.
"3001 Halden"	"Eneboliger"	"2008K3"	.	.
"3001 Halden"	"Eneboliger"	"2008K4"	.	.
"3001 Halden"	"Eneboliger"	"2009K1"	.	.
"3001 Halden"	"Eneboliger"	"2009K2"	.	.
"3001 Halden"	"Eneboliger"	"2009K3"	.	.
"3001 Halden"	"Eneboliger"	"2009K4"	.	.
"3001 Halden"	"Eneboliger"	"2010K1"	.	.
"3001 Halden"	"Eneboliger"	"2010K2"	.	.
"3001 Halden"	"Eneboliger"	"2010K3"	.	.
"3001 Halden"	"Eneboliger"	"2010K4"	.	.
"3001 Halden"	"Eneboliger"	"2011K1"	.	.
"3001 Halden"	"Eneboliger"	"2011K2"	.	.
"3001 Halden"	"Eneboliger"	"2011K3"	.	.
"3001 Halden"	"Eneboliger"	"2011K4"	.	.
"3001 Halden"	"Eneboliger"	"2012K1"	.	.
"3001 Halden"	"Eneboliger"	"2012K2"	.	.
"3001 Halden"	"Eneboliger"	"2012K3"	.	.
"3001 Halden"	"Eneboliger"	"2012K4"	.	.
"3001 Halden"	"Eneboliger"	"2013K1"	.	.
"3001 Halden"	"Eneboliger"	"2013K2"	.	.
"3001 Halden"	"Eneboliger"	"2013K3"	.	.
"3001 Halden"	"Eneboliger"	"2013K4"	.	.
"3001 Halden"	"Eneboliger"	"2014K1"	.	.
"3001 Halden"	"Eneboliger"	"2014K2"	.	.
"3001 Halden"	"Eneboliger"	"2014K3"	.	.
"3001 Halden"	"Eneboliger"	"2014K4"	.	.
"3001 Halden"	"Eneboliger"	"2015K1"	.	.
"3001 Halden"	"Eneboliger"	"2015K2"	.	.
"3001 Halden"	"Eneboliger"	"2015K3"	.	.
"3001 Halden"	"Eneboliger"	"2015K4"	.	.
"3001 Halden"	"Eneboliger"	"2016K1"	.	.
"3001 Halden"	"Eneboliger"	"2016K2"	.	.
"3001 Halden"	"Eneboliger"	"2016K3"	.	.
"3001 Halden"	"Eneboliger"	"2016K4"	.	.
"3001 Halden"	"Eneboliger"	"2017K1"	.	.
"3001 Halden"	"Eneboliger"	"2017K2"	.	.
"3001 Halden"	"Eneboliger"	"2017K3"	.	.
"3001 Halden"	"Eneboliger"	"2017K4"	.	.
"3001 Halden"	"Eneboliger"	"2018K1"	.	.
"3001 Halden"	"Eneboliger"	"2018K2"	.	.
"3001 Halden"	"Eneboliger"	"2018K3"	.	.
"3001 Halden"	"Eneboliger"	"2018K4"	.	.
"3001 Halden"	"Eneboliger"	"2019K1"	.	.
"3001 Halden"	"Eneboliger"	"2019K2"	.	.
"3001 Halden"	"Eneboliger"	"2019K3"	.	.
"3001 Halden"	"Eneboliger"	"2019K4"	.	.
"3001 Halden"	"Eneboliger"	"2020K1"	21216	35
"3001 Halden"	"Eneboliger"	"2020K2"	22759	64
"3001 Halden"	"Eneboliger"	"2020K3"	25283	69
"3001 Halden"	"Eneboliger"	"2020K4"	24944	52
"3001 Halden"	"Eneboliger"	"2021K1"	26665	31
"3001 Halden"	"Eneboliger"	"2021K2"	26766	63
"3001 Halden"	"Eneboliger"	"2021K3"	25535	48
"3001 Halden"	"Eneboliger"	"2021K4"	26834	54
"3001 Halden"	"Eneboliger"	"2022K1"	27305	36
"3001 Halden"	"Eneboliger"	"2022K2"	28916	57
"3001 Halden"	"Eneboliger"	"2022K3"	28859	53
"3001 Halden"	"Eneboliger"	"2022K4"	28473	42
"3001 Halden"	"Eneboliger"	"2023K1"	27991	47
"3001 Halden"	"Eneboliger"	"2023K2"	28546	65
"3001 Halden"	"Eneboliger"	"2023K3"	26048	54
"3001 Halden"	"Småhus"	"2006K1"	.	.
"3001 Halden"	"Småhus"	"2006K2"	.	.
"3001 Halden"	"Småhus"	"2006K3"	.	.
"3001 Halden"	"Småhus"	"2006K4"	.	.
"3001 Halden"	"Småhus"	"2007K1"	.	.
"3001 Halden"	"Småhus"	"2007K2"	.	.
"3001 Halden"	"Småhus"	"2007K3"	.	.
"3001 Halden"	"Småhus"	"2007K4"	.	.
"3001 Halden"	"Småhus"	"2008K1"	.	.
"3001 Halden"	"Småhus"	"2008K2"	.	.
"3001 Halden"	"Småhus"	"2008K3"	.	.
"3001 Halden"	"Småhus"	"2008K4"	.	.
"3001 Halden"	"Småhus"	"2009K1"	.	.
"3001 Halden"	"Småhus"	"2009K2"	.	.
"3001 Halden"	"Småhus"	"2009K3"	.	.
"3001 Halden"	"Småhus"	"2009K4"	.	.
"3001 Halden"	"Småhus"	"2010K1"	.	.
"3001 Halden"	"Småhus"	"2010K2"	.	.
"3001 Halden"	"Småhus"	"2010K3"	.	.
"3001 Halden"	"Småhus"	"2010K4"	.	.
"3001 Halden"	"Småhus"	"2011K1"	.	.
"3001 Halden"	"Småhus"	"2011K2"	.	.
"3001 Halden"	"Småhus"	"2011K3"	.	.
"3001 Halden"	"Småhus"	"2011K4"	.	.
"3001 Halden"	"Småhus"	"2012K1"	.	.
"3001 Halden"	"Småhus"	"2012K2"	.	.
"3001 Halden"	"Småhus"	"2012K3"	.	.
"3001 Halden"	"Småhus"	"2012K4"	.	.
"3001 Halden"	"Småhus"	"2013K1"	.	.
"3001 Halden"	"Småhus"	"2013K2"	.	.
"3001 Halden"	"Småhus"	"2013K3"	.	.
"3001 Halden"	"Småhus"	"2013K4"	.	.
"3001 Halden"	"Småhus"	"2014K1"	.	.
"3001 Halden"	"Småhus"	"2014K2"	.	.
"3001 Halden"	"Småhus"	"2014K3"	.	.
"3001 Halden"	"Småhus"	"2014K4"	.	.
"3001 Halden"	"Småhus"	"2015K1"	.	.
"3001 Halden"	"Småhus"	"2015K2"	.	.
"3001 Halden"	"Småhus"	"2015K3"	.	.
"3001 Halden"	"Småhus"	"2015K4"	.	.
"3001 Halden"	"Småhus"	"2016K1"	.	.
"3001 Halden"	"Småhus"	"2016K2"	.	.
"3001 Halden"	"Småhus"	"2016K3"	.	.
"3001 Halden"	"Småhus"	"2016K4"	.	.
"3001 Halden"	"Småhus"	"2017K1"	.	.
"3001 Halden"	"Småhus"	"2017K2"	.	.
"3001 Halden"	"Småhus"	"2017K3"	.	.
"3001 Halden"	"Småhus"	"2017K4"	.	.
"3001 Halden"	"Småhus"	"2018K1"	.	.
"3001 Halden"	"Småhus"	"2018K2"	.	.
"3001 Halden"	"Småhus"	"2018K3"	.	.
"3001 Halden"	"Småhus"	"2018K4"	.	.
"3001 Halden"	"Småhus"	"2019K1"	.	.
"3001 Halden"	"Småhus"	"2019K2"	.	.
"3001 Halden"	"Småhus"	"2019K3"	.	.
"3001 Halden"	"Småhus"	"2019K4"	.	.
"3001 Halden"	"Småhus"	"2020K1"	..	7
"3001 Halden"	"Småhus"	"2020K2"	24256	16
"3001 Halden"	"Småhus"	"2020K3"	25929	18
"3001 Halden"	"Småhus"	"2020K4"	26748	13
"3001 Halden"	"Småhus"	"2021K1"	26549	10
"3001 Halden"	"Småhus"	"2021K2"	28368	19
"3001 Halden"	"Småhus"	"2021K3"	27455	22
"3001 Halden"	"Småhus"	"2021K4"	26153	14
"3001 Halden"	"Småhus"	"2022K1"	..	9
"3001 Halden"	"Småhus"	"2022K2"	27365	21
"3001 Halden"	"Småhus"	"2022K3"	30449	12
"3001 Halden"	"Småhus"	"2022K4"	30906	13
"3001 Halden"	"Småhus"	"2023K1"	36055	18
"3001 Halden"	"Småhus"	"2023K2"	27230	15
"3001 Halden"	"Småhus"	"2023K3"	33185	18
"3001 Halden"	"Blokkleiligheter"	"2006K1"	.	.
"3001 Halden"	"Blokkleiligheter"	"2006K2"	.	.
"3001 Halden"	"Blokkleiligheter"	"2006K3"	.	.
"3001 Halden"	"Blokkleiligheter"	"2006K4"	.	.
"3001 Halden"	"Blokkleiligheter"	"2007K1"	.	.
"3001 Halden"	"Blokkleiligheter"	"2007K2"	.	.
"3001 Halden"	"Blokkleiligheter"	"2007K3"	.	.
"3001 Halden"	"Blokkleiligheter"	"2007K4"	.	.
"3001 Halden"	"Blokkleiligheter"	"2008K1"	.	.
"3001 Halden"	"Blokkleiligheter"	"2008K2"	.	.
"3001 Halden"	"Blokkleiligheter"	"2008K3"	.	.
"3001 Halden"	"Blokkleiligheter"	"2008K4"	.	.
"3001 Halden"	"Blokkleiligheter"	"2009K1"	.	.
"3001 Halden"	"Blokkleiligheter"	"2009K2"	.	.
"3001 Halden"	"Blokkleiligheter"	"2009K3"	.	.
"3001 Halden"	"Blokkleiligheter"	"2009K4"	.	.
"3001 Halden"	"Blokkleiligheter"	"2010K1"	.	.
"3001 Halden"	"Blokkleiligheter"	"2010K2"	.	.
"3001 Halden"	"Blokkleiligheter"	"2010K3"	.	.
"3001 Halden"	"Blokkleiligheter"	"2010K4"	.	.
"3001 Halden"	"Blokkleiligheter"	"2011K1"	.	.
"3001 Halden"	"Blokkleiligheter"	"2011K2"	.	.
"3001 Halden"	"Blokkleiligheter"	"2011K3"	.	.
"3001 Halden"	"Blokkleiligheter"	"2011K4"	.	.
"3001 Halden"	"Blokkleiligheter"	"2012K1"	.	.
"3001 Halden"	"Blokkleiligheter"	"2012K2"	.	.
"3001 Halden"	"Blokkleiligheter"	"2012K3"	.	.
"3001 Halden"	"Blokkleiligheter"	"2012K4"	.	.
"3001 Halden"	"Blokkleiligheter"	"2013K1"	.	.
"3001 Halden"	"Blokkleiligheter"	"2013K2"	.	.
"3001 Halden"	"Blokkleiligheter"	"2013K3"	.	.
"3001 Halden"	"Blokkleiligheter"	"2013K4"	.	.
"3001 Halden"	"Blokkleiligheter"	"2014K1"	.	.
"3001 Halden"	"Blokkleiligheter"	"2014K2"	.	.
"3001 Halden"	"Blokkleiligheter"	"2014K3"	.	.
"3001 Halden"	"Blokkleiligheter"	"2014K4"	.	.
"3001 Halden"	"Blokkleiligheter"	"2015K1"	.	.
"3001 Halden"	"Blokkleiligheter"	"2015K2"	.	.
"3001 Halden"	"Blokkleiligheter"	"2015K3"	.	.
"3001 Halden"	"Blokkleiligheter"	"2015K4"	.	.
"3001 Halden"	"Blokkleiligheter"	"2016K1"	.	.
"3001 Halden"	"Blokkleiligheter"	"2016K2"	.	.
"3001 Halden"	"Blokkleiligheter"	"2016K3"	.	.
"3001 Halden"	"Blokkleiligheter"	"2016K4"	.	.
"3001 Halden"	"Blokkleiligheter"	"2017K1"	.	.
"3001 Halden"	"Blokkleiligheter"	"2017K2"	.	.
"3001 Halden"	"Blokkleiligheter"	"2017K3"	.	.
"3001 Halden"	"Blokkleiligheter"	"2017K4"	.	.
"3001 Halden"	"Blokkleiligheter"	"2018K1"	.	.
"3001 Halden"	"Blokkleiligheter"	"2018K2"	.	.
"3001 Halden"	"Blokkleiligheter"	"2018K3"	.	.
"3001 Halden"	"Blokkleiligheter"	"2018K4"	.	.
"3001 Halden"	"Blokkleiligheter"	"2019K1"	.	.
"3001 Halden"	"Blokkleiligheter"	"2019K2"	.	.
"3001 Halden"	"Blokkleiligheter"	"2019K3"	.	.
"3001 Halden"	"Blokkleiligheter"	"2019K4"	.	.
"3001 Halden"	"Blokkleiligheter"	"2020K1"	31557	13
"3001 Halden"	"Blokkleiligheter"	"2020K2"	27645	19
"3001 Halden"	"Blokkleiligheter"	"2020K3"	35100	27
"3001 Halden"	"Blokkleiligheter"	"2020K4"	32621	25
"3001 Halden"	"Blokkleiligheter"	"2021K1"	32659	18
"3001 Halden"	"Blokkleiligheter"	"2021K2"	35673	29
"3001 Halden"	"Blokkleiligheter"	"2021K3"	33254	21
"3001 Halden"	"Blokkleiligheter"	"2021K4"	33721	20
"3001 Halden"	"Blokkleiligheter"	"2022K1"	38022	17
"3001 Halden"	"Blokkleiligheter"	"2022K2"	36887	20
"3001 Halden"	"Blokkleiligheter"	"2022K3"	36195	29
"3001 Halden"	"Blokkleiligheter"	"2022K4"	35499	14
"3001 Halden"	"Blokkleiligheter"	"2023K1"	35997	21
"3001 Halden"	"Blokkleiligheter"	"2023K2"	38299	25
"3001 Halden"	"Blokkleiligheter"	"2023K3"	33257	16
"3002 Moss"	"Eneboliger"	"2006K1"	.	.
"3002 Moss"	"Eneboliger"	"2006K2"	.	.
"3002 Moss"	"Eneboliger"	"2006K3"	.	.
"3002 Moss"	"Eneboliger"	"2006K4"	.	.
"3002 Moss"	"Eneboliger"	"2007K1"	.	.
"3002 Moss"	"Eneboliger"	"2007K2"	.	.
"3002 Moss"	"Eneboliger"	"2007K3"	.	.
"3002 Moss"	"Eneboliger"	"2007K4"	.	.
"3002 Moss"	"Eneboliger"	"2008K1"	.	.
"3002 Moss"	"Eneboliger"	"2008K2"	.	.
"3002 Moss"	"Eneboliger"	"2008K3"	.	.
"3002 Moss"	"Eneboliger"	"2008K4"	.	.
"3002 Moss"	"Eneboliger"	"2009K1"	.	.
"3002 Moss"	"Eneboliger"	"2009K2"	.	.
"3002 Moss"	"Eneboliger"	"2009K3"	.	.
"3002 Moss"	"Eneboliger"	"2009K4"	.	.
"3002 Moss"	"Eneboliger"	"2010K1"	.	.
"3002 Moss"	"Eneboliger"	"2010K2"	.	.
"3002 Moss"	"Eneboliger"	"2010K3"	.	.
"3002 Moss"	"Eneboliger"	"2010K4"	.	.
"3002 Moss"	"Eneboliger"	"2011K1"	.	.
"3002 Moss"	"Eneboliger"	"2011K2"	.	.
"3002 Moss"	"Eneboliger"	"2011K3"	.	.
"3002 Moss"	"Eneboliger"	"2011K4"	.	.
"3002 Moss"	"Eneboliger"	"2012K1"	.	.
"3002 Moss"	"Eneboliger"	"2012K2"	.	.
"3002 Moss"	"Eneboliger"	"2012K3"	.	.
"3002 Moss"	"Eneboliger"	"2012K4"	.	.
"3002 Moss"	"Eneboliger"	"2013K1"	.	.
"3002 Moss"	"Eneboliger"	"2013K2"	.	.
"3002 Moss"	"Eneboliger"	"2013K3"	.	.
"3002 Moss"	"Eneboliger"	"2013K4"	.	.
"3002 Moss"	"Eneboliger"	"2014K1"	.	.
"3002 Moss"	"Eneboliger"	"2014K2"	.	.
"3002 Moss"	"Eneboliger"	"2014K3"	.	.
"3002 Moss"	"Eneboliger"	"2014K4"	.	.
"3002 Moss"	"Eneboliger"	"2015K1"	.	.
"3002 Moss"	"Eneboliger"	"2015K2"	.	.
"3002 Moss"	"Eneboliger"	"2015K3"	.	.
"3002 Moss"	"Eneboliger"	"2015K4"	.	.
"3002 Moss"	"Eneboliger"	"2016K1"	.	.
"3002 Moss"	"Eneboliger"	"2016K2"	.	.
"3002 Moss"	"Eneboliger"	"2016K3"	.	.
"3002 Moss"	"Eneboliger"	"2016K4"	.	.
"3002 Moss"	"Eneboliger"	"2017K1"	.	.
"3002 Moss"	"Eneboliger"	"2017K2"	.	.
"3002 Moss"	"Eneboliger"	"2017K3"	.	.
"3002 Moss"	"Eneboliger"	"2017K4"	.	.
"3002 Moss"	"Eneboliger"	"2018K1"	.	.
"3002 Moss"	"Eneboliger"	"2018K2"	.	.
"3002 Moss"	"Eneboliger"	"2018K3"	.	.
"3002 Moss"	"Eneboliger"	"2018K4"	.	.
"3002 Moss"	"Eneboliger"	"2019K1"	.	.
"3002 Moss"	"Eneboliger"	"2019K2"	.	.
"3002 Moss"	"Eneboliger"	"2019K3"	.	.
"3002 Moss"	"Eneboliger"	"2019K4"	.	.
"3002 Moss"	"Eneboliger"	"2020K1"	29569	61
"3002 Moss"	"Eneboliger"	"2020K2"	33236	94
"3002 Moss"	"Eneboliger"	"2020K3"	33630	85
"3002 Moss"	"Eneboliger"	"2020K4"	35398	59
"3002 Moss"	"Eneboliger"	"2021K1"	36596	56
"3002 Moss"	"Eneboliger"	"2021K2"	37834	97
"3002 Moss"	"Eneboliger"	"2021K3"	36607	51
"3002 Moss"	"Eneboliger"	"2021K4"	38052	51
"3002 Moss"	"Eneboliger"	"2022K1"	37150	47
"3002 Moss"	"Eneboliger"	"2022K2"	41001	86
"3002 Moss"	"Eneboliger"	"2022K3"	38776	58
"3002 Moss"	"Eneboliger"	"2022K4"	34571	34
"3002 Moss"	"Eneboliger"	"2023K1"	35218	44
"3002 Moss"	"Eneboliger"	"2023K2"	37552	97
"3002 Moss"	"Eneboliger"	"2023K3"	37577	74
"3002 Moss"	"Småhus"	"2006K1"	.	.
"3002 Moss"	"Småhus"	"2006K2"	.	.
"3002 Moss"	"Småhus"	"2006K3"	.	.
"3002 Moss"	"Småhus"	"2006K4"	.	.
"3002 Moss"	"Småhus"	"2007K1"	.	.
"3002 Moss"	"Småhus"	"2007K2"	.	.
"3002 Moss"	"Småhus"	"2007K3"	.	.
"3002 Moss"	"Småhus"	"2007K4"	.	.
"3002 Moss"	"Småhus"	"2008K1"	.	.
"3002 Moss"	"Småhus"	"2008K2"	.	.
"3002 Moss"	"Småhus"	"2008K3"	.	.
"3002 Moss"	"Småhus"	"2008K4"	.	.
"3002 Moss"	"Småhus"	"2009K1"	.	.
"3002 Moss"	"Småhus"	"2009K2"	.	.
"3002 Moss"	"Småhus"	"2009K3"	.	.
"3002 Moss"	"Småhus"	"2009K4"	.	.
"3002 Moss"	"Småhus"	"2010K1"	.	.
"3002 Moss"	"Småhus"	"2010K2"	.	.
"3002 Moss"	"Småhus"	"2010K3"	.	.
"3002 Moss"	"Småhus"	"2010K4"	.	.
"3002 Moss"	"Småhus"	"2011K1"	.	.
"3002 Moss"	"Småhus"	"2011K2"	.	.
"3002 Moss"	"Småhus"	"2011K3"	.	.
"3002 Moss"	"Småhus"	"2011K4"	.	.
"3002 Moss"	"Småhus"	"2012K1"	.	.
"3002 Moss"	"Småhus"	"2012K2"	.	.
"3002 Moss"	"Småhus"	"2012K3"	.	.
"3002 Moss"	"Småhus"	"2012K4"	.	.
"3002 Moss"	"Småhus"	"2013K1"	.	.
"3002 Moss"	"Småhus"	"2013K2"	.	.
"3002 Moss"	"Småhus"	"2013K3"	.	.
"3002 Moss"	"Småhus"	"2013K4"	.	.
"3002 Moss"	"Småhus"	"2014K1"	.	.
"3002 Moss"	"Småhus"	"2014K2"	.	.
"3002 Moss"	"Småhus"	"2014K3"	.	.
"3002 Moss"	"Småhus"	"2014K4"	.	.
"3002 Moss"	"Småhus"	"2015K1"	.	.
"3002 Moss"	"Småhus"	"2015K2"	.	.
"3002 Moss"	"Småhus"	"2015K3"	.	.
"3002 Moss"	"Småhus"	"2015K4"	.	.
"3002 Moss"	"Småhus"	"2016K1"	.	.
"3002 Moss"	"Småhus"	"2016K2"	.	.
"3002 Moss"	"Småhus"	"2016K3"	.	.
"3002 Moss"	"Småhus"	"2016K4"	.	.
"3002 Moss"	"Småhus"	"2017K1"	.	.
"3002 Moss"	"Småhus"	"2017K2"	.	.
"3002 Moss"	"Småhus"	"2017K3"	.	.
"3002 Moss"	"Småhus"	"2017K4"	.	.
"3002 Moss"	"Småhus"	"2018K1"	.	.
"3002 Moss"	"Småhus"	"2018K2"	.	.
"3002 Moss"	"Småhus"	"2018K3"	.	.
"3002 Moss"	"Småhus"	"2018K4"	.	.
"3002 Moss"	"Småhus"	"2019K1"	.	.
"3002 Moss"	"Småhus"	"2019K2"	.	.
"3002 Moss"	"Småhus"	"2019K3"	.	.
"3002 Moss"	"Småhus"	"2019K4"	.	.
"3002 Moss"	"Småhus"	"2020K1"	31010	17
"3002 Moss"	"Småhus"	"2020K2"	30795	20
"3002 Moss"	"Småhus"	"2020K3"	34008	26
"3002 Moss"	"Småhus"	"2020K4"	31283	17
"3002 Moss"	"Småhus"	"2021K1"	34550	22
"3002 Moss"	"Småhus"	"2021K2"	36380	26
"3002 Moss"	"Småhus"	"2021K3"	32087	16
"3002 Moss"	"Småhus"	"2021K4"	31601	14
"3002 Moss"	"Småhus"	"2022K1"	..	7
"3002 Moss"	"Småhus"	"2022K2"	38399	19
"3002 Moss"	"Småhus"	"2022K3"	41580	19
"3002 Moss"	"Småhus"	"2022K4"	36224	14
"3002 Moss"	"Småhus"	"2023K1"	42926	18
"3002 Moss"	"Småhus"	"2023K2"	39290	22
"3002 Moss"	"Småhus"	"2023K3"	34299	17
"3002 Moss"	"Blokkleiligheter"	"2006K1"	.	.
"3002 Moss"	"Blokkleiligheter"	"2006K2"	.	.
"3002 Moss"	"Blokkleiligheter"	"2006K3"	.	.
"3002 Moss"	"Blokkleiligheter"	"2006K4"	.	.
"3002 Moss"	"Blokkleiligheter"	"2007K1"	.	.
"3002 Moss"	"Blokkleiligheter"	"2007K2"	.	.
"3002 Moss"	"Blokkleiligheter"	"2007K3"	.	.
"3002 Moss"	"Blokkleiligheter"	"2007K4"	.	.
"3002 Moss"	"Blokkleiligheter"	"2008K1"	.	.
"3002 Moss"	"Blokkleiligheter"	"2008K2"	.	.
"3002 Moss"	"Blokkleiligheter"	"2008K3"	.	.
"3002 Moss"	"Blokkleiligheter"	"2008K4"	.	.
"3002 Moss"	"Blokkleiligheter"	"2009K1"	.	.
"3002 Moss"	"Blokkleiligheter"	"2009K2"	.	.
"3002 Moss"	"Blokkleiligheter"	"2009K3"	.	.
"3002 Moss"	"Blokkleiligheter"	"2009K4"	.	.
"3002 Moss"	"Blokkleiligheter"	"2010K1"	.	.
"3002 Moss"	"Blokkleiligheter"	"2010K2"	.	.
"3002 Moss"	"Blokkleiligheter"	"2010K3"	.	.
"3002 Moss"	"Blokkleiligheter"	"2010K4"	.	.
"3002 Moss"	"Blokkleiligheter"	"2011K1"	.	.
"3002 Moss"	"Blokkleiligheter"	"2011K2"	.	.
"3002 Moss"	"Blokkleiligheter"	"2011K3"	.	.
"3002 Moss"	"Blokkleiligheter"	"2011K4"	.	.
"3002 Moss"	"Blokkleiligheter"	"2012K1"	.	.
"3002 Moss"	"Blokkleiligheter"	"2012K2"	.	.
"3002 Moss"	"Blokkleiligheter"	"2012K3"	.	.
"3002 Moss"	"Blokkleiligheter"	"2012K4"	.	.
"3002 Moss"	"Blokkleiligheter"	"2013K1"	.	.
"3002 Moss"	"Blokkleiligheter"	"2013K2"	.	.
"3002 Moss"	"Blokkleiligheter"	"2013K3"	.	.
"3002 Moss"	"Blokkleiligheter"	"2013K4"	.	.
"3002 Moss"	"Blokkleiligheter"	"2014K1"	.	.
"3002 Moss"	"Blokkleiligheter"	"2014K2"	.	.
"3002 Moss"	"Blokkleiligheter"	"2014K3"	.	.
"3002 Moss"	"Blokkleiligheter"	"2014K4"	.	.
"3002 Moss"	"Blokkleiligheter"	"2015K1"	.	.
"3002 Moss"	"Blokkleiligheter"	"2015K2"	.	.
"3002 Moss"	"Blokkleiligheter"	"2015K3"	.	.
"3002 Moss"	"Blokkleiligheter"	"2015K4"	.	.
"3002 Moss"	"Blokkleiligheter"	"2016K1"	.	.
"3002 Moss"	"Blokkleiligheter"	"2016K2"	.	.
"3002 Moss"	"Blokkleiligheter"	"2016K3"	.	.
"3002 Moss"	"Blokkleiligheter"	"2016K4"	.	.
"3002 Moss"	"Blokkleiligheter"	"2017K1"	.	.
"3002 Moss"	"Blokkleiligheter"	"2017K2"	.	.
"3002 Moss"	"Blokkleiligheter"	"2017K3"	.	.
"3002 Moss"	"Blokkleiligheter"	"2017K4"	.	.
"3002 Moss"	"Blokkleiligheter"	"2018K1"	.	.
"3002 Moss"	"Blokkleiligheter"	"2018K2"	.	.
"3002 Moss"	"Blokkleiligheter"	"2018K3"	.	.
"3002 Moss"	"Blokkleiligheter"	"2018K4"	.	.
"3002 Moss"	"Blokkleiligheter"	"2019K1"	.	.
"3002 Moss"	"Blokkleiligheter"	"2019K2"	.	.
"3002 Moss"	"Blokkleiligheter"	"2019K3"	.	.
"3002 Moss"	"Blokkleiligheter"	"2019K4"	.	.
"3002 Moss"	"Blokkleiligheter"	"2020K1"	47412	53
"3002 Moss"	"Blokkleiligheter"	"2020K2"	44095	48
"3002 Moss"	"Blokkleiligheter"	"2020K3"	48769	65
"3002 Moss"	"Blokkleiligheter"	"2020K4"	49087	65
"3002 Moss"	"Blokkleiligheter"	"2021K1"	51704	81
"3002 Moss"	"Blokkleiligheter"	"2021K2"	52487	78
"3002 Moss"	"Blokkleiligheter"	"2021K3"	50876	56
"3002 Moss"	"Blokkleiligheter"	"2021K4"	50361	71
"3002 Moss"	"Blokkleiligheter"	"2022K1"	56077	65
"3002 Moss"	"Blokkleiligheter"	"2022K2"	52999	64
"3002 Moss"	"Blokkleiligheter"	"2022K3"	55884	62
"3002 Moss"	"Blokkleiligheter"	"2022K4"	54054	45
"3002 Moss"	"Blokkleiligheter"	"2023K1"	55178	54
"3002 Moss"	"Blokkleiligheter"	"2023K2"	58114	91
"3002 Moss"	"Blokkleiligheter"	"2023K3"	57512	73
"3003 Sarpsborg"	"Eneboliger"	"2006K1"	.	.
"3003 Sarpsborg"	"Eneboliger"	"2006K2"	.	.
"3003 Sarpsborg"	"Eneboliger"	"2006K3"	.	.
"3003 Sarpsborg"	"Eneboliger"	"2006K4"	.	.
"3003 Sarpsborg"	"Eneboliger"	"2007K1"	.	.
"3003 Sarpsborg"	"Eneboliger"	"2007K2"	.	.
"3003 Sarpsborg"	"Eneboliger"	"2007K3"	.	.
"3003 Sarpsborg"	"Eneboliger"	"2007K4"	.	.
"3003 Sarpsborg"	"Eneboliger"	"2008K1"	.	.
"3003 Sarpsborg"	"Eneboliger"	"2008K2"	.	.
"3003 Sarpsborg"	"Eneboliger"	"2008K3"	.	.
"3003 Sarpsborg"	"Eneboliger"	"2008K4"	.	.
"3003 Sarpsborg"	"Eneboliger"	"2009K1"	.	.
"3003 Sarpsborg"	"Eneboliger"	"2009K2"	.	.
"3003 Sarpsborg"	"Eneboliger"	"2009K3"	.	.
"3003 Sarpsborg"	"Eneboliger"	"2009K4"	.	.
"3003 Sarpsborg"	"Eneboliger"	"2010K1"	.	.
"3003 Sarpsborg"	"Eneboliger"	"2010K2"	.	.
"3003 Sarpsborg"	"Eneboliger"	"2010K3"	.	.
"3003 Sarpsborg"	"Eneboliger"	"2010K4"	.	.
"3003 Sarpsborg"	"Eneboliger"	"2011K1"	.	.
"3003 Sarpsborg"	"Eneboliger"	"2011K2"	.	.
"3003 Sarpsborg"	"Eneboliger"	"2011K3"	.	.
"3003 Sarpsborg"	"Eneboliger"	"2011K4"	.	.
"3003 Sarpsborg"	"Eneboliger"	"2012K1"	.	.
"3003 Sarpsborg"	"Eneboliger"	"2012K2"	.	.
"3003 Sarpsborg"	"Eneboliger"	"2012K3"	.	.
"3003 Sarpsborg"	"Eneboliger"	"2012K4"	.	.
"3003 Sarpsborg"	"Eneboliger"	"2013K1"	.	.
"3003 Sarpsborg"	"Eneboliger"	"2013K2"	.	.
"3003 Sarpsborg"	"Eneboliger"	"2013K3"	.	.
"3003 Sarpsborg"	"Eneboliger"	"2013K4"	.	.
"3003 Sarpsborg"	"Eneboliger"	"2014K1"	.	.
"3003 Sarpsborg"	"Eneboliger"	"2014K2"	.	.
"3003 Sarpsborg"	"Eneboliger"	"2014K3"	.	.
"3003 Sarpsborg"	"Eneboliger"	"2014K4"	.	.
"3003 Sarpsborg"	"Eneboliger"	"2015K1"	.	.
"3003 Sarpsborg"	"Eneboliger"	"2015K2"	.	.
"3003 Sarpsborg"	"Eneboliger"	"2015K3"	.	.
"3003 Sarpsborg"	"Eneboliger"	"2015K4"	.	.
"3003 Sarpsborg"	"Eneboliger"	"2016K1"	.	.
"3003 Sarpsborg"	"Eneboliger"	"2016K2"	.	.
"3003 Sarpsborg"	"Eneboliger"	"2016K3"	.	.
"3003 Sarpsborg"	"Eneboliger"	"2016K4"	.	.
"3003 Sarpsborg"	"Eneboliger"	"2017K1"	.	.
"3003 Sarpsborg"	"Eneboliger"	"2017K2"	.	.
"3003 Sarpsborg"	"Eneboliger"	"2017K3"	.	.
"3003 Sarpsborg"	"Eneboliger"	"2017K4"	.	.
"3003 Sarpsborg"	"Eneboliger"	"2018K1"	.	.
"3003 Sarpsborg"	"Eneboliger"	"2018K2"	.	.
"3003 Sarpsborg"	"Eneboliger"	"2018K3"	.	.
"3003 Sarpsborg"	"Eneboliger"	"2018K4"	.	.
"3003 Sarpsborg"	"Eneboliger"	"2019K1"	.	.
"3003 Sarpsborg"	"Eneboliger"	"2019K2"	.	.
"3003 Sarpsborg"	"Eneboliger"	"2019K3"	.	.
"3003 Sarpsborg"	"Eneboliger"	"2019K4"	.	.
"3003 Sarpsborg"	"Eneboliger"	"2020K1"	23499	100
"3003 Sarpsborg"	"Eneboliger"	"2020K2"	24786	117
"3003 Sarpsborg"	"Eneboliger"	"2020K3"	25292	86
"3003 Sarpsborg"	"Eneboliger"	"2020K4"	26402	109
"3003 Sarpsborg"	"Eneboliger"	"2021K1"	27346	69
"3003 Sarpsborg"	"Eneboliger"	"2021K2"	27960	125
"3003 Sarpsborg"	"Eneboliger"	"2021K3"	28859	107
"3003 Sarpsborg"	"Eneboliger"	"2021K4"	28610	105
"3003 Sarpsborg"	"Eneboliger"	"2022K1"	29096	83
"3003 Sarpsborg"	"Eneboliger"	"2022K2"	29807	144
"3003 Sarpsborg"	"Eneboliger"	"2022K3"	30358	85
"3003 Sarpsborg"	"Eneboliger"	"2022K4"	28440	80
"3003 Sarpsborg"	"Eneboliger"	"2023K1"	28246	74
"3003 Sarpsborg"	"Eneboliger"	"2023K2"	30424	110
"3003 Sarpsborg"	"Eneboliger"	"2023K3"	28436	89
"3003 Sarpsborg"	"Småhus"	"2006K1"	.	.
"3003 Sarpsborg"	"Småhus"	"2006K2"	.	.
"3003 Sarpsborg"	"Småhus"	"2006K3"	.	.
"3003 Sarpsborg"	"Småhus"	"2006K4"	.	.
"3003 Sarpsborg"	"Småhus"	"2007K1"	.	.
"3003 Sarpsborg"	"Småhus"	"2007K2"	.	.
"3003 Sarpsborg"	"Småhus"	"2007K3"	.	.
"3003 Sarpsborg"	"Småhus"	"2007K4"	.	.
"3003 Sarpsborg"	"Småhus"	"2008K1"	.	.
"3003 Sarpsborg"	"Småhus"	"2008K2"	.	.
"3003 Sarpsborg"	"Småhus"	"2008K3"	.	.
"3003 Sarpsborg"	"Småhus"	"2008K4"	.	.
"3003 Sarpsborg"	"Småhus"	"2009K1"	.	.
"3003 Sarpsborg"	"Småhus"	"2009K2"	.	.
"3003 Sarpsborg"	"Småhus"	"2009K3"	.	.
"3003 Sarpsborg"	"Småhus"	"2009K4"	.	.
"3003 Sarpsborg"	"Småhus"	"2010K1"	.	.
"3003 Sarpsborg"	"Småhus"	"2010K2"	.	.
"3003 Sarpsborg"	"Småhus"	"2010K3"	.	.
"3003 Sarpsborg"	"Småhus"	"2010K4"	.	.
"3003 Sarpsborg"	"Småhus"	"2011K1"	.	.
"3003 Sarpsborg"	"Småhus"	"2011K2"	.	.
"3003 Sarpsborg"	"Småhus"	"2011K3"	.	.
"3003 Sarpsborg"	"Småhus"	"2011K4"	.	.
"3003 Sarpsborg"	"Småhus"	"2012K1"	.	.
"3003 Sarpsborg"	"Småhus"	"2012K2"	.	.
"3003 Sarpsborg"	"Småhus"	"2012K3"	.	.
"3003 Sarpsborg"	"Småhus"	"2012K4"	.	.
"3003 Sarpsborg"	"Småhus"	"2013K1"	.	.
"3003 Sarpsborg"	"Småhus"	"2013K2"	.	.
"3003 Sarpsborg"	"Småhus"	"2013K3"	.	.
"3003 Sarpsborg"	"Småhus"	"2013K4"	.	.
"3003 Sarpsborg"	"Småhus"	"2014K1"	.	.
"3003 Sarpsborg"	"Småhus"	"2014K2"	.	.
"3003 Sarpsborg"	"Småhus"	"2014K3"	.	.
"3003 Sarpsborg"	"Småhus"	"2014K4"	.	.
"3003 Sarpsborg"	"Småhus"	"2015K1"	.	.
"3003 Sarpsborg"	"Småhus"	"2015K2"	.	.
"3003 Sarpsborg"	"Småhus"	"2015K3"	.	.
"3003 Sarpsborg"	"Småhus"	"2015K4"	.	.
"3003 Sarpsborg"	"Småhus"	"2016K1"	.	.
"3003 Sarpsborg"	"Småhus"	"2016K2"	.	.
"3003 Sarpsborg"	"Småhus"	"2016K3"	.	.
"3003 Sarpsborg"	"Småhus"	"2016K4"	.	.
"3003 Sarpsborg"	"Småhus"	"2017K1"	.	.
"3003 Sarpsborg"	"Småhus"	"2017K2"	.	.
"3003 Sarpsborg"	"Småhus"	"2017K3"	.	.
"3003 Sarpsborg"	"Småhus"	"2017K4"	.	.
"3003 Sarpsborg"	"Småhus"	"2018K1"	.	.
"3003 Sarpsborg"	"Småhus"	"2018K2"	.	.
"3003 Sarpsborg"	"Småhus"	"2018K3"	.	.
"3003 Sarpsborg"	"Småhus"	"2018K4"	.	.
"3003 Sarpsborg"	"Småhus"	"2019K1"	.	.
"3003 Sarpsborg"	"Småhus"	"2019K2"	.	.
"3003 Sarpsborg"	"Småhus"	"2019K3"	.	.
"3003 Sarpsborg"	"Småhus"	"2019K4"	.	.
"3003 Sarpsborg"	"Småhus"	"2020K1"	27812	23
"3003 Sarpsborg"	"Småhus"	"2020K2"	26295	29
"3003 Sarpsborg"	"Småhus"	"2020K3"	27853	26
"3003 Sarpsborg"	"Småhus"	"2020K4"	29830	14
"3003 Sarpsborg"	"Småhus"	"2021K1"	32208	22
"3003 Sarpsborg"	"Småhus"	"2021K2"	29099	27
"3003 Sarpsborg"	"Småhus"	"2021K3"	31188	25
"3003 Sarpsborg"	"Småhus"	"2021K4"	31133	25
"3003 Sarpsborg"	"Småhus"	"2022K1"	33613	25
"3003 Sarpsborg"	"Småhus"	"2022K2"	32044	32
"3003 Sarpsborg"	"Småhus"	"2022K3"	31295	32
"3003 Sarpsborg"	"Småhus"	"2022K4"	31721	23
"3003 Sarpsborg"	"Småhus"	"2023K1"	32283	32
"3003 Sarpsborg"	"Småhus"	"2023K2"	29866	22
"3003 Sarpsborg"	"Småhus"	"2023K3"	35449	12
"3003 Sarpsborg"	"Blokkleiligheter"	"2006K1"	.	.
"3003 Sarpsborg"	"Blokkleiligheter"	"2006K2"	.	.
"3003 Sarpsborg"	"Blokkleiligheter"	"2006K3"	.	.
"3003 Sarpsborg"	"Blokkleiligheter"	"2006K4"	.	.
"3003 Sarpsborg"	"Blokkleiligheter"	"2007K1"	.	.
"3003 Sarpsborg"	"Blokkleiligheter"	"2007K2"	.	.
"3003 Sarpsborg"	"Blokkleiligheter"	"2007K3"	.	.
"3003 Sarpsborg"	"Blokkleiligheter"	"2007K4"	.	.
"3003 Sarpsborg"	"Blokkleiligheter"	"2008K1"	.	.
"3003 Sarpsborg"	"Blokkleiligheter"	"2008K2"	.	.
"3003 Sarpsborg"	"Blokkleiligheter"	"2008K3"	.	.
"3003 Sarpsborg"	"Blokkleiligheter"	"2008K4"	.	.
"3003 Sarpsborg"	"Blokkleiligheter"	"2009K1"	.	.
"3003 Sarpsborg"	"Blokkleiligheter"	"2009K2"	.	.
"3003 Sarpsborg"	"Blokkleiligheter"	"2009K3"	.	.
"3003 Sarpsborg"	"Blokkleiligheter"	"2009K4"	.	.
"3003 Sarpsborg"	"Blokkleiligheter"	"2010K1"	.	.
"3003 Sarpsborg"	"Blokkleiligheter"	"2010K2"	.	.
"3003 Sarpsborg"	"Blokkleiligheter"	"2010K3"	.	.
"3003 Sarpsborg"	"Blokkleiligheter"	"2010K4"	.	.
"3003 Sarpsborg"	"Blokkleiligheter"	"2011K1"	.	.
"3003 Sarpsborg"	"Blokkleiligheter"	"2011K2"	.	.
"3003 Sarpsborg"	"Blokkleiligheter"	"2011K3"	.	.
"3003 Sarpsborg"	"Blokkleiligheter"	"2011K4"	.	.
"3003 Sarpsborg"	"Blokkleiligheter"	"2012K1"	.	.
"3003 Sarpsborg"	"Blokkleiligheter"	"2012K2"	.	.
"3003 Sarpsborg"	"Blokkleiligheter"	"2012K3"	.	.
"3003 Sarpsborg"	"Blokkleiligheter"	"2012K4"	.	.
"3003 Sarpsborg"	"Blokkleiligheter"	"2013K1"	.	.
"3003 Sarpsborg"	"Blokkleiligheter"	"2013K2"	.	.
"3003 Sarpsborg"	"Blokkleiligheter"	"2013K3"	.	.
"3003 Sarpsborg"	"Blokkleiligheter"	"2013K4"	.	.
"3003 Sarpsborg"	"Blokkleiligheter"	"2014K1"	.	.
"3003 Sarpsborg"	"Blokkleiligheter"	"2014K2"	.	.
"3003 Sarpsborg"	"Blokkleiligheter"	"2014K3"	.	.
"3003 Sarpsborg"	"Blokkleiligheter"	"2014K4"	.	.
"3003 Sarpsborg"	"Blokkleiligheter"	"2015K1"	.	.
"3003 Sarpsborg"	"Blokkleiligheter"	"2015K2"	.	.
"3003 Sarpsborg"	"Blokkleiligheter"	"2015K3"	.	.
"3003 Sarpsborg"	"Blokkleiligheter"	"2015K4"	.	.
"3003 Sarpsborg"	"Blokkleiligheter"	"2016K1"	.	.
"3003 Sarpsborg"	"Blokkleiligheter"	"2016K2"	.	.
"3003 Sarpsborg"	"Blokkleiligheter"	"2016K3"	.	.
"3003 Sarpsborg"	"Blokkleiligheter"	"2016K4"	.	.
"3003 Sarpsborg"	"Blokkleiligheter"	"2017K1"	.	.
"3003 Sarpsborg"	"Blokkleiligheter"	"2017K2"	.	.
"3003 Sarpsborg"	"Blokkleiligheter"	"2017K3"	.	.
"3003 Sarpsborg"	"Blokkleiligheter"	"2017K4"	.	.
"3003 Sarpsborg"	"Blokkleiligheter"	"2018K1"	.	.
"3003 Sarpsborg"	"Blokkleiligheter"	"2018K2"	.	.
"3003 Sarpsborg"	"Blokkleiligheter"	"2018K3"	.	.
"3003 Sarpsborg"	"Blokkleiligheter"	"2018K4"	.	.
"3003 Sarpsborg"	"Blokkleiligheter"	"2019K1"	.	.
"3003 Sarpsborg"	"Blokkleiligheter"	"2019K2"	.	.
"3003 Sarpsborg"	"Blokkleiligheter"	"2019K3"	.	.
"3003 Sarpsborg"	"Blokkleiligheter"	"2019K4"	.	.
"3003 Sarpsborg"	"Blokkleiligheter"	"2020K1"	40066	21
"3003 Sarpsborg"	"Blokkleiligheter"	"2020K2"	35938	35
"3003 Sarpsborg"	"Blokkleiligheter"	"2020K3"	38108	35
"3003 Sarpsborg"	"Blokkleiligheter"	"2020K4"	40055	40
"3003 Sarpsborg"	"Blokkleiligheter"	"2021K1"	37280	33
"3003 Sarpsborg"	"Blokkleiligheter"	"2021K2"	39477	39
"3003 Sarpsborg"	"Blokkleiligheter"	"2021K3"	41608	49
"3003 Sarpsborg"	"Blokkleiligheter"	"2021K4"	42477	33
"3003 Sarpsborg"	"Blokkleiligheter"	"2022K1"	42760	32
"3003 Sarpsborg"	"Blokkleiligheter"	"2022K2"	45227	41
"3003 Sarpsborg"	"Blokkleiligheter"	"2022K3"	45699	43
"3003 Sarpsborg"	"Blokkleiligheter"	"2022K4"	44059	31
"3003 Sarpsborg"	"Blokkleiligheter"	"2023K1"	42335	21
"3003 Sarpsborg"	"Blokkleiligheter"	"2023K2"	47936	27
"3003 Sarpsborg"	"Blokkleiligheter"	"2023K3"	43974	45
"3004 Fredrikstad"	"Eneboliger"	"2006K1"	.	.
"3004 Fredrikstad"	"Eneboliger"	"2006K2"	.	.
"3004 Fredrikstad"	"Eneboliger"	"2006K3"	.	.
"3004 Fredrikstad"	"Eneboliger"	"2006K4"	.	.
"3004 Fredrikstad"	"Eneboliger"	"2007K1"	.	.
"3004 Fredrikstad"	"Eneboliger"	"2007K2"	.	.
"3004 Fredrikstad"	"Eneboliger"	"2007K3"	.	.
"3004 Fredrikstad"	"Eneboliger"	"2007K4"	.	.
"3004 Fredrikstad"	"Eneboliger"	"2008K1"	.	.
"3004 Fredrikstad"	"Eneboliger"	"2008K2"	.	.
"3004 Fredrikstad"	"Eneboliger"	"2008K3"	.	.
"3004 Fredrikstad"	"Eneboliger"	"2008K4"	.	.
"3004 Fredrikstad"	"Eneboliger"	"2009K1"	.	.
"3004 Fredrikstad"	"Eneboliger"	"2009K2"	.	.
"3004 Fredrikstad"	"Eneboliger"	"2009K3"	.	.
"3004 Fredrikstad"	"Eneboliger"	"2009K4"	.	.
"3004 Fredrikstad"	"Eneboliger"	"2010K1"	.	.
"3004 Fredrikstad"	"Eneboliger"	"2010K2"	.	.
"3004 Fredrikstad"	"Eneboliger"	"2010K3"	.	.
"3004 Fredrikstad"	"Eneboliger"	"2010K4"	.	.
"3004 Fredrikstad"	"Eneboliger"	"2011K1"	.	.
"3004 Fredrikstad"	"Eneboliger"	"2011K2"	.	.
"3004 Fredrikstad"	"Eneboliger"	"2011K3"	.	.
"3004 Fredrikstad"	"Eneboliger"	"2011K4"	.	.
"3004 Fredrikstad"	"Eneboliger"	"2012K1"	.	.
"3004 Fredrikstad"	"Eneboliger"	"2012K2"	.	.
"3004 Fredrikstad"	"Eneboliger"	"2012K3"	.	.
"3004 Fredrikstad"	"Eneboliger"	"2012K4"	.	.
"3004 Fredrikstad"	"Eneboliger"	"2013K1"	.	.
"3004 Fredrikstad"	"Eneboliger"	"2013K2"	.	.
"3004 Fredrikstad"	"Eneboliger"	"2013K3"	.	.
"3004 Fredrikstad"	"Eneboliger"	"2013K4"	.	.
"3004 Fredrikstad"	"Eneboliger"	"2014K1"	.	.
"3004 Fredrikstad"	"Eneboliger"	"2014K2"	.	.
"3004 Fredrikstad"	"Eneboliger"	"2014K3"	.	.
"3004 Fredrikstad"	"Eneboliger"	"2014K4"	.	.
"3004 Fredrikstad"	"Eneboliger"	"2015K1"	.	.
"3004 Fredrikstad"	"Eneboliger"	"2015K2"	.	.
"3004 Fredrikstad"	"Eneboliger"	"2015K3"	.	.
"3004 Fredrikstad"	"Eneboliger"	"2015K4"	.	.
"3004 Fredrikstad"	"Eneboliger"	"2016K1"	.	.
"3004 Fredrikstad"	"Eneboliger"	"2016K2"	.	.
"3004 Fredrikstad"	"Eneboliger"	"2016K3"	.	.
"3004 Fredrikstad"	"Eneboliger"	"2016K4"	.	.
"3004 Fredrikstad"	"Eneboliger"	"2017K1"	.	.
"3004 Fredrikstad"	"Eneboliger"	"2017K2"	.	.
"3004 Fredrikstad"	"Eneboliger"	"2017K3"	.	.
"3004 Fredrikstad"	"Eneboliger"	"2017K4"	.	.
"3004 Fredrikstad"	"Eneboliger"	"2018K1"	.	.
"3004 Fredrikstad"	"Eneboliger"	"2018K2"	.	.
"3004 Fredrikstad"	"Eneboliger"	"2018K3"	.	.
"3004 Fredrikstad"	"Eneboliger"	"2018K4"	.	.
"3004 Fredrikstad"	"Eneboliger"	"2019K1"	.	.
"3004 Fredrikstad"	"Eneboliger"	"2019K2"	.	.
"3004 Fredrikstad"	"Eneboliger"	"2019K3"	.	.
"3004 Fredrikstad"	"Eneboliger"	"2019K4"	.	.
"3004 Fredrikstad"	"Eneboliger"	"2020K1"	27009	119
"3004 Fredrikstad"	"Eneboliger"	"2020K2"	28317	206
"3004 Fredrikstad"	"Eneboliger"	"2020K3"	29752	164
"3004 Fredrikstad"	"Eneboliger"	"2020K4"	29232	129
"3004 Fredrikstad"	"Eneboliger"	"2021K1"	30341	123
"3004 Fredrikstad"	"Eneboliger"	"2021K2"	32212	177
"3004 Fredrikstad"	"Eneboliger"	"2021K3"	31454	143
"3004 Fredrikstad"	"Eneboliger"	"2021K4"	32341	122
"3004 Fredrikstad"	"Eneboliger"	"2022K1"	33746	84
"3004 Fredrikstad"	"Eneboliger"	"2022K2"	37196	162
"3004 Fredrikstad"	"Eneboliger"	"2022K3"	33254	123
"3004 Fredrikstad"	"Eneboliger"	"2022K4"	31800	109
"3004 Fredrikstad"	"Eneboliger"	"2023K1"	31772	104
"3004 Fredrikstad"	"Eneboliger"	"2023K2"	35718	188
"3004 Fredrikstad"	"Eneboliger"	"2023K3"	33927	128
"3004 Fredrikstad"	"Småhus"	"2006K1"	.	.
"3004 Fredrikstad"	"Småhus"	"2006K2"	.	.
"3004 Fredrikstad"	"Småhus"	"2006K3"	.	.
"3004 Fredrikstad"	"Småhus"	"2006K4"	.	.
"3004 Fredrikstad"	"Småhus"	"2007K1"	.	.
"3004 Fredrikstad"	"Småhus"	"2007K2"	.	.
"3004 Fredrikstad"	"Småhus"	"2007K3"	.	.
"3004 Fredrikstad"	"Småhus"	"2007K4"	.	.
"3004 Fredrikstad"	"Småhus"	"2008K1"	.	.
"3004 Fredrikstad"	"Småhus"	"2008K2"	.	.
"3004 Fredrikstad"	"Småhus"	"2008K3"	.	.
"3004 Fredrikstad"	"Småhus"	"2008K4"	.	.
"3004 Fredrikstad"	"Småhus"	"2009K1"	.	.
"3004 Fredrikstad"	"Småhus"	"2009K2"	.	.
"3004 Fredrikstad"	"Småhus"	"2009K3"	.	.
"3004 Fredrikstad"	"Småhus"	"2009K4"	.	.
"3004 Fredrikstad"	"Småhus"	"2010K1"	.	.
"3004 Fredrikstad"	"Småhus"	"2010K2"	.	.
"3004 Fredrikstad"	"Småhus"	"2010K3"	.	.
"3004 Fredrikstad"	"Småhus"	"2010K4"	.	.
"3004 Fredrikstad"	"Småhus"	"2011K1"	.	.
"3004 Fredrikstad"	"Småhus"	"2011K2"	.	.
"3004 Fredrikstad"	"Småhus"	"2011K3"	.	.
"3004 Fredrikstad"	"Småhus"	"2011K4"	.	.
"3004 Fredrikstad"	"Småhus"	"2012K1"	.	.
"3004 Fredrikstad"	"Småhus"	"2012K2"	.	.
"3004 Fredrikstad"	"Småhus"	"2012K3"	.	.
"3004 Fredrikstad"	"Småhus"	"2012K4"	.	.
"3004 Fredrikstad"	"Småhus"	"2013K1"	.	.
"3004 Fredrikstad"	"Småhus"	"2013K2"	.	.
"3004 Fredrikstad"	"Småhus"	"2013K3"	.	.
"3004 Fredrikstad"	"Småhus"	"2013K4"	.	.
"3004 Fredrikstad"	"Småhus"	"2014K1"	.	.
"3004 Fredrikstad"	"Småhus"	"2014K2"	.	.
"3004 Fredrikstad"	"Småhus"	"2014K3"	.	.
"3004 Fredrikstad"	"Småhus"	"2014K4"	.	.
"3004 Fredrikstad"	"Småhus"	"2015K1"	.	.
"3004 Fredrikstad"	"Småhus"	"2015K2"	.	.
"3004 Fredrikstad"	"Småhus"	"2015K3"	.	.
"3004 Fredrikstad"	"Småhus"	"2015K4"	.	.
"3004 Fredrikstad"	"Småhus"	"2016K1"	.	.
"3004 Fredrikstad"	"Småhus"	"2016K2"	.	.
"3004 Fredrikstad"	"Småhus"	"2016K3"	.	.
"3004 Fredrikstad"	"Småhus"	"2016K4"	.	.
"3004 Fredrikstad"	"Småhus"	"2017K1"	.	.
"3004 Fredrikstad"	"Småhus"	"2017K2"	.	.
"3004 Fredrikstad"	"Småhus"	"2017K3"	.	.
"3004 Fredrikstad"	"Småhus"	"2017K4"	.	.
"3004 Fredrikstad"	"Småhus"	"2018K1"	.	.
"3004 Fredrikstad"	"Småhus"	"2018K2"	.	.
"3004 Fredrikstad"	"Småhus"	"2018K3"	.	.
"3004 Fredrikstad"	"Småhus"	"2018K4"	.	.
"3004 Fredrikstad"	"Småhus"	"2019K1"	.	.
"3004 Fredrikstad"	"Småhus"	"2019K2"	.	.
"3004 Fredrikstad"	"Småhus"	"2019K3"	.	.
"3004 Fredrikstad"	"Småhus"	"2019K4"	.	.
"3004 Fredrikstad"	"Småhus"	"2020K1"	27892	35
"3004 Fredrikstad"	"Småhus"	"2020K2"	31357	38
"3004 Fredrikstad"	"Småhus"	"2020K3"	31788	50
"3004 Fredrikstad"	"Småhus"	"2020K4"	30367	40
"3004 Fredrikstad"	"Småhus"	"2021K1"	32862	26
"3004 Fredrikstad"	"Småhus"	"2021K2"	31828	60
"3004 Fredrikstad"	"Småhus"	"2021K3"	34024	45
"3004 Fredrikstad"	"Småhus"	"2021K4"	35254	48
"3004 Fredrikstad"	"Småhus"	"2022K1"	33124	28
"3004 Fredrikstad"	"Småhus"	"2022K2"	34517	51
"3004 Fredrikstad"	"Småhus"	"2022K3"	37155	34
"3004 Fredrikstad"	"Småhus"	"2022K4"	38685	21
"3004 Fredrikstad"	"Småhus"	"2023K1"	34877	22
"3004 Fredrikstad"	"Småhus"	"2023K2"	35766	43
"3004 Fredrikstad"	"Småhus"	"2023K3"	34106	35
"3004 Fredrikstad"	"Blokkleiligheter"	"2006K1"	.	.
"3004 Fredrikstad"	"Blokkleiligheter"	"2006K2"	.	.
"3004 Fredrikstad"	"Blokkleiligheter"	"2006K3"	.	.
"3004 Fredrikstad"	"Blokkleiligheter"	"2006K4"	.	.
"3004 Fredrikstad"	"Blokkleiligheter"	"2007K1"	.	.
"3004 Fredrikstad"	"Blokkleiligheter"	"2007K2"	.	.
"3004 Fredrikstad"	"Blokkleiligheter"	"2007K3"	.	.
"3004 Fredrikstad"	"Blokkleiligheter"	"2007K4"	.	.
"3004 Fredrikstad"	"Blokkleiligheter"	"2008K1"	.	.
"3004 Fredrikstad"	"Blokkleiligheter"	"2008K2"	.	.
"3004 Fredrikstad"	"Blokkleiligheter"	"2008K3"	.	.
"3004 Fredrikstad"	"Blokkleiligheter"	"2008K4"	.	.
"3004 Fredrikstad"	"Blokkleiligheter"	"2009K1"	.	.
"3004 Fredrikstad"	"Blokkleiligheter"	"2009K2"	.	.
"3004 Fredrikstad"	"Blokkleiligheter"	"2009K3"	.	.
"3004 Fredrikstad"	"Blokkleiligheter"	"2009K4"	.	.
"3004 Fredrikstad"	"Blokkleiligheter"	"2010K1"	.	.
"3004 Fredrikstad"	"Blokkleiligheter"	"2010K2"	.	.
"3004 Fredrikstad"	"Blokkleiligheter"	"2010K3"	.	.
"3004 Fredrikstad"	"Blokkleiligheter"	"2010K4"	.	.
"3004 Fredrikstad"	"Blokkleiligheter"	"2011K1"	.	.
"3004 Fredrikstad"	"Blokkleiligheter"	"2011K2"	.	.
"3004 Fredrikstad"	"Blokkleiligheter"	"2011K3"	.	.
"3004 Fredrikstad"	"Blokkleiligheter"	"2011K4"	.	.
"3004 Fredrikstad"	"Blokkleiligheter"	"2012K1"	.	.
"3004 Fredrikstad"	"Blokkleiligheter"	"2012K2"	.	.
"3004 Fredrikstad"	"Blokkleiligheter"	"2012K3"	.	.
"3004 Fredrikstad"	"Blokkleiligheter"	"2012K4"	.	.
"3004 Fredrikstad"	"Blokkleiligheter"	"2013K1"	.	.
"3004 Fredrikstad"	"Blokkleiligheter"	"2013K2"	.	.
"3004 Fredrikstad"	"Blokkleiligheter"	"2013K3"	.	.
"3004 Fredrikstad"	"Blokkleiligheter"	"2013K4"	.	.
"3004 Fredrikstad"	"Blokkleiligheter"	"2014K1"	.	.
"3004 Fredrikstad"	"Blokkleiligheter"	"2014K2"	.	.
"3004 Fredrikstad"	"Blokkleiligheter"	"2014K3"	.	.
"3004 Fredrikstad"	"Blokkleiligheter"	"2014K4"	.	.
"3004 Fredrikstad"	"Blokkleiligheter"	"2015K1"	.	.
"3004 Fredrikstad"	"Blokkleiligheter"	"2015K2"	.	.
"3004 Fredrikstad"	"Blokkleiligheter"	"2015K3"	.	.
"3004 Fredrikstad"	"Blokkleiligheter"	"2015K4"	.	.
"3004 Fredrikstad"	"Blokkleiligheter"	"2016K1"	.	.
"3004 Fredrikstad"	"Blokkleiligheter"	"2016K2"	.	.
"3004 Fredrikstad"	"Blokkleiligheter"	"2016K3"	.	.
"3004 Fredrikstad"	"Blokkleiligheter"	"2016K4"	.	.
"3004 Fredrikstad"	"Blokkleiligheter"	"2017K1"	.	.
"3004 Fredrikstad"	"Blokkleiligheter"	"2017K2"	.	.
"3004 Fredrikstad"	"Blokkleiligheter"	"2017K3"	.	.
"3004 Fredrikstad"	"Blokkleiligheter"	"2017K4"	.	.
"3004 Fredrikstad"	"Blokkleiligheter"	"2018K1"	.	.
"3004 Fredrikstad"	"Blokkleiligheter"	"2018K2"	.	.
"3004 Fredrikstad"	"Blokkleiligheter"	"2018K3"	.	.
"3004 Fredrikstad"	"Blokkleiligheter"	"2018K4"	.	.
"3004 Fredrikstad"	"Blokkleiligheter"	"2019K1"	.	.
"3004 Fredrikstad"	"Blokkleiligheter"	"2019K2"	.	.
"3004 Fredrikstad"	"Blokkleiligheter"	"2019K3"	.	.
"3004 Fredrikstad"	"Blokkleiligheter"	"2019K4"	.	.
"3004 Fredrikstad"	"Blokkleiligheter"	"2020K1"	42390	76
"3004 Fredrikstad"	"Blokkleiligheter"	"2020K2"	43665	91
"3004 Fredrikstad"	"Blokkleiligheter"	"2020K3"	46501	95
"3004 Fredrikstad"	"Blokkleiligheter"	"2020K4"	46372	63
"3004 Fredrikstad"	"Blokkleiligheter"	"2021K1"	45769	69
"3004 Fredrikstad"	"Blokkleiligheter"	"2021K2"	48409	102
"3004 Fredrikstad"	"Blokkleiligheter"	"2021K3"	49919	95
"3004 Fredrikstad"	"Blokkleiligheter"	"2021K4"	49701	83
"3004 Fredrikstad"	"Blokkleiligheter"	"2022K1"	55193	64
"3004 Fredrikstad"	"Blokkleiligheter"	"2022K2"	52248	99
"3004 Fredrikstad"	"Blokkleiligheter"	"2022K3"	56745	73
"3004 Fredrikstad"	"Blokkleiligheter"	"2022K4"	51854	69
"3004 Fredrikstad"	"Blokkleiligheter"	"2023K1"	52587	94
"3004 Fredrikstad"	"Blokkleiligheter"	"2023K2"	55763	81
"3004 Fredrikstad"	"Blokkleiligheter"	"2023K3"	54007	80
"3005 Drammen"	"Eneboliger"	"2006K1"	.	.
"3005 Drammen"	"Eneboliger"	"2006K2"	.	.
"3005 Drammen"	"Eneboliger"	"2006K3"	.	.
"3005 Drammen"	"Eneboliger"	"2006K4"	.	.
"3005 Drammen"	"Eneboliger"	"2007K1"	.	.
"3005 Drammen"	"Eneboliger"	"2007K2"	.	.
"3005 Drammen"	"Eneboliger"	"2007K3"	.	.
"3005 Drammen"	"Eneboliger"	"2007K4"	.	.
"3005 Drammen"	"Eneboliger"	"2008K1"	.	.
"3005 Drammen"	"Eneboliger"	"2008K2"	.	.
"3005 Drammen"	"Eneboliger"	"2008K3"	.	.
"3005 Drammen"	"Eneboliger"	"2008K4"	.	.
"3005 Drammen"	"Eneboliger"	"2009K1"	.	.
"3005 Drammen"	"Eneboliger"	"2009K2"	.	.
"3005 Drammen"	"Eneboliger"	"2009K3"	.	.
"3005 Drammen"	"Eneboliger"	"2009K4"	.	.
"3005 Drammen"	"Eneboliger"	"2010K1"	.	.
"3005 Drammen"	"Eneboliger"	"2010K2"	.	.
"3005 Drammen"	"Eneboliger"	"2010K3"	.	.
"3005 Drammen"	"Eneboliger"	"2010K4"	.	.
"3005 Drammen"	"Eneboliger"	"2011K1"	.	.
"3005 Drammen"	"Eneboliger"	"2011K2"	.	.
"3005 Drammen"	"Eneboliger"	"2011K3"	.	.
"3005 Drammen"	"Eneboliger"	"2011K4"	.	.
"3005 Drammen"	"Eneboliger"	"2012K1"	.	.
"3005 Drammen"	"Eneboliger"	"2012K2"	.	.
"3005 Drammen"	"Eneboliger"	"2012K3"	.	.
"3005 Drammen"	"Eneboliger"	"2012K4"	.	.
"3005 Drammen"	"Eneboliger"	"2013K1"	.	.
"3005 Drammen"	"Eneboliger"	"2013K2"	.	.
"3005 Drammen"	"Eneboliger"	"2013K3"	.	.
"3005 Drammen"	"Eneboliger"	"2013K4"	.	.
"3005 Drammen"	"Eneboliger"	"2014K1"	.	.
"3005 Drammen"	"Eneboliger"	"2014K2"	.	.
"3005 Drammen"	"Eneboliger"	"2014K3"	.	.
"3005 Drammen"	"Eneboliger"	"2014K4"	.	.
"3005 Drammen"	"Eneboliger"	"2015K1"	.	.
"3005 Drammen"	"Eneboliger"	"2015K2"	.	.
"3005 Drammen"	"Eneboliger"	"2015K3"	.	.
"3005 Drammen"	"Eneboliger"	"2015K4"	.	.
"3005 Drammen"	"Eneboliger"	"2016K1"	.	.
"3005 Drammen"	"Eneboliger"	"2016K2"	.	.
"3005 Drammen"	"Eneboliger"	"2016K3"	.	.
"3005 Drammen"	"Eneboliger"	"2016K4"	.	.
"3005 Drammen"	"Eneboliger"	"2017K1"	.	.
"3005 Drammen"	"Eneboliger"	"2017K2"	.	.
"3005 Drammen"	"Eneboliger"	"2017K3"	.	.
"3005 Drammen"	"Eneboliger"	"2017K4"	.	.
"3005 Drammen"	"Eneboliger"	"2018K1"	.	.
"3005 Drammen"	"Eneboliger"	"2018K2"	.	.
"3005 Drammen"	"Eneboliger"	"2018K3"	.	.
"3005 Drammen"	"Eneboliger"	"2018K4"	.	.
"3005 Drammen"	"Eneboliger"	"2019K1"	.	.
"3005 Drammen"	"Eneboliger"	"2019K2"	.	.
"3005 Drammen"	"Eneboliger"	"2019K3"	.	.
"3005 Drammen"	"Eneboliger"	"2019K4"	.	.
"3005 Drammen"	"Eneboliger"	"2020K1"	29727	98
"3005 Drammen"	"Eneboliger"	"2020K2"	31084	178
"3005 Drammen"	"Eneboliger"	"2020K3"	31695	169
"3005 Drammen"	"Eneboliger"	"2020K4"	32318	123
"3005 Drammen"	"Eneboliger"	"2021K1"	34660	112
"3005 Drammen"	"Eneboliger"	"2021K2"	36650	194
"3005 Drammen"	"Eneboliger"	"2021K3"	35574	118
"3005 Drammen"	"Eneboliger"	"2021K4"	34067	132
"3005 Drammen"	"Eneboliger"	"2022K1"	36280	94
"3005 Drammen"	"Eneboliger"	"2022K2"	37889	203
"3005 Drammen"	"Eneboliger"	"2022K3"	36387	114
"3005 Drammen"	"Eneboliger"	"2022K4"	36618	111
"3005 Drammen"	"Eneboliger"	"2023K1"	36002	92
"3005 Drammen"	"Eneboliger"	"2023K2"	36807	166
"3005 Drammen"	"Eneboliger"	"2023K3"	36372	116
"3005 Drammen"	"Småhus"	"2006K1"	.	.
"3005 Drammen"	"Småhus"	"2006K2"	.	.
"3005 Drammen"	"Småhus"	"2006K3"	.	.
"3005 Drammen"	"Småhus"	"2006K4"	.	.
"3005 Drammen"	"Småhus"	"2007K1"	.	.
"3005 Drammen"	"Småhus"	"2007K2"	.	.
"3005 Drammen"	"Småhus"	"2007K3"	.	.
"3005 Drammen"	"Småhus"	"2007K4"	.	.
"3005 Drammen"	"Småhus"	"2008K1"	.	.
"3005 Drammen"	"Småhus"	"2008K2"	.	.
"3005 Drammen"	"Småhus"	"2008K3"	.	.
"3005 Drammen"	"Småhus"	"2008K4"	.	.
"3005 Drammen"	"Småhus"	"2009K1"	.	.
"3005 Drammen"	"Småhus"	"2009K2"	.	.
"3005 Drammen"	"Småhus"	"2009K3"	.	.
"3005 Drammen"	"Småhus"	"2009K4"	.	.
"3005 Drammen"	"Småhus"	"2010K1"	.	.
"3005 Drammen"	"Småhus"	"2010K2"	.	.
"3005 Drammen"	"Småhus"	"2010K3"	.	.
"3005 Drammen"	"Småhus"	"2010K4"	.	.
"3005 Drammen"	"Småhus"	"2011K1"	.	.
"3005 Drammen"	"Småhus"	"2011K2"	.	.
"3005 Drammen"	"Småhus"	"2011K3"	.	.
"3005 Drammen"	"Småhus"	"2011K4"	.	.
"3005 Drammen"	"Småhus"	"2012K1"	.	.
"3005 Drammen"	"Småhus"	"2012K2"	.	.
"3005 Drammen"	"Småhus"	"2012K3"	.	.
"3005 Drammen"	"Småhus"	"2012K4"	.	.
"3005 Drammen"	"Småhus"	"2013K1"	.	.
"3005 Drammen"	"Småhus"	"2013K2"	.	.
"3005 Drammen"	"Småhus"	"2013K3"	.	.
"3005 Drammen"	"Småhus"	"2013K4"	.	.
"3005 Drammen"	"Småhus"	"2014K1"	.	.
"3005 Drammen"	"Småhus"	"2014K2"	.	.
"3005 Drammen"	"Småhus"	"2014K3"	.	.
"3005 Drammen"	"Småhus"	"2014K4"	.	.
"3005 Drammen"	"Småhus"	"2015K1"	.	.
"3005 Drammen"	"Småhus"	"2015K2"	.	.
"3005 Drammen"	"Småhus"	"2015K3"	.	.
"3005 Drammen"	"Småhus"	"2015K4"	.	.
"3005 Drammen"	"Småhus"	"2016K1"	.	.
"3005 Drammen"	"Småhus"	"2016K2"	.	.
"3005 Drammen"	"Småhus"	"2016K3"	.	.
"3005 Drammen"	"Småhus"	"2016K4"	.	.
"3005 Drammen"	"Småhus"	"2017K1"	.	.
"3005 Drammen"	"Småhus"	"2017K2"	.	.
"3005 Drammen"	"Småhus"	"2017K3"	.	.
"3005 Drammen"	"Småhus"	"2017K4"	.	.
"3005 Drammen"	"Småhus"	"2018K1"	.	.
"3005 Drammen"	"Småhus"	"2018K2"	.	.
"3005 Drammen"	"Småhus"	"2018K3"	.	.
"3005 Drammen"	"Småhus"	"2018K4"	.	.
"3005 Drammen"	"Småhus"	"2019K1"	.	.
"3005 Drammen"	"Småhus"	"2019K2"	.	.
"3005 Drammen"	"Småhus"	"2019K3"	.	.
"3005 Drammen"	"Småhus"	"2019K4"	.	.
"3005 Drammen"	"Småhus"	"2020K1"	29399	60
"3005 Drammen"	"Småhus"	"2020K2"	31877	81
"3005 Drammen"	"Småhus"	"2020K3"	33015	58
"3005 Drammen"	"Småhus"	"2020K4"	34687	70
"3005 Drammen"	"Småhus"	"2021K1"	34817	40
"3005 Drammen"	"Småhus"	"2021K2"	36883	89
"3005 Drammen"	"Småhus"	"2021K3"	36180	68
"3005 Drammen"	"Småhus"	"2021K4"	37957	58
"3005 Drammen"	"Småhus"	"2022K1"	40446	41
"3005 Drammen"	"Småhus"	"2022K2"	40371	81
"3005 Drammen"	"Småhus"	"2022K3"	40896	50
"3005 Drammen"	"Småhus"	"2022K4"	35721	39
"3005 Drammen"	"Småhus"	"2023K1"	40495	60
"3005 Drammen"	"Småhus"	"2023K2"	36984	72
"3005 Drammen"	"Småhus"	"2023K3"	38424	49
"3005 Drammen"	"Blokkleiligheter"	"2006K1"	.	.
"3005 Drammen"	"Blokkleiligheter"	"2006K2"	.	.
"3005 Drammen"	"Blokkleiligheter"	"2006K3"	.	.
"3005 Drammen"	"Blokkleiligheter"	"2006K4"	.	.
"3005 Drammen"	"Blokkleiligheter"	"2007K1"	.	.
"3005 Drammen"	"Blokkleiligheter"	"2007K2"	.	.
"3005 Drammen"	"Blokkleiligheter"	"2007K3"	.	.
"3005 Drammen"	"Blokkleiligheter"	"2007K4"	.	.
"3005 Drammen"	"Blokkleiligheter"	"2008K1"	.	.
"3005 Drammen"	"Blokkleiligheter"	"2008K2"	.	.
"3005 Drammen"	"Blokkleiligheter"	"2008K3"	.	.
"3005 Drammen"	"Blokkleiligheter"	"2008K4"	.	.
"3005 Drammen"	"Blokkleiligheter"	"2009K1"	.	.
"3005 Drammen"	"Blokkleiligheter"	"2009K2"	.	.
"3005 Drammen"	"Blokkleiligheter"	"2009K3"	.	.
"3005 Drammen"	"Blokkleiligheter"	"2009K4"	.	.
"3005 Drammen"	"Blokkleiligheter"	"2010K1"	.	.
"3005 Drammen"	"Blokkleiligheter"	"2010K2"	.	.
"3005 Drammen"	"Blokkleiligheter"	"2010K3"	.	.
"3005 Drammen"	"Blokkleiligheter"	"2010K4"	.	.
"3005 Drammen"	"Blokkleiligheter"	"2011K1"	.	.
"3005 Drammen"	"Blokkleiligheter"	"2011K2"	.	.
"3005 Drammen"	"Blokkleiligheter"	"2011K3"	.	.
"3005 Drammen"	"Blokkleiligheter"	"2011K4"	.	.
"3005 Drammen"	"Blokkleiligheter"	"2012K1"	.	.
"3005 Drammen"	"Blokkleiligheter"	"2012K2"	.	.
"3005 Drammen"	"Blokkleiligheter"	"2012K3"	.	.
"3005 Drammen"	"Blokkleiligheter"	"2012K4"	.	.
"3005 Drammen"	"Blokkleiligheter"	"2013K1"	.	.
"3005 Drammen"	"Blokkleiligheter"	"2013K2"	.	.
"3005 Drammen"	"Blokkleiligheter"	"2013K3"	.	.
"3005 Drammen"	"Blokkleiligheter"	"2013K4"	.	.
"3005 Drammen"	"Blokkleiligheter"	"2014K1"	.	.
"3005 Drammen"	"Blokkleiligheter"	"2014K2"	.	.
"3005 Drammen"	"Blokkleiligheter"	"2014K3"	.	.
"3005 Drammen"	"Blokkleiligheter"	"2014K4"	.	.
"3005 Drammen"	"Blokkleiligheter"	"2015K1"	.	.
"3005 Drammen"	"Blokkleiligheter"	"2015K2"	.	.
"3005 Drammen"	"Blokkleiligheter"	"2015K3"	.	.
"3005 Drammen"	"Blokkleiligheter"	"2015K4"	.	.
"3005 Drammen"	"Blokkleiligheter"	"2016K1"	.	.
"3005 Drammen"	"Blokkleiligheter"	"2016K2"	.	.
"3005 Drammen"	"Blokkleiligheter"	"2016K3"	.	.
"3005 Drammen"	"Blokkleiligheter"	"2016K4"	.	.
"3005 Drammen"	"Blokkleiligheter"	"2017K1"	.	.
"3005 Drammen"	"Blokkleiligheter"	"2017K2"	.	.
"3005 Drammen"	"Blokkleiligheter"	"2017K3"	.	.
"3005 Drammen"	"Blokkleiligheter"	"2017K4"	.	.
"3005 Drammen"	"Blokkleiligheter"	"2018K1"	.	.
"3005 Drammen"	"Blokkleiligheter"	"2018K2"	.	.
"3005 Drammen"	"Blokkleiligheter"	"2018K3"	.	.
"3005 Drammen"	"Blokkleiligheter"	"2018K4"	.	.
"3005 Drammen"	"Blokkleiligheter"	"2019K1"	.	.
"3005 Drammen"	"Blokkleiligheter"	"2019K2"	.	.
"3005 Drammen"	"Blokkleiligheter"	"2019K3"	.	.
"3005 Drammen"	"Blokkleiligheter"	"2019K4"	.	.
"3005 Drammen"	"Blokkleiligheter"	"2020K1"	51465	114
"3005 Drammen"	"Blokkleiligheter"	"2020K2"	51931	129
"3005 Drammen"	"Blokkleiligheter"	"2020K3"	52853	129
"3005 Drammen"	"Blokkleiligheter"	"2020K4"	50358	141
"3005 Drammen"	"Blokkleiligheter"	"2021K1"	56737	148
"3005 Drammen"	"Blokkleiligheter"	"2021K2"	55477	157
"3005 Drammen"	"Blokkleiligheter"	"2021K3"	56510	144
"3005 Drammen"	"Blokkleiligheter"	"2021K4"	56381	132
"3005 Drammen"	"Blokkleiligheter"	"2022K1"	63492	112
"3005 Drammen"	"Blokkleiligheter"	"2022K2"	63075	152
"3005 Drammen"	"Blokkleiligheter"	"2022K3"	59440	114
"3005 Drammen"	"Blokkleiligheter"	"2022K4"	58751	100
"3005 Drammen"	"Blokkleiligheter"	"2023K1"	60975	138
"3005 Drammen"	"Blokkleiligheter"	"2023K2"	62406	122
"3005 Drammen"	"Blokkleiligheter"	"2023K3"	60737	128
"3006 Kongsberg"	"Eneboliger"	"2006K1"	.	.
"3006 Kongsberg"	"Eneboliger"	"2006K2"	.	.
"3006 Kongsberg"	"Eneboliger"	"2006K3"	.	.
"3006 Kongsberg"	"Eneboliger"	"2006K4"	.	.
"3006 Kongsberg"	"Eneboliger"	"2007K1"	.	.
"3006 Kongsberg"	"Eneboliger"	"2007K2"	.	.
"3006 Kongsberg"	"Eneboliger"	"2007K3"	.	.
"3006 Kongsberg"	"Eneboliger"	"2007K4"	.	.
"3006 Kongsberg"	"Eneboliger"	"2008K1"	.	.
"3006 Kongsberg"	"Eneboliger"	"2008K2"	.	.
"3006 Kongsberg"	"Eneboliger"	"2008K3"	.	.
"3006 Kongsberg"	"Eneboliger"	"2008K4"	.	.
"3006 Kongsberg"	"Eneboliger"	"2009K1"	.	.
"3006 Kongsberg"	"Eneboliger"	"2009K2"	.	.
"3006 Kongsberg"	"Eneboliger"	"2009K3"	.	.
"3006 Kongsberg"	"Eneboliger"	"2009K4"	.	.
"3006 Kongsberg"	"Eneboliger"	"2010K1"	.	.
"3006 Kongsberg"	"Eneboliger"	"2010K2"	.	.
"3006 Kongsberg"	"Eneboliger"	"2010K3"	.	.
"3006 Kongsberg"	"Eneboliger"	"2010K4"	.	.
"3006 Kongsberg"	"Eneboliger"	"2011K1"	.	.
"3006 Kongsberg"	"Eneboliger"	"2011K2"	.	.
"3006 Kongsberg"	"Eneboliger"	"2011K3"	.	.
"3006 Kongsberg"	"Eneboliger"	"2011K4"	.	.
"3006 Kongsberg"	"Eneboliger"	"2012K1"	.	.
"3006 Kongsberg"	"Eneboliger"	"2012K2"	.	.
"3006 Kongsberg"	"Eneboliger"	"2012K3"	.	.
"3006 Kongsberg"	"Eneboliger"	"2012K4"	.	.
"3006 Kongsberg"	"Eneboliger"	"2013K1"	.	.
"3006 Kongsberg"	"Eneboliger"	"2013K2"	.	.
"3006 Kongsberg"	"Eneboliger"	"2013K3"	.	.
"3006 Kongsberg"	"Eneboliger"	"2013K4"	.	.
"3006 Kongsberg"	"Eneboliger"	"2014K1"	.	.
"3006 Kongsberg"	"Eneboliger"	"2014K2"	.	.
"3006 Kongsberg"	"Eneboliger"	"2014K3"	.	.
"3006 Kongsberg"	"Eneboliger"	"2014K4"	.	.
"3006 Kongsberg"	"Eneboliger"	"2015K1"	.	.
"3006 Kongsberg"	"Eneboliger"	"2015K2"	.	.
"3006 Kongsberg"	"Eneboliger"	"2015K3"	.	.
"3006 Kongsberg"	"Eneboliger"	"2015K4"	.	.
"3006 Kongsberg"	"Eneboliger"	"2016K1"	.	.
"3006 Kongsberg"	"Eneboliger"	"2016K2"	.	.
"3006 Kongsberg"	"Eneboliger"	"2016K3"	.	.
"3006 Kongsberg"	"Eneboliger"	"2016K4"	.	.
"3006 Kongsberg"	"Eneboliger"	"2017K1"	.	.
"3006 Kongsberg"	"Eneboliger"	"2017K2"	.	.
"3006 Kongsberg"	"Eneboliger"	"2017K3"	.	.
"3006 Kongsberg"	"Eneboliger"	"2017K4"	.	.
"3006 Kongsberg"	"Eneboliger"	"2018K1"	.	.
"3006 Kongsberg"	"Eneboliger"	"2018K2"	.	.
"3006 Kongsberg"	"Eneboliger"	"2018K3"	.	.
"3006 Kongsberg"	"Eneboliger"	"2018K4"	.	.
"3006 Kongsberg"	"Eneboliger"	"2019K1"	.	.
"3006 Kongsberg"	"Eneboliger"	"2019K2"	.	.
"3006 Kongsberg"	"Eneboliger"	"2019K3"	.	.
"3006 Kongsberg"	"Eneboliger"	"2019K4"	.	.
"3006 Kongsberg"	"Eneboliger"	"2020K1"	23638	27
"3006 Kongsberg"	"Eneboliger"	"2020K2"	23693	51
"3006 Kongsberg"	"Eneboliger"	"2020K3"	26543	49
"3006 Kongsberg"	"Eneboliger"	"2020K4"	26341	43
"3006 Kongsberg"	"Eneboliger"	"2021K1"	28529	31
"3006 Kongsberg"	"Eneboliger"	"2021K2"	27552	57
"3006 Kongsberg"	"Eneboliger"	"2021K3"	28902	41
"3006 Kongsberg"	"Eneboliger"	"2021K4"	26639	57
"3006 Kongsberg"	"Eneboliger"	"2022K1"	28439	29
"3006 Kongsberg"	"Eneboliger"	"2022K2"	31624	57
"3006 Kongsberg"	"Eneboliger"	"2022K3"	29033	53
"3006 Kongsberg"	"Eneboliger"	"2022K4"	29166	36
"3006 Kongsberg"	"Eneboliger"	"2023K1"	29635	37
"3006 Kongsberg"	"Eneboliger"	"2023K2"	30400	46
"3006 Kongsberg"	"Eneboliger"	"2023K3"	31231	47
"3006 Kongsberg"	"Småhus"	"2006K1"	.	.
"3006 Kongsberg"	"Småhus"	"2006K2"	.	.
"3006 Kongsberg"	"Småhus"	"2006K3"	.	.
"3006 Kongsberg"	"Småhus"	"2006K4"	.	.
"3006 Kongsberg"	"Småhus"	"2007K1"	.	.
"3006 Kongsberg"	"Småhus"	"2007K2"	.	.
"3006 Kongsberg"	"Småhus"	"2007K3"	.	.
"3006 Kongsberg"	"Småhus"	"2007K4"	.	.
"3006 Kongsberg"	"Småhus"	"2008K1"	.	.
"3006 Kongsberg"	"Småhus"	"2008K2"	.	.
"3006 Kongsberg"	"Småhus"	"2008K3"	.	.
"3006 Kongsberg"	"Småhus"	"2008K4"	.	.
"3006 Kongsberg"	"Småhus"	"2009K1"	.	.
"3006 Kongsberg"	"Småhus"	"2009K2"	.	.
"3006 Kongsberg"	"Småhus"	"2009K3"	.	.
"3006 Kongsberg"	"Småhus"	"2009K4"	.	.
"3006 Kongsberg"	"Småhus"	"2010K1"	.	.
"3006 Kongsberg"	"Småhus"	"2010K2"	.	.
"3006 Kongsberg"	"Småhus"	"2010K3"	.	.
"3006 Kongsberg"	"Småhus"	"2010K4"	.	.
"3006 Kongsberg"	"Småhus"	"2011K1"	.	.
"3006 Kongsberg"	"Småhus"	"2011K2"	.	.
"3006 Kongsberg"	"Småhus"	"2011K3"	.	.
"3006 Kongsberg"	"Småhus"	"2011K4"	.	.
"3006 Kongsberg"	"Småhus"	"2012K1"	.	.
"3006 Kongsberg"	"Småhus"	"2012K2"	.	.
"3006 Kongsberg"	"Småhus"	"2012K3"	.	.
"3006 Kongsberg"	"Småhus"	"2012K4"	.	.
"3006 Kongsberg"	"Småhus"	"2013K1"	.	.
"3006 Kongsberg"	"Småhus"	"2013K2"	.	.
"3006 Kongsberg"	"Småhus"	"2013K3"	.	.
"3006 Kongsberg"	"Småhus"	"2013K4"	.	.
"3006 Kongsberg"	"Småhus"	"2014K1"	.	.
"3006 Kongsberg"	"Småhus"	"2014K2"	.	.
"3006 Kongsberg"	"Småhus"	"2014K3"	.	.
"3006 Kongsberg"	"Småhus"	"2014K4"	.	.
"3006 Kongsberg"	"Småhus"	"2015K1"	.	.
"3006 Kongsberg"	"Småhus"	"2015K2"	.	.
"3006 Kongsberg"	"Småhus"	"2015K3"	.	.
"3006 Kongsberg"	"Småhus"	"2015K4"	.	.
"3006 Kongsberg"	"Småhus"	"2016K1"	.	.
"3006 Kongsberg"	"Småhus"	"2016K2"	.	.
"3006 Kongsberg"	"Småhus"	"2016K3"	.	.
"3006 Kongsberg"	"Småhus"	"2016K4"	.	.
"3006 Kongsberg"	"Småhus"	"2017K1"	.	.
"3006 Kongsberg"	"Småhus"	"2017K2"	.	.
"3006 Kongsberg"	"Småhus"	"2017K3"	.	.
"3006 Kongsberg"	"Småhus"	"2017K4"	.	.
"3006 Kongsberg"	"Småhus"	"2018K1"	.	.
"3006 Kongsberg"	"Småhus"	"2018K2"	.	.
"3006 Kongsberg"	"Småhus"	"2018K3"	.	.
"3006 Kongsberg"	"Småhus"	"2018K4"	.	.
"3006 Kongsberg"	"Småhus"	"2019K1"	.	.
"3006 Kongsberg"	"Småhus"	"2019K2"	.	.
"3006 Kongsberg"	"Småhus"	"2019K3"	.	.
"3006 Kongsberg"	"Småhus"	"2019K4"	.	.
"3006 Kongsberg"	"Småhus"	"2020K1"	28235	13
"3006 Kongsberg"	"Småhus"	"2020K2"	26230	20
"3006 Kongsberg"	"Småhus"	"2020K3"	28637	14
"3006 Kongsberg"	"Småhus"	"2020K4"	28113	12
"3006 Kongsberg"	"Småhus"	"2021K1"	29511	14
"3006 Kongsberg"	"Småhus"	"2021K2"	29901	22
"3006 Kongsberg"	"Småhus"	"2021K3"	35917	12
"3006 Kongsberg"	"Småhus"	"2021K4"	..	9
"3006 Kongsberg"	"Småhus"	"2022K1"	35143	15
"3006 Kongsberg"	"Småhus"	"2022K2"	31783	22
"3006 Kongsberg"	"Småhus"	"2022K3"	32201	17
"3006 Kongsberg"	"Småhus"	"2022K4"	33834	13
"3006 Kongsberg"	"Småhus"	"2023K1"	38006	10
"3006 Kongsberg"	"Småhus"	"2023K2"	30270	16
"3006 Kongsberg"	"Småhus"	"2023K3"	34081	15
"3006 Kongsberg"	"Blokkleiligheter"	"2006K1"	.	.
"3006 Kongsberg"	"Blokkleiligheter"	"2006K2"	.	.
"3006 Kongsberg"	"Blokkleiligheter"	"2006K3"	.	.
"3006 Kongsberg"	"Blokkleiligheter"	"2006K4"	.	.
"3006 Kongsberg"	"Blokkleiligheter"	"2007K1"	.	.
"3006 Kongsberg"	"Blokkleiligheter"	"2007K2"	.	.
"3006 Kongsberg"	"Blokkleiligheter"	"2007K3"	.	.
"3006 Kongsberg"	"Blokkleiligheter"	"2007K4"	.	.
"3006 Kongsberg"	"Blokkleiligheter"	"2008K1"	.	.
"3006 Kongsberg"	"Blokkleiligheter"	"2008K2"	.	.
"3006 Kongsberg"	"Blokkleiligheter"	"2008K3"	.	.
"3006 Kongsberg"	"Blokkleiligheter"	"2008K4"	.	.
"3006 Kongsberg"	"Blokkleiligheter"	"2009K1"	.	.
"3006 Kongsberg"	"Blokkleiligheter"	"2009K2"	.	.
"3006 Kongsberg"	"Blokkleiligheter"	"2009K3"	.	.
"3006 Kongsberg"	"Blokkleiligheter"	"2009K4"	.	.
"3006 Kongsberg"	"Blokkleiligheter"	"2010K1"	.	.
"3006 Kongsberg"	"Blokkleiligheter"	"2010K2"	.	.
"3006 Kongsberg"	"Blokkleiligheter"	"2010K3"	.	.
"3006 Kongsberg"	"Blokkleiligheter"	"2010K4"	.	.
"3006 Kongsberg"	"Blokkleiligheter"	"2011K1"	.	.
"3006 Kongsberg"	"Blokkleiligheter"	"2011K2"	.	.
"3006 Kongsberg"	"Blokkleiligheter"	"2011K3"	.	.
"3006 Kongsberg"	"Blokkleiligheter"	"2011K4"	.	.
"3006 Kongsberg"	"Blokkleiligheter"	"2012K1"	.	.
"3006 Kongsberg"	"Blokkleiligheter"	"2012K2"	.	.
"3006 Kongsberg"	"Blokkleiligheter"	"2012K3"	.	.
"3006 Kongsberg"	"Blokkleiligheter"	"2012K4"	.	.
"3006 Kongsberg"	"Blokkleiligheter"	"2013K1"	.	.
"3006 Kongsberg"	"Blokkleiligheter"	"2013K2"	.	.
"3006 Kongsberg"	"Blokkleiligheter"	"2013K3"	.	.
"3006 Kongsberg"	"Blokkleiligheter"	"2013K4"	.	.
"3006 Kongsberg"	"Blokkleiligheter"	"2014K1"	.	.
"3006 Kongsberg"	"Blokkleiligheter"	"2014K2"	.	.
"3006 Kongsberg"	"Blokkleiligheter"	"2014K3"	.	.
"3006 Kongsberg"	"Blokkleiligheter"	"2014K4"	.	.
"3006 Kongsberg"	"Blokkleiligheter"	"2015K1"	.	.
"3006 Kongsberg"	"Blokkleiligheter"	"2015K2"	.	.
"3006 Kongsberg"	"Blokkleiligheter"	"2015K3"	.	.
"3006 Kongsberg"	"Blokkleiligheter"	"2015K4"	.	.
"3006 Kongsberg"	"Blokkleiligheter"	"2016K1"	.	.
"3006 Kongsberg"	"Blokkleiligheter"	"2016K2"	.	.
"3006 Kongsberg"	"Blokkleiligheter"	"2016K3"	.	.
"3006 Kongsberg"	"Blokkleiligheter"	"2016K4"	.	.
"3006 Kongsberg"	"Blokkleiligheter"	"2017K1"	.	.
"3006 Kongsberg"	"Blokkleiligheter"	"2017K2"	.	.
"3006 Kongsberg"	"Blokkleiligheter"	"2017K3"	.	.
"3006 Kongsberg"	"Blokkleiligheter"	"2017K4"	.	.
"3006 Kongsberg"	"Blokkleiligheter"	"2018K1"	.	.
"3006 Kongsberg"	"Blokkleiligheter"	"2018K2"	.	.
"3006 Kongsberg"	"Blokkleiligheter"	"2018K3"	.	.
"3006 Kongsberg"	"Blokkleiligheter"	"2018K4"	.	.
"3006 Kongsberg"	"Blokkleiligheter"	"2019K1"	.	.
"3006 Kongsberg"	"Blokkleiligheter"	"2019K2"	.	.
"3006 Kongsberg"	"Blokkleiligheter"	"2019K3"	.	.
"3006 Kongsberg"	"Blokkleiligheter"	"2019K4"	.	.
"3006 Kongsberg"	"Blokkleiligheter"	"2020K1"	36289	27
"3006 Kongsberg"	"Blokkleiligheter"	"2020K2"	38956	31
"3006 Kongsberg"	"Blokkleiligheter"	"2020K3"	37897	35
"3006 Kongsberg"	"Blokkleiligheter"	"2020K4"	36083	19
"3006 Kongsberg"	"Blokkleiligheter"	"2021K1"	46614	24
"3006 Kongsberg"	"Blokkleiligheter"	"2021K2"	42749	39
"3006 Kongsberg"	"Blokkleiligheter"	"2021K3"	37996	40
"3006 Kongsberg"	"Blokkleiligheter"	"2021K4"	41133	23
"3006 Kongsberg"	"Blokkleiligheter"	"2022K1"	43579	23
"3006 Kongsberg"	"Blokkleiligheter"	"2022K2"	42639	37
"3006 Kongsberg"	"Blokkleiligheter"	"2022K3"	46754	30
"3006 Kongsberg"	"Blokkleiligheter"	"2022K4"	46069	21
"3006 Kongsberg"	"Blokkleiligheter"	"2023K1"	45909	28
"3006 Kongsberg"	"Blokkleiligheter"	"2023K2"	50781	34
"3006 Kongsberg"	"Blokkleiligheter"	"2023K3"	48258	29
"3007 Ringerike"	"Eneboliger"	"2006K1"	.	.
"3007 Ringerike"	"Eneboliger"	"2006K2"	.	.
"3007 Ringerike"	"Eneboliger"	"2006K3"	.	.
"3007 Ringerike"	"Eneboliger"	"2006K4"	.	.
"3007 Ringerike"	"Eneboliger"	"2007K1"	.	.
"3007 Ringerike"	"Eneboliger"	"2007K2"	.	.
"3007 Ringerike"	"Eneboliger"	"2007K3"	.	.
"3007 Ringerike"	"Eneboliger"	"2007K4"	.	.
"3007 Ringerike"	"Eneboliger"	"2008K1"	.	.
"3007 Ringerike"	"Eneboliger"	"2008K2"	.	.
"3007 Ringerike"	"Eneboliger"	"2008K3"	.	.
"3007 Ringerike"	"Eneboliger"	"2008K4"	.	.
"3007 Ringerike"	"Eneboliger"	"2009K1"	.	.
"3007 Ringerike"	"Eneboliger"	"2009K2"	.	.
"3007 Ringerike"	"Eneboliger"	"2009K3"	.	.
"3007 Ringerike"	"Eneboliger"	"2009K4"	.	.
"3007 Ringerike"	"Eneboliger"	"2010K1"	.	.
"3007 Ringerike"	"Eneboliger"	"2010K2"	.	.
"3007 Ringerike"	"Eneboliger"	"2010K3"	.	.
"3007 Ringerike"	"Eneboliger"	"2010K4"	.	.
"3007 Ringerike"	"Eneboliger"	"2011K1"	.	.
"3007 Ringerike"	"Eneboliger"	"2011K2"	.	.
"3007 Ringerike"	"Eneboliger"	"2011K3"	.	.
"3007 Ringerike"	"Eneboliger"	"2011K4"	.	.
"3007 Ringerike"	"Eneboliger"	"2012K1"	.	.
"3007 Ringerike"	"Eneboliger"	"2012K2"	.	.
"3007 Ringerike"	"Eneboliger"	"2012K3"	.	.
"3007 Ringerike"	"Eneboliger"	"2012K4"	.	.
"3007 Ringerike"	"Eneboliger"	"2013K1"	.	.
"3007 Ringerike"	"Eneboliger"	"2013K2"	.	.
"3007 Ringerike"	"Eneboliger"	"2013K3"	.	.
"3007 Ringerike"	"Eneboliger"	"2013K4"	.	.
"3007 Ringerike"	"Eneboliger"	"2014K1"	.	.
"3007 Ringerike"	"Eneboliger"	"2014K2"	.	.
"3007 Ringerike"	"Eneboliger"	"2014K3"	.	.
"3007 Ringerike"	"Eneboliger"	"2014K4"	.	.
"3007 Ringerike"	"Eneboliger"	"2015K1"	.	.
"3007 Ringerike"	"Eneboliger"	"2015K2"	.	.
"3007 Ringerike"	"Eneboliger"	"2015K3"	.	.
"3007 Ringerike"	"Eneboliger"	"2015K4"	.	.
"3007 Ringerike"	"Eneboliger"	"2016K1"	.	.
"3007 Ringerike"	"Eneboliger"	"2016K2"	.	.
"3007 Ringerike"	"Eneboliger"	"2016K3"	.	.
"3007 Ringerike"	"Eneboliger"	"2016K4"	.	.
"3007 Ringerike"	"Eneboliger"	"2017K1"	.	.
"3007 Ringerike"	"Eneboliger"	"2017K2"	.	.
"3007 Ringerike"	"Eneboliger"	"2017K3"	.	.
"3007 Ringerike"	"Eneboliger"	"2017K4"	.	.
"3007 Ringerike"	"Eneboliger"	"2018K1"	.	.
"3007 Ringerike"	"Eneboliger"	"2018K2"	.	.
"3007 Ringerike"	"Eneboliger"	"2018K3"	.	.
"3007 Ringerike"	"Eneboliger"	"2018K4"	.	.
"3007 Ringerike"	"Eneboliger"	"2019K1"	.	.
"3007 Ringerike"	"Eneboliger"	"2019K2"	.	.
"3007 Ringerike"	"Eneboliger"	"2019K3"	.	.
"3007 Ringerike"	"Eneboliger"	"2019K4"	.	.
"3007 Ringerike"	"Eneboliger"	"2020K1"	22453	46
"3007 Ringerike"	"Eneboliger"	"2020K2"	22631	56
"3007 Ringerike"	"Eneboliger"	"2020K3"	24083	73
"3007 Ringerike"	"Eneboliger"	"2020K4"	23484	45
"3007 Ringerike"	"Eneboliger"	"2021K1"	25295	51
"3007 Ringerike"	"Eneboliger"	"2021K2"	27356	76
"3007 Ringerike"	"Eneboliger"	"2021K3"	26101	50
"3007 Ringerike"	"Eneboliger"	"2021K4"	28536	30
"3007 Ringerike"	"Eneboliger"	"2022K1"	29222	37
"3007 Ringerike"	"Eneboliger"	"2022K2"	28324	63
"3007 Ringerike"	"Eneboliger"	"2022K3"	25343	50
"3007 Ringerike"	"Eneboliger"	"2022K4"	25265	22
"3007 Ringerike"	"Eneboliger"	"2023K1"	27361	39
"3007 Ringerike"	"Eneboliger"	"2023K2"	29367	56
"3007 Ringerike"	"Eneboliger"	"2023K3"	24426	62
"3007 Ringerike"	"Småhus"	"2006K1"	.	.
"3007 Ringerike"	"Småhus"	"2006K2"	.	.
"3007 Ringerike"	"Småhus"	"2006K3"	.	.
"3007 Ringerike"	"Småhus"	"2006K4"	.	.
"3007 Ringerike"	"Småhus"	"2007K1"	.	.
"3007 Ringerike"	"Småhus"	"2007K2"	.	.
"3007 Ringerike"	"Småhus"	"2007K3"	.	.
"3007 Ringerike"	"Småhus"	"2007K4"	.	.
"3007 Ringerike"	"Småhus"	"2008K1"	.	.
"3007 Ringerike"	"Småhus"	"2008K2"	.	.
"3007 Ringerike"	"Småhus"	"2008K3"	.	.
"3007 Ringerike"	"Småhus"	"2008K4"	.	.
"3007 Ringerike"	"Småhus"	"2009K1"	.	.
"3007 Ringerike"	"Småhus"	"2009K2"	.	.
"3007 Ringerike"	"Småhus"	"2009K3"	.	.
"3007 Ringerike"	"Småhus"	"2009K4"	.	.
"3007 Ringerike"	"Småhus"	"2010K1"	.	.
"3007 Ringerike"	"Småhus"	"2010K2"	.	.
"3007 Ringerike"	"Småhus"	"2010K3"	.	.
"3007 Ringerike"	"Småhus"	"2010K4"	.	.
"3007 Ringerike"	"Småhus"	"2011K1"	.	.
"3007 Ringerike"	"Småhus"	"2011K2"	.	.
"3007 Ringerike"	"Småhus"	"2011K3"	.	.
"3007 Ringerike"	"Småhus"	"2011K4"	.	.
"3007 Ringerike"	"Småhus"	"2012K1"	.	.
"3007 Ringerike"	"Småhus"	"2012K2"	.	.
"3007 Ringerike"	"Småhus"	"2012K3"	.	.
"3007 Ringerike"	"Småhus"	"2012K4"	.	.
"3007 Ringerike"	"Småhus"	"2013K1"	.	.
"3007 Ringerike"	"Småhus"	"2013K2"	.	.
"3007 Ringerike"	"Småhus"	"2013K3"	.	.
"3007 Ringerike"	"Småhus"	"2013K4"	.	.
"3007 Ringerike"	"Småhus"	"2014K1"	.	.
"3007 Ringerike"	"Småhus"	"2014K2"	.	.
"3007 Ringerike"	"Småhus"	"2014K3"	.	.
"3007 Ringerike"	"Småhus"	"2014K4"	.	.
"3007 Ringerike"	"Småhus"	"2015K1"	.	.
"3007 Ringerike"	"Småhus"	"2015K2"	.	.
"3007 Ringerike"	"Småhus"	"2015K3"	.	.
"3007 Ringerike"	"Småhus"	"2015K4"	.	.
"3007 Ringerike"	"Småhus"	"2016K1"	.	.
"3007 Ringerike"	"Småhus"	"2016K2"	.	.
"3007 Ringerike"	"Småhus"	"2016K3"	.	.
"3007 Ringerike"	"Småhus"	"2016K4"	.	.
"3007 Ringerike"	"Småhus"	"2017K1"	.	.
"3007 Ringerike"	"Småhus"	"2017K2"	.	.
"3007 Ringerike"	"Småhus"	"2017K3"	.	.
"3007 Ringerike"	"Småhus"	"2017K4"	.	.
"3007 Ringerike"	"Småhus"	"2018K1"	.	.
"3007 Ringerike"	"Småhus"	"2018K2"	.	.
"3007 Ringerike"	"Småhus"	"2018K3"	.	.
"3007 Ringerike"	"Småhus"	"2018K4"	.	.
"3007 Ringerike"	"Småhus"	"2019K1"	.	.
"3007 Ringerike"	"Småhus"	"2019K2"	.	.
"3007 Ringerike"	"Småhus"	"2019K3"	.	.
"3007 Ringerike"	"Småhus"	"2019K4"	.	.
"3007 Ringerike"	"Småhus"	"2020K1"	25398	11
"3007 Ringerike"	"Småhus"	"2020K2"	24621	13
"3007 Ringerike"	"Småhus"	"2020K3"	30531	12
"3007 Ringerike"	"Småhus"	"2020K4"	..	6
"3007 Ringerike"	"Småhus"	"2021K1"	34771	10
"3007 Ringerike"	"Småhus"	"2021K2"	30042	17
"3007 Ringerike"	"Småhus"	"2021K3"	31616	13
"3007 Ringerike"	"Småhus"	"2021K4"	..	8
"3007 Ringerike"	"Småhus"	"2022K1"	..	7
"3007 Ringerike"	"Småhus"	"2022K2"	37545	14
"3007 Ringerike"	"Småhus"	"2022K3"	34447	16
"3007 Ringerike"	"Småhus"	"2022K4"	..	8
"3007 Ringerike"	"Småhus"	"2023K1"	34273	17
"3007 Ringerike"	"Småhus"	"2023K2"	35120	14
"3007 Ringerike"	"Småhus"	"2023K3"	34240	14
"3007 Ringerike"	"Blokkleiligheter"	"2006K1"	.	.
"3007 Ringerike"	"Blokkleiligheter"	"2006K2"	.	.
"3007 Ringerike"	"Blokkleiligheter"	"2006K3"	.	.
"3007 Ringerike"	"Blokkleiligheter"	"2006K4"	.	.
"3007 Ringerike"	"Blokkleiligheter"	"2007K1"	.	.
"3007 Ringerike"	"Blokkleiligheter"	"2007K2"	.	.
"3007 Ringerike"	"Blokkleiligheter"	"2007K3"	.	.
"3007 Ringerike"	"Blokkleiligheter"	"2007K4"	.	.
"3007 Ringerike"	"Blokkleiligheter"	"2008K1"	.	.
"3007 Ringerike"	"Blokkleiligheter"	"2008K2"	.	.
"3007 Ringerike"	"Blokkleiligheter"	"2008K3"	.	.
"3007 Ringerike"	"Blokkleiligheter"	"2008K4"	.	.
"3007 Ringerike"	"Blokkleiligheter"	"2009K1"	.	.
"3007 Ringerike"	"Blokkleiligheter"	"2009K2"	.	.
"3007 Ringerike"	"Blokkleiligheter"	"2009K3"	.	.
"3007 Ringerike"	"Blokkleiligheter"	"2009K4"	.	.
"3007 Ringerike"	"Blokkleiligheter"	"2010K1"	.	.
"3007 Ringerike"	"Blokkleiligheter"	"2010K2"	.	.
"3007 Ringerike"	"Blokkleiligheter"	"2010K3"	.	.
"3007 Ringerike"	"Blokkleiligheter"	"2010K4"	.	.
"3007 Ringerike"	"Blokkleiligheter"	"2011K1"	.	.
"3007 Ringerike"	"Blokkleiligheter"	"2011K2"	.	.
"3007 Ringerike"	"Blokkleiligheter"	"2011K3"	.	.
"3007 Ringerike"	"Blokkleiligheter"	"2011K4"	.	.
"3007 Ringerike"	"Blokkleiligheter"	"2012K1"	.	.
"3007 Ringerike"	"Blokkleiligheter"	"2012K2"	.	.
"3007 Ringerike"	"Blokkleiligheter"	"2012K3"	.	.
"3007 Ringerike"	"Blokkleiligheter"	"2012K4"	.	.
"3007 Ringerike"	"Blokkleiligheter"	"2013K1"	.	.
"3007 Ringerike"	"Blokkleiligheter"	"2013K2"	.	.
"3007 Ringerike"	"Blokkleiligheter"	"2013K3"	.	.
"3007 Ringerike"	"Blokkleiligheter"	"2013K4"	.	.
"3007 Ringerike"	"Blokkleiligheter"	"2014K1"	.	.
"3007 Ringerike"	"Blokkleiligheter"	"2014K2"	.	.
"3007 Ringerike"	"Blokkleiligheter"	"2014K3"	.	.
"3007 Ringerike"	"Blokkleiligheter"	"2014K4"	.	.
"3007 Ringerike"	"Blokkleiligheter"	"2015K1"	.	.
"3007 Ringerike"	"Blokkleiligheter"	"2015K2"	.	.
"3007 Ringerike"	"Blokkleiligheter"	"2015K3"	.	.
"3007 Ringerike"	"Blokkleiligheter"	"2015K4"	.	.
"3007 Ringerike"	"Blokkleiligheter"	"2016K1"	.	.
"3007 Ringerike"	"Blokkleiligheter"	"2016K2"	.	.
"3007 Ringerike"	"Blokkleiligheter"	"2016K3"	.	.
"3007 Ringerike"	"Blokkleiligheter"	"2016K4"	.	.
"3007 Ringerike"	"Blokkleiligheter"	"2017K1"	.	.
"3007 Ringerike"	"Blokkleiligheter"	"2017K2"	.	.
"3007 Ringerike"	"Blokkleiligheter"	"2017K3"	.	.
"3007 Ringerike"	"Blokkleiligheter"	"2017K4"	.	.
"3007 Ringerike"	"Blokkleiligheter"	"2018K1"	.	.
"3007 Ringerike"	"Blokkleiligheter"	"2018K2"	.	.
"3007 Ringerike"	"Blokkleiligheter"	"2018K3"	.	.
"3007 Ringerike"	"Blokkleiligheter"	"2018K4"	.	.
"3007 Ringerike"	"Blokkleiligheter"	"2019K1"	.	.
"3007 Ringerike"	"Blokkleiligheter"	"2019K2"	.	.
"3007 Ringerike"	"Blokkleiligheter"	"2019K3"	.	.
"3007 Ringerike"	"Blokkleiligheter"	"2019K4"	.	.
"3007 Ringerike"	"Blokkleiligheter"	"2020K1"	37811	20
"3007 Ringerike"	"Blokkleiligheter"	"2020K2"	37497	18
"3007 Ringerike"	"Blokkleiligheter"	"2020K3"	44050	29
"3007 Ringerike"	"Blokkleiligheter"	"2020K4"	43186	31
"3007 Ringerike"	"Blokkleiligheter"	"2021K1"	43771	24
"3007 Ringerike"	"Blokkleiligheter"	"2021K2"	43268	29
"3007 Ringerike"	"Blokkleiligheter"	"2021K3"	40926	34
"3007 Ringerike"	"Blokkleiligheter"	"2021K4"	43604	22
"3007 Ringerike"	"Blokkleiligheter"	"2022K1"	47836	24
"3007 Ringerike"	"Blokkleiligheter"	"2022K2"	49880	32
"3007 Ringerike"	"Blokkleiligheter"	"2022K3"	49900	31
"3007 Ringerike"	"Blokkleiligheter"	"2022K4"	39413	22
"3007 Ringerike"	"Blokkleiligheter"	"2023K1"	47752	18
"3007 Ringerike"	"Blokkleiligheter"	"2023K2"	43852	27
"3007 Ringerike"	"Blokkleiligheter"	"2023K3"	45690	24
"3020 Nordre Follo"	"Eneboliger"	"2006K1"	.	.
"3020 Nordre Follo"	"Eneboliger"	"2006K2"	.	.
"3020 Nordre Follo"	"Eneboliger"	"2006K3"	.	.
"3020 Nordre Follo"	"Eneboliger"	"2006K4"	.	.
"3020 Nordre Follo"	"Eneboliger"	"2007K1"	.	.
"3020 Nordre Follo"	"Eneboliger"	"2007K2"	.	.
"3020 Nordre Follo"	"Eneboliger"	"2007K3"	.	.
"3020 Nordre Follo"	"Eneboliger"	"2007K4"	.	.
"3020 Nordre Follo"	"Eneboliger"	"2008K1"	.	.
"3020 Nordre Follo"	"Eneboliger"	"2008K2"	.	.
"3020 Nordre Follo"	"Eneboliger"	"2008K3"	.	.
"3020 Nordre Follo"	"Eneboliger"	"2008K4"	.	.
"3020 Nordre Follo"	"Eneboliger"	"2009K1"	.	.
"3020 Nordre Follo"	"Eneboliger"	"2009K2"	.	.
"3020 Nordre Follo"	"Eneboliger"	"2009K3"	.	.
"3020 Nordre Follo"	"Eneboliger"	"2009K4"	.	.
"3020 Nordre Follo"	"Eneboliger"	"2010K1"	.	.
"3020 Nordre Follo"	"Eneboliger"	"2010K2"	.	.
"3020 Nordre Follo"	"Eneboliger"	"2010K3"	.	.
"3020 Nordre Follo"	"Eneboliger"	"2010K4"	.	.
"3020 Nordre Follo"	"Eneboliger"	"2011K1"	.	.
"3020 Nordre Follo"	"Eneboliger"	"2011K2"	.	.
"3020 Nordre Follo"	"Eneboliger"	"2011K3"	.	.
"3020 Nordre Follo"	"Eneboliger"	"2011K4"	.	.
"3020 Nordre Follo"	"Eneboliger"	"2012K1"	.	.
"3020 Nordre Follo"	"Eneboliger"	"2012K2"	.	.
"3020 Nordre Follo"	"Eneboliger"	"2012K3"	.	.
"3020 Nordre Follo"	"Eneboliger"	"2012K4"	.	.
"3020 Nordre Follo"	"Eneboliger"	"2013K1"	.	.
"3020 Nordre Follo"	"Eneboliger"	"2013K2"	.	.
"3020 Nordre Follo"	"Eneboliger"	"2013K3"	.	.
"3020 Nordre Follo"	"Eneboliger"	"2013K4"	.	.
"3020 Nordre Follo"	"Eneboliger"	"2014K1"	.	.
"3020 Nordre Follo"	"Eneboliger"	"2014K2"	.	.
"3020 Nordre Follo"	"Eneboliger"	"2014K3"	.	.
"3020 Nordre Follo"	"Eneboliger"	"2014K4"	.	.
"3020 Nordre Follo"	"Eneboliger"	"2015K1"	.	.
"3020 Nordre Follo"	"Eneboliger"	"2015K2"	.	.
"3020 Nordre Follo"	"Eneboliger"	"2015K3"	.	.
"3020 Nordre Follo"	"Eneboliger"	"2015K4"	.	.
"3020 Nordre Follo"	"Eneboliger"	"2016K1"	.	.
"3020 Nordre Follo"	"Eneboliger"	"2016K2"	.	.
"3020 Nordre Follo"	"Eneboliger"	"2016K3"	.	.
"3020 Nordre Follo"	"Eneboliger"	"2016K4"	.	.
"3020 Nordre Follo"	"Eneboliger"	"2017K1"	.	.
"3020 Nordre Follo"	"Eneboliger"	"2017K2"	.	.
"3020 Nordre Follo"	"Eneboliger"	"2017K3"	.	.
"3020 Nordre Follo"	"Eneboliger"	"2017K4"	.	.
"3020 Nordre Follo"	"Eneboliger"	"2018K1"	.	.
"3020 Nordre Follo"	"Eneboliger"	"2018K2"	.	.
"3020 Nordre Follo"	"Eneboliger"	"2018K3"	.	.
"3020 Nordre Follo"	"Eneboliger"	"2018K4"	.	.
"3020 Nordre Follo"	"Eneboliger"	"2019K1"	.	.
"3020 Nordre Follo"	"Eneboliger"	"2019K2"	.	.
"3020 Nordre Follo"	"Eneboliger"	"2019K3"	.	.
"3020 Nordre Follo"	"Eneboliger"	"2019K4"	.	.
"3020 Nordre Follo"	"Eneboliger"	"2020K1"	40780	41
"3020 Nordre Follo"	"Eneboliger"	"2020K2"	40865	96
"3020 Nordre Follo"	"Eneboliger"	"2020K3"	40594	83
"3020 Nordre Follo"	"Eneboliger"	"2020K4"	39582	63
"3020 Nordre Follo"	"Eneboliger"	"2021K1"	45494	62
"3020 Nordre Follo"	"Eneboliger"	"2021K2"	49402	97
"3020 Nordre Follo"	"Eneboliger"	"2021K3"	45753	64
"3020 Nordre Follo"	"Eneboliger"	"2021K4"	43173	50
"3020 Nordre Follo"	"Eneboliger"	"2022K1"	46154	56
"3020 Nordre Follo"	"Eneboliger"	"2022K2"	47915	100
"3020 Nordre Follo"	"Eneboliger"	"2022K3"	45548	69
"3020 Nordre Follo"	"Eneboliger"	"2022K4"	45105	56
"3020 Nordre Follo"	"Eneboliger"	"2023K1"	43279	64
"3020 Nordre Follo"	"Eneboliger"	"2023K2"	46079	80
"3020 Nordre Follo"	"Eneboliger"	"2023K3"	42191	72
"3020 Nordre Follo"	"Småhus"	"2006K1"	.	.
"3020 Nordre Follo"	"Småhus"	"2006K2"	.	.
"3020 Nordre Follo"	"Småhus"	"2006K3"	.	.
"3020 Nordre Follo"	"Småhus"	"2006K4"	.	.
"3020 Nordre Follo"	"Småhus"	"2007K1"	.	.
"3020 Nordre Follo"	"Småhus"	"2007K2"	.	.
"3020 Nordre Follo"	"Småhus"	"2007K3"	.	.
"3020 Nordre Follo"	"Småhus"	"2007K4"	.	.
"3020 Nordre Follo"	"Småhus"	"2008K1"	.	.
"3020 Nordre Follo"	"Småhus"	"2008K2"	.	.
"3020 Nordre Follo"	"Småhus"	"2008K3"	.	.
"3020 Nordre Follo"	"Småhus"	"2008K4"	.	.
"3020 Nordre Follo"	"Småhus"	"2009K1"	.	.
"3020 Nordre Follo"	"Småhus"	"2009K2"	.	.
"3020 Nordre Follo"	"Småhus"	"2009K3"	.	.
"3020 Nordre Follo"	"Småhus"	"2009K4"	.	.
"3020 Nordre Follo"	"Småhus"	"2010K1"	.	.
"3020 Nordre Follo"	"Småhus"	"2010K2"	.	.
"3020 Nordre Follo"	"Småhus"	"2010K3"	.	.
"3020 Nordre Follo"	"Småhus"	"2010K4"	.	.
"3020 Nordre Follo"	"Småhus"	"2011K1"	.	.
"3020 Nordre Follo"	"Småhus"	"2011K2"	.	.
"3020 Nordre Follo"	"Småhus"	"2011K3"	.	.
"3020 Nordre Follo"	"Småhus"	"2011K4"	.	.
"3020 Nordre Follo"	"Småhus"	"2012K1"	.	.
"3020 Nordre Follo"	"Småhus"	"2012K2"	.	.
"3020 Nordre Follo"	"Småhus"	"2012K3"	.	.
"3020 Nordre Follo"	"Småhus"	"2012K4"	.	.
"3020 Nordre Follo"	"Småhus"	"2013K1"	.	.
"3020 Nordre Follo"	"Småhus"	"2013K2"	.	.
"3020 Nordre Follo"	"Småhus"	"2013K3"	.	.
"3020 Nordre Follo"	"Småhus"	"2013K4"	.	.
"3020 Nordre Follo"	"Småhus"	"2014K1"	.	.
"3020 Nordre Follo"	"Småhus"	"2014K2"	.	.
"3020 Nordre Follo"	"Småhus"	"2014K3"	.	.
"3020 Nordre Follo"	"Småhus"	"2014K4"	.	.
"3020 Nordre Follo"	"Småhus"	"2015K1"	.	.
"3020 Nordre Follo"	"Småhus"	"2015K2"	.	.
"3020 Nordre Follo"	"Småhus"	"2015K3"	.	.
"3020 Nordre Follo"	"Småhus"	"2015K4"	.	.
"3020 Nordre Follo"	"Småhus"	"2016K1"	.	.
"3020 Nordre Follo"	"Småhus"	"2016K2"	.	.
"3020 Nordre Follo"	"Småhus"	"2016K3"	.	.
"3020 Nordre Follo"	"Småhus"	"2016K4"	.	.
"3020 Nordre Follo"	"Småhus"	"2017K1"	.	.
"3020 Nordre Follo"	"Småhus"	"2017K2"	.	.
"3020 Nordre Follo"	"Småhus"	"2017K3"	.	.
"3020 Nordre Follo"	"Småhus"	"2017K4"	.	.
"3020 Nordre Follo"	"Småhus"	"2018K1"	.	.
"3020 Nordre Follo"	"Småhus"	"2018K2"	.	.
"3020 Nordre Follo"	"Småhus"	"2018K3"	.	.
"3020 Nordre Follo"	"Småhus"	"2018K4"	.	.
"3020 Nordre Follo"	"Småhus"	"2019K1"	.	.
"3020 Nordre Follo"	"Småhus"	"2019K2"	.	.
"3020 Nordre Follo"	"Småhus"	"2019K3"	.	.
"3020 Nordre Follo"	"Småhus"	"2019K4"	.	.
"3020 Nordre Follo"	"Småhus"	"2020K1"	42051	66
"3020 Nordre Follo"	"Småhus"	"2020K2"	43404	64
"3020 Nordre Follo"	"Småhus"	"2020K3"	46153	81
"3020 Nordre Follo"	"Småhus"	"2020K4"	42734	45
"3020 Nordre Follo"	"Småhus"	"2021K1"	47178	61
"3020 Nordre Follo"	"Småhus"	"2021K2"	48206	81
"3020 Nordre Follo"	"Småhus"	"2021K3"	46738	55
"3020 Nordre Follo"	"Småhus"	"2021K4"	50056	56
"3020 Nordre Follo"	"Småhus"	"2022K1"	50263	58
"3020 Nordre Follo"	"Småhus"	"2022K2"	48906	78
"3020 Nordre Follo"	"Småhus"	"2022K3"	51167	64
"3020 Nordre Follo"	"Småhus"	"2022K4"	47461	50
"3020 Nordre Follo"	"Småhus"	"2023K1"	47828	57
"3020 Nordre Follo"	"Småhus"	"2023K2"	49216	91
"3020 Nordre Follo"	"Småhus"	"2023K3"	51791	61
"3020 Nordre Follo"	"Blokkleiligheter"	"2006K1"	.	.
"3020 Nordre Follo"	"Blokkleiligheter"	"2006K2"	.	.
"3020 Nordre Follo"	"Blokkleiligheter"	"2006K3"	.	.
"3020 Nordre Follo"	"Blokkleiligheter"	"2006K4"	.	.
"3020 Nordre Follo"	"Blokkleiligheter"	"2007K1"	.	.
"3020 Nordre Follo"	"Blokkleiligheter"	"2007K2"	.	.
"3020 Nordre Follo"	"Blokkleiligheter"	"2007K3"	.	.
"3020 Nordre Follo"	"Blokkleiligheter"	"2007K4"	.	.
"3020 Nordre Follo"	"Blokkleiligheter"	"2008K1"	.	.
"3020 Nordre Follo"	"Blokkleiligheter"	"2008K2"	.	.
"3020 Nordre Follo"	"Blokkleiligheter"	"2008K3"	.	.
"3020 Nordre Follo"	"Blokkleiligheter"	"2008K4"	.	.
"3020 Nordre Follo"	"Blokkleiligheter"	"2009K1"	.	.
"3020 Nordre Follo"	"Blokkleiligheter"	"2009K2"	.	.
"3020 Nordre Follo"	"Blokkleiligheter"	"2009K3"	.	.
"3020 Nordre Follo"	"Blokkleiligheter"	"2009K4"	.	.
"3020 Nordre Follo"	"Blokkleiligheter"	"2010K1"	.	.
"3020 Nordre Follo"	"Blokkleiligheter"	"2010K2"	.	.
"3020 Nordre Follo"	"Blokkleiligheter"	"2010K3"	.	.
"3020 Nordre Follo"	"Blokkleiligheter"	"2010K4"	.	.
"3020 Nordre Follo"	"Blokkleiligheter"	"2011K1"	.	.
"3020 Nordre Follo"	"Blokkleiligheter"	"2011K2"	.	.
"3020 Nordre Follo"	"Blokkleiligheter"	"2011K3"	.	.
"3020 Nordre Follo"	"Blokkleiligheter"	"2011K4"	.	.
"3020 Nordre Follo"	"Blokkleiligheter"	"2012K1"	.	.
"3020 Nordre Follo"	"Blokkleiligheter"	"2012K2"	.	.
"3020 Nordre Follo"	"Blokkleiligheter"	"2012K3"	.	.
"3020 Nordre Follo"	"Blokkleiligheter"	"2012K4"	.	.
"3020 Nordre Follo"	"Blokkleiligheter"	"2013K1"	.	.
"3020 Nordre Follo"	"Blokkleiligheter"	"2013K2"	.	.
"3020 Nordre Follo"	"Blokkleiligheter"	"2013K3"	.	.
"3020 Nordre Follo"	"Blokkleiligheter"	"2013K4"	.	.
"3020 Nordre Follo"	"Blokkleiligheter"	"2014K1"	.	.
"3020 Nordre Follo"	"Blokkleiligheter"	"2014K2"	.	.
"3020 Nordre Follo"	"Blokkleiligheter"	"2014K3"	.	.
"3020 Nordre Follo"	"Blokkleiligheter"	"2014K4"	.	.
"3020 Nordre Follo"	"Blokkleiligheter"	"2015K1"	.	.
"3020 Nordre Follo"	"Blokkleiligheter"	"2015K2"	.	.
"3020 Nordre Follo"	"Blokkleiligheter"	"2015K3"	.	.
"3020 Nordre Follo"	"Blokkleiligheter"	"2015K4"	.	.
"3020 Nordre Follo"	"Blokkleiligheter"	"2016K1"	.	.
"3020 Nordre Follo"	"Blokkleiligheter"	"2016K2"	.	.
"3020 Nordre Follo"	"Blokkleiligheter"	"2016K3"	.	.
"3020 Nordre Follo"	"Blokkleiligheter"	"2016K4"	.	.
"3020 Nordre Follo"	"Blokkleiligheter"	"2017K1"	.	.
"3020 Nordre Follo"	"Blokkleiligheter"	"2017K2"	.	.
"3020 Nordre Follo"	"Blokkleiligheter"	"2017K3"	.	.
"3020 Nordre Follo"	"Blokkleiligheter"	"2017K4"	.	.
"3020 Nordre Follo"	"Blokkleiligheter"	"2018K1"	.	.
"3020 Nordre Follo"	"Blokkleiligheter"	"2018K2"	.	.
"3020 Nordre Follo"	"Blokkleiligheter"	"2018K3"	.	.
"3020 Nordre Follo"	"Blokkleiligheter"	"2018K4"	.	.
"3020 Nordre Follo"	"Blokkleiligheter"	"2019K1"	.	.
"3020 Nordre Follo"	"Blokkleiligheter"	"2019K2"	.	.
"3020 Nordre Follo"	"Blokkleiligheter"	"2019K3"	.	.
"3020 Nordre Follo"	"Blokkleiligheter"	"2019K4"	.	.
"3020 Nordre Follo"	"Blokkleiligheter"	"2020K1"	57203	76
"3020 Nordre Follo"	"Blokkleiligheter"	"2020K2"	52270	103
"3020 Nordre Follo"	"Blokkleiligheter"	"2020K3"	56402	111
"3020 Nordre Follo"	"Blokkleiligheter"	"2020K4"	56741	73
"3020 Nordre Follo"	"Blokkleiligheter"	"2021K1"	58181	87
"3020 Nordre Follo"	"Blokkleiligheter"	"2021K2"	60015	117
"3020 Nordre Follo"	"Blokkleiligheter"	"2021K3"	59783	95
"3020 Nordre Follo"	"Blokkleiligheter"	"2021K4"	61652	100
"3020 Nordre Follo"	"Blokkleiligheter"	"2022K1"	65071	84
"3020 Nordre Follo"	"Blokkleiligheter"	"2022K2"	63323	113
"3020 Nordre Follo"	"Blokkleiligheter"	"2022K3"	67105	91
"3020 Nordre Follo"	"Blokkleiligheter"	"2022K4"	61088	59
"3020 Nordre Follo"	"Blokkleiligheter"	"2023K1"	63235	108
"3020 Nordre Follo"	"Blokkleiligheter"	"2023K2"	60075	105
"3020 Nordre Follo"	"Blokkleiligheter"	"2023K3"	63008	95
"3021 Ås"	"Eneboliger"	"2006K1"	.	.
"3021 Ås"	"Eneboliger"	"2006K2"	.	.
"3021 Ås"	"Eneboliger"	"2006K3"	.	.
"3021 Ås"	"Eneboliger"	"2006K4"	.	.
"3021 Ås"	"Eneboliger"	"2007K1"	.	.
"3021 Ås"	"Eneboliger"	"2007K2"	.	.
"3021 Ås"	"Eneboliger"	"2007K3"	.	.
"3021 Ås"	"Eneboliger"	"2007K4"	.	.
"3021 Ås"	"Eneboliger"	"2008K1"	.	.
"3021 Ås"	"Eneboliger"	"2008K2"	.	.
"3021 Ås"	"Eneboliger"	"2008K3"	.	.
"3021 Ås"	"Eneboliger"	"2008K4"	.	.
"3021 Ås"	"Eneboliger"	"2009K1"	.	.
"3021 Ås"	"Eneboliger"	"2009K2"	.	.
"3021 Ås"	"Eneboliger"	"2009K3"	.	.
"3021 Ås"	"Eneboliger"	"2009K4"	.	.
"3021 Ås"	"Eneboliger"	"2010K1"	.	.
"3021 Ås"	"Eneboliger"	"2010K2"	.	.
"3021 Ås"	"Eneboliger"	"2010K3"	.	.
"3021 Ås"	"Eneboliger"	"2010K4"	.	.
"3021 Ås"	"Eneboliger"	"2011K1"	.	.
"3021 Ås"	"Eneboliger"	"2011K2"	.	.
"3021 Ås"	"Eneboliger"	"2011K3"	.	.
"3021 Ås"	"Eneboliger"	"2011K4"	.	.
"3021 Ås"	"Eneboliger"	"2012K1"	.	.
"3021 Ås"	"Eneboliger"	"2012K2"	.	.
"3021 Ås"	"Eneboliger"	"2012K3"	.	.
"3021 Ås"	"Eneboliger"	"2012K4"	.	.
"3021 Ås"	"Eneboliger"	"2013K1"	.	.
"3021 Ås"	"Eneboliger"	"2013K2"	.	.
"3021 Ås"	"Eneboliger"	"2013K3"	.	.
"3021 Ås"	"Eneboliger"	"2013K4"	.	.
"3021 Ås"	"Eneboliger"	"2014K1"	.	.
"3021 Ås"	"Eneboliger"	"2014K2"	.	.
"3021 Ås"	"Eneboliger"	"2014K3"	.	.
"3021 Ås"	"Eneboliger"	"2014K4"	.	.
"3021 Ås"	"Eneboliger"	"2015K1"	.	.
"3021 Ås"	"Eneboliger"	"2015K2"	.	.
"3021 Ås"	"Eneboliger"	"2015K3"	.	.
"3021 Ås"	"Eneboliger"	"2015K4"	.	.
"3021 Ås"	"Eneboliger"	"2016K1"	.	.
"3021 Ås"	"Eneboliger"	"2016K2"	.	.
"3021 Ås"	"Eneboliger"	"2016K3"	.	.
"3021 Ås"	"Eneboliger"	"2016K4"	.	.
"3021 Ås"	"Eneboliger"	"2017K1"	.	.
"3021 Ås"	"Eneboliger"	"2017K2"	.	.
"3021 Ås"	"Eneboliger"	"2017K3"	.	.
"3021 Ås"	"Eneboliger"	"2017K4"	.	.
"3021 Ås"	"Eneboliger"	"2018K1"	.	.
"3021 Ås"	"Eneboliger"	"2018K2"	.	.
"3021 Ås"	"Eneboliger"	"2018K3"	.	.
"3021 Ås"	"Eneboliger"	"2018K4"	.	.
"3021 Ås"	"Eneboliger"	"2019K1"	.	.
"3021 Ås"	"Eneboliger"	"2019K2"	.	.
"3021 Ås"	"Eneboliger"	"2019K3"	.	.
"3021 Ås"	"Eneboliger"	"2019K4"	.	.
"3021 Ås"	"Eneboliger"	"2020K1"	35797	23
"3021 Ås"	"Eneboliger"	"2020K2"	34492	33
"3021 Ås"	"Eneboliger"	"2020K3"	37533	37
"3021 Ås"	"Eneboliger"	"2020K4"	37964	26
"3021 Ås"	"Eneboliger"	"2021K1"	43622	24
"3021 Ås"	"Eneboliger"	"2021K2"	39746	40
"3021 Ås"	"Eneboliger"	"2021K3"	41260	34
"3021 Ås"	"Eneboliger"	"2021K4"	40489	24
"3021 Ås"	"Eneboliger"	"2022K1"	41266	13
"3021 Ås"	"Eneboliger"	"2022K2"	45472	30
"3021 Ås"	"Eneboliger"	"2022K3"	44116	20
"3021 Ås"	"Eneboliger"	"2022K4"	40709	24
"3021 Ås"	"Eneboliger"	"2023K1"	41532	15
"3021 Ås"	"Eneboliger"	"2023K2"	44049	35
"3021 Ås"	"Eneboliger"	"2023K3"	42702	26
"3021 Ås"	"Småhus"	"2006K1"	.	.
"3021 Ås"	"Småhus"	"2006K2"	.	.
"3021 Ås"	"Småhus"	"2006K3"	.	.
"3021 Ås"	"Småhus"	"2006K4"	.	.
"3021 Ås"	"Småhus"	"2007K1"	.	.
"3021 Ås"	"Småhus"	"2007K2"	.	.
"3021 Ås"	"Småhus"	"2007K3"	.	.
"3021 Ås"	"Småhus"	"2007K4"	.	.
"3021 Ås"	"Småhus"	"2008K1"	.	.
"3021 Ås"	"Småhus"	"2008K2"	.	.
"3021 Ås"	"Småhus"	"2008K3"	.	.
"3021 Ås"	"Småhus"	"2008K4"	.	.
"3021 Ås"	"Småhus"	"2009K1"	.	.
"3021 Ås"	"Småhus"	"2009K2"	.	.
"3021 Ås"	"Småhus"	"2009K3"	.	.
"3021 Ås"	"Småhus"	"2009K4"	.	.
"3021 Ås"	"Småhus"	"2010K1"	.	.
"3021 Ås"	"Småhus"	"2010K2"	.	.
"3021 Ås"	"Småhus"	"2010K3"	.	.
"3021 Ås"	"Småhus"	"2010K4"	.	.
"3021 Ås"	"Småhus"	"2011K1"	.	.
"3021 Ås"	"Småhus"	"2011K2"	.	.
"3021 Ås"	"Småhus"	"2011K3"	.	.
"3021 Ås"	"Småhus"	"2011K4"	.	.
"3021 Ås"	"Småhus"	"2012K1"	.	.
"3021 Ås"	"Småhus"	"2012K2"	.	.
"3021 Ås"	"Småhus"	"2012K3"	.	.
"3021 Ås"	"Småhus"	"2012K4"	.	.
"3021 Ås"	"Småhus"	"2013K1"	.	.
"3021 Ås"	"Småhus"	"2013K2"	.	.
"3021 Ås"	"Småhus"	"2013K3"	.	.
"3021 Ås"	"Småhus"	"2013K4"	.	.
"3021 Ås"	"Småhus"	"2014K1"	.	.
"3021 Ås"	"Småhus"	"2014K2"	.	.
"3021 Ås"	"Småhus"	"2014K3"	.	.
"3021 Ås"	"Småhus"	"2014K4"	.	.
"3021 Ås"	"Småhus"	"2015K1"	.	.
"3021 Ås"	"Småhus"	"2015K2"	.	.
"3021 Ås"	"Småhus"	"2015K3"	.	.
"3021 Ås"	"Småhus"	"2015K4"	.	.
"3021 Ås"	"Småhus"	"2016K1"	.	.
"3021 Ås"	"Småhus"	"2016K2"	.	.
"3021 Ås"	"Småhus"	"2016K3"	.	.
"3021 Ås"	"Småhus"	"2016K4"	.	.
"3021 Ås"	"Småhus"	"2017K1"	.	.
"3021 Ås"	"Småhus"	"2017K2"	.	.
"3021 Ås"	"Småhus"	"2017K3"	.	.
"3021 Ås"	"Småhus"	"2017K4"	.	.
"3021 Ås"	"Småhus"	"2018K1"	.	.
"3021 Ås"	"Småhus"	"2018K2"	.	.
"3021 Ås"	"Småhus"	"2018K3"	.	.
"3021 Ås"	"Småhus"	"2018K4"	.	.
"3021 Ås"	"Småhus"	"2019K1"	.	.
"3021 Ås"	"Småhus"	"2019K2"	.	.
"3021 Ås"	"Småhus"	"2019K3"	.	.
"3021 Ås"	"Småhus"	"2019K4"	.	.
"3021 Ås"	"Småhus"	"2020K1"	..	9
"3021 Ås"	"Småhus"	"2020K2"	40016	17
"3021 Ås"	"Småhus"	"2020K3"	43661	11
"3021 Ås"	"Småhus"	"2020K4"	41840	11
"3021 Ås"	"Småhus"	"2021K1"	42284	18
"3021 Ås"	"Småhus"	"2021K2"	45457	11
"3021 Ås"	"Småhus"	"2021K3"	42667	15
"3021 Ås"	"Småhus"	"2021K4"	42864	10
"3021 Ås"	"Småhus"	"2022K1"	48973	10
"3021 Ås"	"Småhus"	"2022K2"	51895	21
"3021 Ås"	"Småhus"	"2022K3"	..	8
"3021 Ås"	"Småhus"	"2022K4"	..	4
"3021 Ås"	"Småhus"	"2023K1"	50924	11
"3021 Ås"	"Småhus"	"2023K2"	46649	13
"3021 Ås"	"Småhus"	"2023K3"	51789	11
"3021 Ås"	"Blokkleiligheter"	"2006K1"	.	.
"3021 Ås"	"Blokkleiligheter"	"2006K2"	.	.
"3021 Ås"	"Blokkleiligheter"	"2006K3"	.	.
"3021 Ås"	"Blokkleiligheter"	"2006K4"	.	.
"3021 Ås"	"Blokkleiligheter"	"2007K1"	.	.
"3021 Ås"	"Blokkleiligheter"	"2007K2"	.	.
"3021 Ås"	"Blokkleiligheter"	"2007K3"	.	.
"3021 Ås"	"Blokkleiligheter"	"2007K4"	.	.
"3021 Ås"	"Blokkleiligheter"	"2008K1"	.	.
"3021 Ås"	"Blokkleiligheter"	"2008K2"	.	.
"3021 Ås"	"Blokkleiligheter"	"2008K3"	.	.
"3021 Ås"	"Blokkleiligheter"	"2008K4"	.	.
"3021 Ås"	"Blokkleiligheter"	"2009K1"	.	.
"3021 Ås"	"Blokkleiligheter"	"2009K2"	.	.
"3021 Ås"	"Blokkleiligheter"	"2009K3"	.	.
"3021 Ås"	"Blokkleiligheter"	"2009K4"	.	.
"3021 Ås"	"Blokkleiligheter"	"2010K1"	.	.
"3021 Ås"	"Blokkleiligheter"	"2010K2"	.	.
"3021 Ås"	"Blokkleiligheter"	"2010K3"	.	.
"3021 Ås"	"Blokkleiligheter"	"2010K4"	.	.
"3021 Ås"	"Blokkleiligheter"	"2011K1"	.	.
"3021 Ås"	"Blokkleiligheter"	"2011K2"	.	.
"3021 Ås"	"Blokkleiligheter"	"2011K3"	.	.
"3021 Ås"	"Blokkleiligheter"	"2011K4"	.	.
"3021 Ås"	"Blokkleiligheter"	"2012K1"	.	.
"3021 Ås"	"Blokkleiligheter"	"2012K2"	.	.
"3021 Ås"	"Blokkleiligheter"	"2012K3"	.	.
"3021 Ås"	"Blokkleiligheter"	"2012K4"	.	.
"3021 Ås"	"Blokkleiligheter"	"2013K1"	.	.
"3021 Ås"	"Blokkleiligheter"	"2013K2"	.	.
"3021 Ås"	"Blokkleiligheter"	"2013K3"	.	.
"3021 Ås"	"Blokkleiligheter"	"2013K4"	.	.
"3021 Ås"	"Blokkleiligheter"	"2014K1"	.	.
"3021 Ås"	"Blokkleiligheter"	"2014K2"	.	.
"3021 Ås"	"Blokkleiligheter"	"2014K3"	.	.
"3021 Ås"	"Blokkleiligheter"	"2014K4"	.	.
"3021 Ås"	"Blokkleiligheter"	"2015K1"	.	.
"3021 Ås"	"Blokkleiligheter"	"2015K2"	.	.
"3021 Ås"	"Blokkleiligheter"	"2015K3"	.	.
"3021 Ås"	"Blokkleiligheter"	"2015K4"	.	.
"3021 Ås"	"Blokkleiligheter"	"2016K1"	.	.
"3021 Ås"	"Blokkleiligheter"	"2016K2"	.	.
"3021 Ås"	"Blokkleiligheter"	"2016K3"	.	.
"3021 Ås"	"Blokkleiligheter"	"2016K4"	.	.
"3021 Ås"	"Blokkleiligheter"	"2017K1"	.	.
"3021 Ås"	"Blokkleiligheter"	"2017K2"	.	.
"3021 Ås"	"Blokkleiligheter"	"2017K3"	.	.
"3021 Ås"	"Blokkleiligheter"	"2017K4"	.	.
"3021 Ås"	"Blokkleiligheter"	"2018K1"	.	.
"3021 Ås"	"Blokkleiligheter"	"2018K2"	.	.
"3021 Ås"	"Blokkleiligheter"	"2018K3"	.	.
"3021 Ås"	"Blokkleiligheter"	"2018K4"	.	.
"3021 Ås"	"Blokkleiligheter"	"2019K1"	.	.
"3021 Ås"	"Blokkleiligheter"	"2019K2"	.	.
"3021 Ås"	"Blokkleiligheter"	"2019K3"	.	.
"3021 Ås"	"Blokkleiligheter"	"2019K4"	.	.
"3021 Ås"	"Blokkleiligheter"	"2020K1"	60771	19
"3021 Ås"	"Blokkleiligheter"	"2020K2"	61194	28
"3021 Ås"	"Blokkleiligheter"	"2020K3"	63717	24
"3021 Ås"	"Blokkleiligheter"	"2020K4"	62193	10
"3021 Ås"	"Blokkleiligheter"	"2021K1"	60830	20
"3021 Ås"	"Blokkleiligheter"	"2021K2"	61060	19
"3021 Ås"	"Blokkleiligheter"	"2021K3"	65264	22
"3021 Ås"	"Blokkleiligheter"	"2021K4"	63047	21
"3021 Ås"	"Blokkleiligheter"	"2022K1"	63903	10
"3021 Ås"	"Blokkleiligheter"	"2022K2"	61421	23
"3021 Ås"	"Blokkleiligheter"	"2022K3"	63084	23
"3021 Ås"	"Blokkleiligheter"	"2022K4"	68510	13
"3021 Ås"	"Blokkleiligheter"	"2023K1"	67807	20
"3021 Ås"	"Blokkleiligheter"	"2023K2"	68935	21
"3021 Ås"	"Blokkleiligheter"	"2023K3"	69655	21
"3024 Bærum"	"Eneboliger"	"2006K1"	.	.
"3024 Bærum"	"Eneboliger"	"2006K2"	.	.
"3024 Bærum"	"Eneboliger"	"2006K3"	.	.
"3024 Bærum"	"Eneboliger"	"2006K4"	.	.
"3024 Bærum"	"Eneboliger"	"2007K1"	.	.
"3024 Bærum"	"Eneboliger"	"2007K2"	.	.
"3024 Bærum"	"Eneboliger"	"2007K3"	.	.
"3024 Bærum"	"Eneboliger"	"2007K4"	.	.
"3024 Bærum"	"Eneboliger"	"2008K1"	.	.
"3024 Bærum"	"Eneboliger"	"2008K2"	.	.
"3024 Bærum"	"Eneboliger"	"2008K3"	.	.
"3024 Bærum"	"Eneboliger"	"2008K4"	.	.
"3024 Bærum"	"Eneboliger"	"2009K1"	.	.
"3024 Bærum"	"Eneboliger"	"2009K2"	.	.
"3024 Bærum"	"Eneboliger"	"2009K3"	.	.
"3024 Bærum"	"Eneboliger"	"2009K4"	.	.
"3024 Bærum"	"Eneboliger"	"2010K1"	.	.
"3024 Bærum"	"Eneboliger"	"2010K2"	.	.
"3024 Bærum"	"Eneboliger"	"2010K3"	.	.
"3024 Bærum"	"Eneboliger"	"2010K4"	.	.
"3024 Bærum"	"Eneboliger"	"2011K1"	.	.
"3024 Bærum"	"Eneboliger"	"2011K2"	.	.
"3024 Bærum"	"Eneboliger"	"2011K3"	.	.
"3024 Bærum"	"Eneboliger"	"2011K4"	.	.
"3024 Bærum"	"Eneboliger"	"2012K1"	.	.
"3024 Bærum"	"Eneboliger"	"2012K2"	.	.
"3024 Bærum"	"Eneboliger"	"2012K3"	.	.
"3024 Bærum"	"Eneboliger"	"2012K4"	.	.
"3024 Bærum"	"Eneboliger"	"2013K1"	.	.
"3024 Bærum"	"Eneboliger"	"2013K2"	.	.
"3024 Bærum"	"Eneboliger"	"2013K3"	.	.
"3024 Bærum"	"Eneboliger"	"2013K4"	.	.
"3024 Bærum"	"Eneboliger"	"2014K1"	.	.
"3024 Bærum"	"Eneboliger"	"2014K2"	.	.
"3024 Bærum"	"Eneboliger"	"2014K3"	.	.
"3024 Bærum"	"Eneboliger"	"2014K4"	.	.
"3024 Bærum"	"Eneboliger"	"2015K1"	.	.
"3024 Bærum"	"Eneboliger"	"2015K2"	.	.
"3024 Bærum"	"Eneboliger"	"2015K3"	.	.
"3024 Bærum"	"Eneboliger"	"2015K4"	.	.
"3024 Bærum"	"Eneboliger"	"2016K1"	.	.
"3024 Bærum"	"Eneboliger"	"2016K2"	.	.
"3024 Bærum"	"Eneboliger"	"2016K3"	.	.
"3024 Bærum"	"Eneboliger"	"2016K4"	.	.
"3024 Bærum"	"Eneboliger"	"2017K1"	.	.
"3024 Bærum"	"Eneboliger"	"2017K2"	.	.
"3024 Bærum"	"Eneboliger"	"2017K3"	.	.
"3024 Bærum"	"Eneboliger"	"2017K4"	.	.
"3024 Bærum"	"Eneboliger"	"2018K1"	.	.
"3024 Bærum"	"Eneboliger"	"2018K2"	.	.
"3024 Bærum"	"Eneboliger"	"2018K3"	.	.
"3024 Bærum"	"Eneboliger"	"2018K4"	.	.
"3024 Bærum"	"Eneboliger"	"2019K1"	.	.
"3024 Bærum"	"Eneboliger"	"2019K2"	.	.
"3024 Bærum"	"Eneboliger"	"2019K3"	.	.
"3024 Bærum"	"Eneboliger"	"2019K4"	.	.
"3024 Bærum"	"Eneboliger"	"2020K1"	54810	89
"3024 Bærum"	"Eneboliger"	"2020K2"	58254	136
"3024 Bærum"	"Eneboliger"	"2020K3"	53780	112
"3024 Bærum"	"Eneboliger"	"2020K4"	60441	81
"3024 Bærum"	"Eneboliger"	"2021K1"	59640	93
"3024 Bærum"	"Eneboliger"	"2021K2"	62998	167
"3024 Bærum"	"Eneboliger"	"2021K3"	63377	113
"3024 Bærum"	"Eneboliger"	"2021K4"	66471	71
"3024 Bærum"	"Eneboliger"	"2022K1"	64252	76
"3024 Bærum"	"Eneboliger"	"2022K2"	69106	120
"3024 Bærum"	"Eneboliger"	"2022K3"	66260	96
"3024 Bærum"	"Eneboliger"	"2022K4"	68121	53
"3024 Bærum"	"Eneboliger"	"2023K1"	64287	87
"3024 Bærum"	"Eneboliger"	"2023K2"	66819	118
"3024 Bærum"	"Eneboliger"	"2023K3"	62440	91
"3024 Bærum"	"Småhus"	"2006K1"	.	.
"3024 Bærum"	"Småhus"	"2006K2"	.	.
"3024 Bærum"	"Småhus"	"2006K3"	.	.
"3024 Bærum"	"Småhus"	"2006K4"	.	.
"3024 Bærum"	"Småhus"	"2007K1"	.	.
"3024 Bærum"	"Småhus"	"2007K2"	.	.
"3024 Bærum"	"Småhus"	"2007K3"	.	.
"3024 Bærum"	"Småhus"	"2007K4"	.	.
"3024 Bærum"	"Småhus"	"2008K1"	.	.
"3024 Bærum"	"Småhus"	"2008K2"	.	.
"3024 Bærum"	"Småhus"	"2008K3"	.	.
"3024 Bærum"	"Småhus"	"2008K4"	.	.
"3024 Bærum"	"Småhus"	"2009K1"	.	.
"3024 Bærum"	"Småhus"	"2009K2"	.	.
"3024 Bærum"	"Småhus"	"2009K3"	.	.
"3024 Bærum"	"Småhus"	"2009K4"	.	.
"3024 Bærum"	"Småhus"	"2010K1"	.	.
"3024 Bærum"	"Småhus"	"2010K2"	.	.
"3024 Bærum"	"Småhus"	"2010K3"	.	.
"3024 Bærum"	"Småhus"	"2010K4"	.	.
"3024 Bærum"	"Småhus"	"2011K1"	.	.
"3024 Bærum"	"Småhus"	"2011K2"	.	.
"3024 Bærum"	"Småhus"	"2011K3"	.	.
"3024 Bærum"	"Småhus"	"2011K4"	.	.
"3024 Bærum"	"Småhus"	"2012K1"	.	.
"3024 Bærum"	"Småhus"	"2012K2"	.	.
"3024 Bærum"	"Småhus"	"2012K3"	.	.
"3024 Bærum"	"Småhus"	"2012K4"	.	.
"3024 Bærum"	"Småhus"	"2013K1"	.	.
"3024 Bærum"	"Småhus"	"2013K2"	.	.
"3024 Bærum"	"Småhus"	"2013K3"	.	.
"3024 Bærum"	"Småhus"	"2013K4"	.	.
"3024 Bærum"	"Småhus"	"2014K1"	.	.
"3024 Bærum"	"Småhus"	"2014K2"	.	.
"3024 Bærum"	"Småhus"	"2014K3"	.	.
"3024 Bærum"	"Småhus"	"2014K4"	.	.
"3024 Bærum"	"Småhus"	"2015K1"	.	.
"3024 Bærum"	"Småhus"	"2015K2"	.	.
"3024 Bærum"	"Småhus"	"2015K3"	.	.
"3024 Bærum"	"Småhus"	"2015K4"	.	.
"3024 Bærum"	"Småhus"	"2016K1"	.	.
"3024 Bærum"	"Småhus"	"2016K2"	.	.
"3024 Bærum"	"Småhus"	"2016K3"	.	.
"3024 Bærum"	"Småhus"	"2016K4"	.	.
"3024 Bærum"	"Småhus"	"2017K1"	.	.
"3024 Bærum"	"Småhus"	"2017K2"	.	.
"3024 Bærum"	"Småhus"	"2017K3"	.	.
"3024 Bærum"	"Småhus"	"2017K4"	.	.
"3024 Bærum"	"Småhus"	"2018K1"	.	.
"3024 Bærum"	"Småhus"	"2018K2"	.	.
"3024 Bærum"	"Småhus"	"2018K3"	.	.
"3024 Bærum"	"Småhus"	"2018K4"	.	.
"3024 Bærum"	"Småhus"	"2019K1"	.	.
"3024 Bærum"	"Småhus"	"2019K2"	.	.
"3024 Bærum"	"Småhus"	"2019K3"	.	.
"3024 Bærum"	"Småhus"	"2019K4"	.	.
"3024 Bærum"	"Småhus"	"2020K1"	53838	97
"3024 Bærum"	"Småhus"	"2020K2"	55302	129
"3024 Bærum"	"Småhus"	"2020K3"	55530	120
"3024 Bærum"	"Småhus"	"2020K4"	56296	115
"3024 Bærum"	"Småhus"	"2021K1"	61838	122
"3024 Bærum"	"Småhus"	"2021K2"	65241	171
"3024 Bærum"	"Småhus"	"2021K3"	62884	93
"3024 Bærum"	"Småhus"	"2021K4"	62165	93
"3024 Bærum"	"Småhus"	"2022K1"	69450	76
"3024 Bærum"	"Småhus"	"2022K2"	66076	134
"3024 Bærum"	"Småhus"	"2022K3"	64896	98
"3024 Bærum"	"Småhus"	"2022K4"	63520	79
"3024 Bærum"	"Småhus"	"2023K1"	66547	84
"3024 Bærum"	"Småhus"	"2023K2"	65143	126
"3024 Bærum"	"Småhus"	"2023K3"	62584	88
"3024 Bærum"	"Blokkleiligheter"	"2006K1"	.	.
"3024 Bærum"	"Blokkleiligheter"	"2006K2"	.	.
"3024 Bærum"	"Blokkleiligheter"	"2006K3"	.	.
"3024 Bærum"	"Blokkleiligheter"	"2006K4"	.	.
"3024 Bærum"	"Blokkleiligheter"	"2007K1"	.	.
"3024 Bærum"	"Blokkleiligheter"	"2007K2"	.	.
"3024 Bærum"	"Blokkleiligheter"	"2007K3"	.	.
"3024 Bærum"	"Blokkleiligheter"	"2007K4"	.	.
"3024 Bærum"	"Blokkleiligheter"	"2008K1"	.	.
"3024 Bærum"	"Blokkleiligheter"	"2008K2"	.	.
"3024 Bærum"	"Blokkleiligheter"	"2008K3"	.	.
"3024 Bærum"	"Blokkleiligheter"	"2008K4"	.	.
"3024 Bærum"	"Blokkleiligheter"	"2009K1"	.	.
"3024 Bærum"	"Blokkleiligheter"	"2009K2"	.	.
"3024 Bærum"	"Blokkleiligheter"	"2009K3"	.	.
"3024 Bærum"	"Blokkleiligheter"	"2009K4"	.	.
"3024 Bærum"	"Blokkleiligheter"	"2010K1"	.	.
"3024 Bærum"	"Blokkleiligheter"	"2010K2"	.	.
"3024 Bærum"	"Blokkleiligheter"	"2010K3"	.	.
"3024 Bærum"	"Blokkleiligheter"	"2010K4"	.	.
"3024 Bærum"	"Blokkleiligheter"	"2011K1"	.	.
"3024 Bærum"	"Blokkleiligheter"	"2011K2"	.	.
"3024 Bærum"	"Blokkleiligheter"	"2011K3"	.	.
"3024 Bærum"	"Blokkleiligheter"	"2011K4"	.	.
"3024 Bærum"	"Blokkleiligheter"	"2012K1"	.	.
"3024 Bærum"	"Blokkleiligheter"	"2012K2"	.	.
"3024 Bærum"	"Blokkleiligheter"	"2012K3"	.	.
"3024 Bærum"	"Blokkleiligheter"	"2012K4"	.	.
"3024 Bærum"	"Blokkleiligheter"	"2013K1"	.	.
"3024 Bærum"	"Blokkleiligheter"	"2013K2"	.	.
"3024 Bærum"	"Blokkleiligheter"	"2013K3"	.	.
"3024 Bærum"	"Blokkleiligheter"	"2013K4"	.	.
"3024 Bærum"	"Blokkleiligheter"	"2014K1"	.	.
"3024 Bærum"	"Blokkleiligheter"	"2014K2"	.	.
"3024 Bærum"	"Blokkleiligheter"	"2014K3"	.	.
"3024 Bærum"	"Blokkleiligheter"	"2014K4"	.	.
"3024 Bærum"	"Blokkleiligheter"	"2015K1"	.	.
"3024 Bærum"	"Blokkleiligheter"	"2015K2"	.	.
"3024 Bærum"	"Blokkleiligheter"	"2015K3"	.	.
"3024 Bærum"	"Blokkleiligheter"	"2015K4"	.	.
"3024 Bærum"	"Blokkleiligheter"	"2016K1"	.	.
"3024 Bærum"	"Blokkleiligheter"	"2016K2"	.	.
"3024 Bærum"	"Blokkleiligheter"	"2016K3"	.	.
"3024 Bærum"	"Blokkleiligheter"	"2016K4"	.	.
"3024 Bærum"	"Blokkleiligheter"	"2017K1"	.	.
"3024 Bærum"	"Blokkleiligheter"	"2017K2"	.	.
"3024 Bærum"	"Blokkleiligheter"	"2017K3"	.	.
"3024 Bærum"	"Blokkleiligheter"	"2017K4"	.	.
"3024 Bærum"	"Blokkleiligheter"	"2018K1"	.	.
"3024 Bærum"	"Blokkleiligheter"	"2018K2"	.	.
"3024 Bærum"	"Blokkleiligheter"	"2018K3"	.	.
"3024 Bærum"	"Blokkleiligheter"	"2018K4"	.	.
"3024 Bærum"	"Blokkleiligheter"	"2019K1"	.	.
"3024 Bærum"	"Blokkleiligheter"	"2019K2"	.	.
"3024 Bærum"	"Blokkleiligheter"	"2019K3"	.	.
"3024 Bærum"	"Blokkleiligheter"	"2019K4"	.	.
"3024 Bærum"	"Blokkleiligheter"	"2020K1"	70515	242
"3024 Bærum"	"Blokkleiligheter"	"2020K2"	71791	298
"3024 Bærum"	"Blokkleiligheter"	"2020K3"	71283	335
"3024 Bærum"	"Blokkleiligheter"	"2020K4"	71949	254
"3024 Bærum"	"Blokkleiligheter"	"2021K1"	78084	329
"3024 Bærum"	"Blokkleiligheter"	"2021K2"	78003	334
"3024 Bærum"	"Blokkleiligheter"	"2021K3"	77648	243
"3024 Bærum"	"Blokkleiligheter"	"2021K4"	77109	215
"3024 Bærum"	"Blokkleiligheter"	"2022K1"	82002	255
"3024 Bærum"	"Blokkleiligheter"	"2022K2"	82203	320
"3024 Bærum"	"Blokkleiligheter"	"2022K3"	84525	279
"3024 Bærum"	"Blokkleiligheter"	"2022K4"	79160	198
"3024 Bærum"	"Blokkleiligheter"	"2023K1"	82602	269
"3024 Bærum"	"Blokkleiligheter"	"2023K2"	85566	345
"3024 Bærum"	"Blokkleiligheter"	"2023K3"	82581	229
"3025 Asker"	"Eneboliger"	"2006K1"	.	.
"3025 Asker"	"Eneboliger"	"2006K2"	.	.
"3025 Asker"	"Eneboliger"	"2006K3"	.	.
"3025 Asker"	"Eneboliger"	"2006K4"	.	.
"3025 Asker"	"Eneboliger"	"2007K1"	.	.
"3025 Asker"	"Eneboliger"	"2007K2"	.	.
"3025 Asker"	"Eneboliger"	"2007K3"	.	.
"3025 Asker"	"Eneboliger"	"2007K4"	.	.
"3025 Asker"	"Eneboliger"	"2008K1"	.	.
"3025 Asker"	"Eneboliger"	"2008K2"	.	.
"3025 Asker"	"Eneboliger"	"2008K3"	.	.
"3025 Asker"	"Eneboliger"	"2008K4"	.	.
"3025 Asker"	"Eneboliger"	"2009K1"	.	.
"3025 Asker"	"Eneboliger"	"2009K2"	.	.
"3025 Asker"	"Eneboliger"	"2009K3"	.	.
"3025 Asker"	"Eneboliger"	"2009K4"	.	.
"3025 Asker"	"Eneboliger"	"2010K1"	.	.
"3025 Asker"	"Eneboliger"	"2010K2"	.	.
"3025 Asker"	"Eneboliger"	"2010K3"	.	.
"3025 Asker"	"Eneboliger"	"2010K4"	.	.
"3025 Asker"	"Eneboliger"	"2011K1"	.	.
"3025 Asker"	"Eneboliger"	"2011K2"	.	.
"3025 Asker"	"Eneboliger"	"2011K3"	.	.
"3025 Asker"	"Eneboliger"	"2011K4"	.	.
"3025 Asker"	"Eneboliger"	"2012K1"	.	.
"3025 Asker"	"Eneboliger"	"2012K2"	.	.
"3025 Asker"	"Eneboliger"	"2012K3"	.	.
"3025 Asker"	"Eneboliger"	"2012K4"	.	.
"3025 Asker"	"Eneboliger"	"2013K1"	.	.
"3025 Asker"	"Eneboliger"	"2013K2"	.	.
"3025 Asker"	"Eneboliger"	"2013K3"	.	.
"3025 Asker"	"Eneboliger"	"2013K4"	.	.
"3025 Asker"	"Eneboliger"	"2014K1"	.	.
"3025 Asker"	"Eneboliger"	"2014K2"	.	.
"3025 Asker"	"Eneboliger"	"2014K3"	.	.
"3025 Asker"	"Eneboliger"	"2014K4"	.	.
"3025 Asker"	"Eneboliger"	"2015K1"	.	.
"3025 Asker"	"Eneboliger"	"2015K2"	.	.
"3025 Asker"	"Eneboliger"	"2015K3"	.	.
"3025 Asker"	"Eneboliger"	"2015K4"	.	.
"3025 Asker"	"Eneboliger"	"2016K1"	.	.
"3025 Asker"	"Eneboliger"	"2016K2"	.	.
"3025 Asker"	"Eneboliger"	"2016K3"	.	.
"3025 Asker"	"Eneboliger"	"2016K4"	.	.
"3025 Asker"	"Eneboliger"	"2017K1"	.	.
"3025 Asker"	"Eneboliger"	"2017K2"	.	.
"3025 Asker"	"Eneboliger"	"2017K3"	.	.
"3025 Asker"	"Eneboliger"	"2017K4"	.	.
"3025 Asker"	"Eneboliger"	"2018K1"	.	.
"3025 Asker"	"Eneboliger"	"2018K2"	.	.
"3025 Asker"	"Eneboliger"	"2018K3"	.	.
"3025 Asker"	"Eneboliger"	"2018K4"	.	.
"3025 Asker"	"Eneboliger"	"2019K1"	.	.
"3025 Asker"	"Eneboliger"	"2019K2"	.	.
"3025 Asker"	"Eneboliger"	"2019K3"	.	.
"3025 Asker"	"Eneboliger"	"2019K4"	.	.
"3025 Asker"	"Eneboliger"	"2020K1"	40163	99
"3025 Asker"	"Eneboliger"	"2020K2"	42227	200
"3025 Asker"	"Eneboliger"	"2020K3"	42458	182
"3025 Asker"	"Eneboliger"	"2020K4"	43452	131
"3025 Asker"	"Eneboliger"	"2021K1"	44539	130
"3025 Asker"	"Eneboliger"	"2021K2"	51607	209
"3025 Asker"	"Eneboliger"	"2021K3"	50339	149
"3025 Asker"	"Eneboliger"	"2021K4"	46998	114
"3025 Asker"	"Eneboliger"	"2022K1"	47352	84
"3025 Asker"	"Eneboliger"	"2022K2"	49038	178
"3025 Asker"	"Eneboliger"	"2022K3"	47470	102
"3025 Asker"	"Eneboliger"	"2022K4"	44924	82
"3025 Asker"	"Eneboliger"	"2023K1"	46467	86
"3025 Asker"	"Eneboliger"	"2023K2"	50253	189
"3025 Asker"	"Eneboliger"	"2023K3"	47923	151
"3025 Asker"	"Småhus"	"2006K1"	.	.
"3025 Asker"	"Småhus"	"2006K2"	.	.
"3025 Asker"	"Småhus"	"2006K3"	.	.
"3025 Asker"	"Småhus"	"2006K4"	.	.
"3025 Asker"	"Småhus"	"2007K1"	.	.
"3025 Asker"	"Småhus"	"2007K2"	.	.
"3025 Asker"	"Småhus"	"2007K3"	.	.
"3025 Asker"	"Småhus"	"2007K4"	.	.
"3025 Asker"	"Småhus"	"2008K1"	.	.
"3025 Asker"	"Småhus"	"2008K2"	.	.
"3025 Asker"	"Småhus"	"2008K3"	.	.
"3025 Asker"	"Småhus"	"2008K4"	.	.
"3025 Asker"	"Småhus"	"2009K1"	.	.
"3025 Asker"	"Småhus"	"2009K2"	.	.
"3025 Asker"	"Småhus"	"2009K3"	.	.
"3025 Asker"	"Småhus"	"2009K4"	.	.
"3025 Asker"	"Småhus"	"2010K1"	.	.
"3025 Asker"	"Småhus"	"2010K2"	.	.
"3025 Asker"	"Småhus"	"2010K3"	.	.
"3025 Asker"	"Småhus"	"2010K4"	.	.
"3025 Asker"	"Småhus"	"2011K1"	.	.
"3025 Asker"	"Småhus"	"2011K2"	.	.
"3025 Asker"	"Småhus"	"2011K3"	.	.
"3025 Asker"	"Småhus"	"2011K4"	.	.
"3025 Asker"	"Småhus"	"2012K1"	.	.
"3025 Asker"	"Småhus"	"2012K2"	.	.
"3025 Asker"	"Småhus"	"2012K3"	.	.
"3025 Asker"	"Småhus"	"2012K4"	.	.
"3025 Asker"	"Småhus"	"2013K1"	.	.
"3025 Asker"	"Småhus"	"2013K2"	.	.
"3025 Asker"	"Småhus"	"2013K3"	.	.
"3025 Asker"	"Småhus"	"2013K4"	.	.
"3025 Asker"	"Småhus"	"2014K1"	.	.
"3025 Asker"	"Småhus"	"2014K2"	.	.
"3025 Asker"	"Småhus"	"2014K3"	.	.
"3025 Asker"	"Småhus"	"2014K4"	.	.
"3025 Asker"	"Småhus"	"2015K1"	.	.
"3025 Asker"	"Småhus"	"2015K2"	.	.
"3025 Asker"	"Småhus"	"2015K3"	.	.
"3025 Asker"	"Småhus"	"2015K4"	.	.
"3025 Asker"	"Småhus"	"2016K1"	.	.
"3025 Asker"	"Småhus"	"2016K2"	.	.
"3025 Asker"	"Småhus"	"2016K3"	.	.
"3025 Asker"	"Småhus"	"2016K4"	.	.
"3025 Asker"	"Småhus"	"2017K1"	.	.
"3025 Asker"	"Småhus"	"2017K2"	.	.
"3025 Asker"	"Småhus"	"2017K3"	.	.
"3025 Asker"	"Småhus"	"2017K4"	.	.
"3025 Asker"	"Småhus"	"2018K1"	.	.
"3025 Asker"	"Småhus"	"2018K2"	.	.
"3025 Asker"	"Småhus"	"2018K3"	.	.
"3025 Asker"	"Småhus"	"2018K4"	.	.
"3025 Asker"	"Småhus"	"2019K1"	.	.
"3025 Asker"	"Småhus"	"2019K2"	.	.
"3025 Asker"	"Småhus"	"2019K3"	.	.
"3025 Asker"	"Småhus"	"2019K4"	.	.
"3025 Asker"	"Småhus"	"2020K1"	45236	73
"3025 Asker"	"Småhus"	"2020K2"	43836	89
"3025 Asker"	"Småhus"	"2020K3"	45810	86
"3025 Asker"	"Småhus"	"2020K4"	43567	87
"3025 Asker"	"Småhus"	"2021K1"	46437	59
"3025 Asker"	"Småhus"	"2021K2"	49833	94
"3025 Asker"	"Småhus"	"2021K3"	49169	88
"3025 Asker"	"Småhus"	"2021K4"	47321	83
"3025 Asker"	"Småhus"	"2022K1"	49633	48
"3025 Asker"	"Småhus"	"2022K2"	53718	127
"3025 Asker"	"Småhus"	"2022K3"	53758	70
"3025 Asker"	"Småhus"	"2022K4"	50049	48
"3025 Asker"	"Småhus"	"2023K1"	50275	69
"3025 Asker"	"Småhus"	"2023K2"	50065	103
"3025 Asker"	"Småhus"	"2023K3"	48687	63
"3025 Asker"	"Blokkleiligheter"	"2006K1"	.	.
"3025 Asker"	"Blokkleiligheter"	"2006K2"	.	.
"3025 Asker"	"Blokkleiligheter"	"2006K3"	.	.
"3025 Asker"	"Blokkleiligheter"	"2006K4"	.	.
"3025 Asker"	"Blokkleiligheter"	"2007K1"	.	.
"3025 Asker"	"Blokkleiligheter"	"2007K2"	.	.
"3025 Asker"	"Blokkleiligheter"	"2007K3"	.	.
"3025 Asker"	"Blokkleiligheter"	"2007K4"	.	.
"3025 Asker"	"Blokkleiligheter"	"2008K1"	.	.
"3025 Asker"	"Blokkleiligheter"	"2008K2"	.	.
"3025 Asker"	"Blokkleiligheter"	"2008K3"	.	.
"3025 Asker"	"Blokkleiligheter"	"2008K4"	.	.
"3025 Asker"	"Blokkleiligheter"	"2009K1"	.	.
"3025 Asker"	"Blokkleiligheter"	"2009K2"	.	.
"3025 Asker"	"Blokkleiligheter"	"2009K3"	.	.
"3025 Asker"	"Blokkleiligheter"	"2009K4"	.	.
"3025 Asker"	"Blokkleiligheter"	"2010K1"	.	.
"3025 Asker"	"Blokkleiligheter"	"2010K2"	.	.
"3025 Asker"	"Blokkleiligheter"	"2010K3"	.	.
"3025 Asker"	"Blokkleiligheter"	"2010K4"	.	.
"3025 Asker"	"Blokkleiligheter"	"2011K1"	.	.
"3025 Asker"	"Blokkleiligheter"	"2011K2"	.	.
"3025 Asker"	"Blokkleiligheter"	"2011K3"	.	.
"3025 Asker"	"Blokkleiligheter"	"2011K4"	.	.
"3025 Asker"	"Blokkleiligheter"	"2012K1"	.	.
"3025 Asker"	"Blokkleiligheter"	"2012K2"	.	.
"3025 Asker"	"Blokkleiligheter"	"2012K3"	.	.
"3025 Asker"	"Blokkleiligheter"	"2012K4"	.	.
"3025 Asker"	"Blokkleiligheter"	"2013K1"	.	.
"3025 Asker"	"Blokkleiligheter"	"2013K2"	.	.
"3025 Asker"	"Blokkleiligheter"	"2013K3"	.	.
"3025 Asker"	"Blokkleiligheter"	"2013K4"	.	.
"3025 Asker"	"Blokkleiligheter"	"2014K1"	.	.
"3025 Asker"	"Blokkleiligheter"	"2014K2"	.	.
"3025 Asker"	"Blokkleiligheter"	"2014K3"	.	.
"3025 Asker"	"Blokkleiligheter"	"2014K4"	.	.
"3025 Asker"	"Blokkleiligheter"	"2015K1"	.	.
"3025 Asker"	"Blokkleiligheter"	"2015K2"	.	.
"3025 Asker"	"Blokkleiligheter"	"2015K3"	.	.
"3025 Asker"	"Blokkleiligheter"	"2015K4"	.	.
"3025 Asker"	"Blokkleiligheter"	"2016K1"	.	.
"3025 Asker"	"Blokkleiligheter"	"2016K2"	.	.
"3025 Asker"	"Blokkleiligheter"	"2016K3"	.	.
"3025 Asker"	"Blokkleiligheter"	"2016K4"	.	.
"3025 Asker"	"Blokkleiligheter"	"2017K1"	.	.
"3025 Asker"	"Blokkleiligheter"	"2017K2"	.	.
"3025 Asker"	"Blokkleiligheter"	"2017K3"	.	.
"3025 Asker"	"Blokkleiligheter"	"2017K4"	.	.
"3025 Asker"	"Blokkleiligheter"	"2018K1"	.	.
"3025 Asker"	"Blokkleiligheter"	"2018K2"	.	.
"3025 Asker"	"Blokkleiligheter"	"2018K3"	.	.
"3025 Asker"	"Blokkleiligheter"	"2018K4"	.	.
"3025 Asker"	"Blokkleiligheter"	"2019K1"	.	.
"3025 Asker"	"Blokkleiligheter"	"2019K2"	.	.
"3025 Asker"	"Blokkleiligheter"	"2019K3"	.	.
"3025 Asker"	"Blokkleiligheter"	"2019K4"	.	.
"3025 Asker"	"Blokkleiligheter"	"2020K1"	53719	109
"3025 Asker"	"Blokkleiligheter"	"2020K2"	54664	142
"3025 Asker"	"Blokkleiligheter"	"2020K3"	57265	130
"3025 Asker"	"Blokkleiligheter"	"2020K4"	58026	130
"3025 Asker"	"Blokkleiligheter"	"2021K1"	58852	132
"3025 Asker"	"Blokkleiligheter"	"2021K2"	60647	164
"3025 Asker"	"Blokkleiligheter"	"2021K3"	64744	139
"3025 Asker"	"Blokkleiligheter"	"2021K4"	63551	148
"3025 Asker"	"Blokkleiligheter"	"2022K1"	64180	135
"3025 Asker"	"Blokkleiligheter"	"2022K2"	63206	174
"3025 Asker"	"Blokkleiligheter"	"2022K3"	62843	102
"3025 Asker"	"Blokkleiligheter"	"2022K4"	67801	108
"3025 Asker"	"Blokkleiligheter"	"2023K1"	64437	136
"3025 Asker"	"Blokkleiligheter"	"2023K2"	68883	147
"3025 Asker"	"Blokkleiligheter"	"2023K3"	69836	113
"3029 Lørenskog"	"Eneboliger"	"2006K1"	.	.
"3029 Lørenskog"	"Eneboliger"	"2006K2"	.	.
"3029 Lørenskog"	"Eneboliger"	"2006K3"	.	.
"3029 Lørenskog"	"Eneboliger"	"2006K4"	.	.
"3029 Lørenskog"	"Eneboliger"	"2007K1"	.	.
"3029 Lørenskog"	"Eneboliger"	"2007K2"	.	.
"3029 Lørenskog"	"Eneboliger"	"2007K3"	.	.
"3029 Lørenskog"	"Eneboliger"	"2007K4"	.	.
"3029 Lørenskog"	"Eneboliger"	"2008K1"	.	.
"3029 Lørenskog"	"Eneboliger"	"2008K2"	.	.
"3029 Lørenskog"	"Eneboliger"	"2008K3"	.	.
"3029 Lørenskog"	"Eneboliger"	"2008K4"	.	.
"3029 Lørenskog"	"Eneboliger"	"2009K1"	.	.
"3029 Lørenskog"	"Eneboliger"	"2009K2"	.	.
"3029 Lørenskog"	"Eneboliger"	"2009K3"	.	.
"3029 Lørenskog"	"Eneboliger"	"2009K4"	.	.
"3029 Lørenskog"	"Eneboliger"	"2010K1"	.	.
"3029 Lørenskog"	"Eneboliger"	"2010K2"	.	.
"3029 Lørenskog"	"Eneboliger"	"2010K3"	.	.
"3029 Lørenskog"	"Eneboliger"	"2010K4"	.	.
"3029 Lørenskog"	"Eneboliger"	"2011K1"	.	.
"3029 Lørenskog"	"Eneboliger"	"2011K2"	.	.
"3029 Lørenskog"	"Eneboliger"	"2011K3"	.	.
"3029 Lørenskog"	"Eneboliger"	"2011K4"	.	.
"3029 Lørenskog"	"Eneboliger"	"2012K1"	.	.
"3029 Lørenskog"	"Eneboliger"	"2012K2"	.	.
"3029 Lørenskog"	"Eneboliger"	"2012K3"	.	.
"3029 Lørenskog"	"Eneboliger"	"2012K4"	.	.
"3029 Lørenskog"	"Eneboliger"	"2013K1"	.	.
"3029 Lørenskog"	"Eneboliger"	"2013K2"	.	.
"3029 Lørenskog"	"Eneboliger"	"2013K3"	.	.
"3029 Lørenskog"	"Eneboliger"	"2013K4"	.	.
"3029 Lørenskog"	"Eneboliger"	"2014K1"	.	.
"3029 Lørenskog"	"Eneboliger"	"2014K2"	.	.
"3029 Lørenskog"	"Eneboliger"	"2014K3"	.	.
"3029 Lørenskog"	"Eneboliger"	"2014K4"	.	.
"3029 Lørenskog"	"Eneboliger"	"2015K1"	.	.
"3029 Lørenskog"	"Eneboliger"	"2015K2"	.	.
"3029 Lørenskog"	"Eneboliger"	"2015K3"	.	.
"3029 Lørenskog"	"Eneboliger"	"2015K4"	.	.
"3029 Lørenskog"	"Eneboliger"	"2016K1"	.	.
"3029 Lørenskog"	"Eneboliger"	"2016K2"	.	.
"3029 Lørenskog"	"Eneboliger"	"2016K3"	.	.
"3029 Lørenskog"	"Eneboliger"	"2016K4"	.	.
"3029 Lørenskog"	"Eneboliger"	"2017K1"	.	.
"3029 Lørenskog"	"Eneboliger"	"2017K2"	.	.
"3029 Lørenskog"	"Eneboliger"	"2017K3"	.	.
"3029 Lørenskog"	"Eneboliger"	"2017K4"	.	.
"3029 Lørenskog"	"Eneboliger"	"2018K1"	.	.
"3029 Lørenskog"	"Eneboliger"	"2018K2"	.	.
"3029 Lørenskog"	"Eneboliger"	"2018K3"	.	.
"3029 Lørenskog"	"Eneboliger"	"2018K4"	.	.
"3029 Lørenskog"	"Eneboliger"	"2019K1"	.	.
"3029 Lørenskog"	"Eneboliger"	"2019K2"	.	.
"3029 Lørenskog"	"Eneboliger"	"2019K3"	.	.
"3029 Lørenskog"	"Eneboliger"	"2019K4"	.	.
"3029 Lørenskog"	"Eneboliger"	"2020K1"	42747	32
"3029 Lørenskog"	"Eneboliger"	"2020K2"	43299	52
"3029 Lørenskog"	"Eneboliger"	"2020K3"	43928	52
"3029 Lørenskog"	"Eneboliger"	"2020K4"	46357	38
"3029 Lørenskog"	"Eneboliger"	"2021K1"	47605	34
"3029 Lørenskog"	"Eneboliger"	"2021K2"	49577	36
"3029 Lørenskog"	"Eneboliger"	"2021K3"	50220	43
"3029 Lørenskog"	"Eneboliger"	"2021K4"	51917	35
"3029 Lørenskog"	"Eneboliger"	"2022K1"	53316	25
"3029 Lørenskog"	"Eneboliger"	"2022K2"	54370	54
"3029 Lørenskog"	"Eneboliger"	"2022K3"	48650	34
"3029 Lørenskog"	"Eneboliger"	"2022K4"	48692	22
"3029 Lørenskog"	"Eneboliger"	"2023K1"	50768	28
"3029 Lørenskog"	"Eneboliger"	"2023K2"	50083	42
"3029 Lørenskog"	"Eneboliger"	"2023K3"	46648	26
"3029 Lørenskog"	"Småhus"	"2006K1"	.	.
"3029 Lørenskog"	"Småhus"	"2006K2"	.	.
"3029 Lørenskog"	"Småhus"	"2006K3"	.	.
"3029 Lørenskog"	"Småhus"	"2006K4"	.	.
"3029 Lørenskog"	"Småhus"	"2007K1"	.	.
"3029 Lørenskog"	"Småhus"	"2007K2"	.	.
"3029 Lørenskog"	"Småhus"	"2007K3"	.	.
"3029 Lørenskog"	"Småhus"	"2007K4"	.	.
"3029 Lørenskog"	"Småhus"	"2008K1"	.	.
"3029 Lørenskog"	"Småhus"	"2008K2"	.	.
"3029 Lørenskog"	"Småhus"	"2008K3"	.	.
"3029 Lørenskog"	"Småhus"	"2008K4"	.	.
"3029 Lørenskog"	"Småhus"	"2009K1"	.	.
"3029 Lørenskog"	"Småhus"	"2009K2"	.	.
"3029 Lørenskog"	"Småhus"	"2009K3"	.	.
"3029 Lørenskog"	"Småhus"	"2009K4"	.	.
"3029 Lørenskog"	"Småhus"	"2010K1"	.	.
"3029 Lørenskog"	"Småhus"	"2010K2"	.	.
"3029 Lørenskog"	"Småhus"	"2010K3"	.	.
"3029 Lørenskog"	"Småhus"	"2010K4"	.	.
"3029 Lørenskog"	"Småhus"	"2011K1"	.	.
"3029 Lørenskog"	"Småhus"	"2011K2"	.	.
"3029 Lørenskog"	"Småhus"	"2011K3"	.	.
"3029 Lørenskog"	"Småhus"	"2011K4"	.	.
"3029 Lørenskog"	"Småhus"	"2012K1"	.	.
"3029 Lørenskog"	"Småhus"	"2012K2"	.	.
"3029 Lørenskog"	"Småhus"	"2012K3"	.	.
"3029 Lørenskog"	"Småhus"	"2012K4"	.	.
"3029 Lørenskog"	"Småhus"	"2013K1"	.	.
"3029 Lørenskog"	"Småhus"	"2013K2"	.	.
"3029 Lørenskog"	"Småhus"	"2013K3"	.	.
"3029 Lørenskog"	"Småhus"	"2013K4"	.	.
"3029 Lørenskog"	"Småhus"	"2014K1"	.	.
"3029 Lørenskog"	"Småhus"	"2014K2"	.	.
"3029 Lørenskog"	"Småhus"	"2014K3"	.	.
"3029 Lørenskog"	"Småhus"	"2014K4"	.	.
"3029 Lørenskog"	"Småhus"	"2015K1"	.	.
"3029 Lørenskog"	"Småhus"	"2015K2"	.	.
"3029 Lørenskog"	"Småhus"	"2015K3"	.	.
"3029 Lørenskog"	"Småhus"	"2015K4"	.	.
"3029 Lørenskog"	"Småhus"	"2016K1"	.	.
"3029 Lørenskog"	"Småhus"	"2016K2"	.	.
"3029 Lørenskog"	"Småhus"	"2016K3"	.	.
"3029 Lørenskog"	"Småhus"	"2016K4"	.	.
"3029 Lørenskog"	"Småhus"	"2017K1"	.	.
"3029 Lørenskog"	"Småhus"	"2017K2"	.	.
"3029 Lørenskog"	"Småhus"	"2017K3"	.	.
"3029 Lørenskog"	"Småhus"	"2017K4"	.	.
"3029 Lørenskog"	"Småhus"	"2018K1"	.	.
"3029 Lørenskog"	"Småhus"	"2018K2"	.	.
"3029 Lørenskog"	"Småhus"	"2018K3"	.	.
"3029 Lørenskog"	"Småhus"	"2018K4"	.	.
"3029 Lørenskog"	"Småhus"	"2019K1"	.	.
"3029 Lørenskog"	"Småhus"	"2019K2"	.	.
"3029 Lørenskog"	"Småhus"	"2019K3"	.	.
"3029 Lørenskog"	"Småhus"	"2019K4"	.	.
"3029 Lørenskog"	"Småhus"	"2020K1"	44175	13
"3029 Lørenskog"	"Småhus"	"2020K2"	45748	30
"3029 Lørenskog"	"Småhus"	"2020K3"	52351	20
"3029 Lørenskog"	"Småhus"	"2020K4"	..	8
"3029 Lørenskog"	"Småhus"	"2021K1"	44550	16
"3029 Lørenskog"	"Småhus"	"2021K2"	51659	20
"3029 Lørenskog"	"Småhus"	"2021K3"	47833	10
"3029 Lørenskog"	"Småhus"	"2021K4"	52787	13
"3029 Lørenskog"	"Småhus"	"2022K1"	55136	15
"3029 Lørenskog"	"Småhus"	"2022K2"	54906	17
"3029 Lørenskog"	"Småhus"	"2022K3"	50301	11
"3029 Lørenskog"	"Småhus"	"2022K4"	58068	10
"3029 Lørenskog"	"Småhus"	"2023K1"	53745	14
"3029 Lørenskog"	"Småhus"	"2023K2"	52060	14
"3029 Lørenskog"	"Småhus"	"2023K3"	50385	15
"3029 Lørenskog"	"Blokkleiligheter"	"2006K1"	.	.
"3029 Lørenskog"	"Blokkleiligheter"	"2006K2"	.	.
"3029 Lørenskog"	"Blokkleiligheter"	"2006K3"	.	.
"3029 Lørenskog"	"Blokkleiligheter"	"2006K4"	.	.
"3029 Lørenskog"	"Blokkleiligheter"	"2007K1"	.	.
"3029 Lørenskog"	"Blokkleiligheter"	"2007K2"	.	.
"3029 Lørenskog"	"Blokkleiligheter"	"2007K3"	.	.
"3029 Lørenskog"	"Blokkleiligheter"	"2007K4"	.	.
"3029 Lørenskog"	"Blokkleiligheter"	"2008K1"	.	.
"3029 Lørenskog"	"Blokkleiligheter"	"2008K2"	.	.
"3029 Lørenskog"	"Blokkleiligheter"	"2008K3"	.	.
"3029 Lørenskog"	"Blokkleiligheter"	"2008K4"	.	.
"3029 Lørenskog"	"Blokkleiligheter"	"2009K1"	.	.
"3029 Lørenskog"	"Blokkleiligheter"	"2009K2"	.	.
"3029 Lørenskog"	"Blokkleiligheter"	"2009K3"	.	.
"3029 Lørenskog"	"Blokkleiligheter"	"2009K4"	.	.
"3029 Lørenskog"	"Blokkleiligheter"	"2010K1"	.	.
"3029 Lørenskog"	"Blokkleiligheter"	"2010K2"	.	.
"3029 Lørenskog"	"Blokkleiligheter"	"2010K3"	.	.
"3029 Lørenskog"	"Blokkleiligheter"	"2010K4"	.	.
"3029 Lørenskog"	"Blokkleiligheter"	"2011K1"	.	.
"3029 Lørenskog"	"Blokkleiligheter"	"2011K2"	.	.
"3029 Lørenskog"	"Blokkleiligheter"	"2011K3"	.	.
"3029 Lørenskog"	"Blokkleiligheter"	"2011K4"	.	.
"3029 Lørenskog"	"Blokkleiligheter"	"2012K1"	.	.
"3029 Lørenskog"	"Blokkleiligheter"	"2012K2"	.	.
"3029 Lørenskog"	"Blokkleiligheter"	"2012K3"	.	.
"3029 Lørenskog"	"Blokkleiligheter"	"2012K4"	.	.
"3029 Lørenskog"	"Blokkleiligheter"	"2013K1"	.	.
"3029 Lørenskog"	"Blokkleiligheter"	"2013K2"	.	.
"3029 Lørenskog"	"Blokkleiligheter"	"2013K3"	.	.
"3029 Lørenskog"	"Blokkleiligheter"	"2013K4"	.	.
"3029 Lørenskog"	"Blokkleiligheter"	"2014K1"	.	.
"3029 Lørenskog"	"Blokkleiligheter"	"2014K2"	.	.
"3029 Lørenskog"	"Blokkleiligheter"	"2014K3"	.	.
"3029 Lørenskog"	"Blokkleiligheter"	"2014K4"	.	.
"3029 Lørenskog"	"Blokkleiligheter"	"2015K1"	.	.
"3029 Lørenskog"	"Blokkleiligheter"	"2015K2"	.	.
"3029 Lørenskog"	"Blokkleiligheter"	"2015K3"	.	.
"3029 Lørenskog"	"Blokkleiligheter"	"2015K4"	.	.
"3029 Lørenskog"	"Blokkleiligheter"	"2016K1"	.	.
"3029 Lørenskog"	"Blokkleiligheter"	"2016K2"	.	.
"3029 Lørenskog"	"Blokkleiligheter"	"2016K3"	.	.
"3029 Lørenskog"	"Blokkleiligheter"	"2016K4"	.	.
"3029 Lørenskog"	"Blokkleiligheter"	"2017K1"	.	.
"3029 Lørenskog"	"Blokkleiligheter"	"2017K2"	.	.
"3029 Lørenskog"	"Blokkleiligheter"	"2017K3"	.	.
"3029 Lørenskog"	"Blokkleiligheter"	"2017K4"	.	.
"3029 Lørenskog"	"Blokkleiligheter"	"2018K1"	.	.
"3029 Lørenskog"	"Blokkleiligheter"	"2018K2"	.	.
"3029 Lørenskog"	"Blokkleiligheter"	"2018K3"	.	.
"3029 Lørenskog"	"Blokkleiligheter"	"2018K4"	.	.
"3029 Lørenskog"	"Blokkleiligheter"	"2019K1"	.	.
"3029 Lørenskog"	"Blokkleiligheter"	"2019K2"	.	.
"3029 Lørenskog"	"Blokkleiligheter"	"2019K3"	.	.
"3029 Lørenskog"	"Blokkleiligheter"	"2019K4"	.	.
"3029 Lørenskog"	"Blokkleiligheter"	"2020K1"	62006	67
"3029 Lørenskog"	"Blokkleiligheter"	"2020K2"	60333	70
"3029 Lørenskog"	"Blokkleiligheter"	"2020K3"	61088	95
"3029 Lørenskog"	"Blokkleiligheter"	"2020K4"	65411	102
"3029 Lørenskog"	"Blokkleiligheter"	"2021K1"	68049	90
"3029 Lørenskog"	"Blokkleiligheter"	"2021K2"	66877	101
"3029 Lørenskog"	"Blokkleiligheter"	"2021K3"	68320	111
"3029 Lørenskog"	"Blokkleiligheter"	"2021K4"	68728	100
"3029 Lørenskog"	"Blokkleiligheter"	"2022K1"	71240	95
"3029 Lørenskog"	"Blokkleiligheter"	"2022K2"	70930	111
"3029 Lørenskog"	"Blokkleiligheter"	"2022K3"	72660	98
"3029 Lørenskog"	"Blokkleiligheter"	"2022K4"	70803	84
"3029 Lørenskog"	"Blokkleiligheter"	"2023K1"	70419	116
"3029 Lørenskog"	"Blokkleiligheter"	"2023K2"	73733	98
"3029 Lørenskog"	"Blokkleiligheter"	"2023K3"	71979	92
"3030 Lillestrøm"	"Eneboliger"	"2006K1"	.	.
"3030 Lillestrøm"	"Eneboliger"	"2006K2"	.	.
"3030 Lillestrøm"	"Eneboliger"	"2006K3"	.	.
"3030 Lillestrøm"	"Eneboliger"	"2006K4"	.	.
"3030 Lillestrøm"	"Eneboliger"	"2007K1"	.	.
"3030 Lillestrøm"	"Eneboliger"	"2007K2"	.	.
"3030 Lillestrøm"	"Eneboliger"	"2007K3"	.	.
"3030 Lillestrøm"	"Eneboliger"	"2007K4"	.	.
"3030 Lillestrøm"	"Eneboliger"	"2008K1"	.	.
"3030 Lillestrøm"	"Eneboliger"	"2008K2"	.	.
"3030 Lillestrøm"	"Eneboliger"	"2008K3"	.	.
"3030 Lillestrøm"	"Eneboliger"	"2008K4"	.	.
"3030 Lillestrøm"	"Eneboliger"	"2009K1"	.	.
"3030 Lillestrøm"	"Eneboliger"	"2009K2"	.	.
"3030 Lillestrøm"	"Eneboliger"	"2009K3"	.	.
"3030 Lillestrøm"	"Eneboliger"	"2009K4"	.	.
"3030 Lillestrøm"	"Eneboliger"	"2010K1"	.	.
"3030 Lillestrøm"	"Eneboliger"	"2010K2"	.	.
"3030 Lillestrøm"	"Eneboliger"	"2010K3"	.	.
"3030 Lillestrøm"	"Eneboliger"	"2010K4"	.	.
"3030 Lillestrøm"	"Eneboliger"	"2011K1"	.	.
"3030 Lillestrøm"	"Eneboliger"	"2011K2"	.	.
"3030 Lillestrøm"	"Eneboliger"	"2011K3"	.	.
"3030 Lillestrøm"	"Eneboliger"	"2011K4"	.	.
"3030 Lillestrøm"	"Eneboliger"	"2012K1"	.	.
"3030 Lillestrøm"	"Eneboliger"	"2012K2"	.	.
"3030 Lillestrøm"	"Eneboliger"	"2012K3"	.	.
"3030 Lillestrøm"	"Eneboliger"	"2012K4"	.	.
"3030 Lillestrøm"	"Eneboliger"	"2013K1"	.	.
"3030 Lillestrøm"	"Eneboliger"	"2013K2"	.	.
"3030 Lillestrøm"	"Eneboliger"	"2013K3"	.	.
"3030 Lillestrøm"	"Eneboliger"	"2013K4"	.	.
"3030 Lillestrøm"	"Eneboliger"	"2014K1"	.	.
"3030 Lillestrøm"	"Eneboliger"	"2014K2"	.	.
"3030 Lillestrøm"	"Eneboliger"	"2014K3"	.	.
"3030 Lillestrøm"	"Eneboliger"	"2014K4"	.	.
"3030 Lillestrøm"	"Eneboliger"	"2015K1"	.	.
"3030 Lillestrøm"	"Eneboliger"	"2015K2"	.	.
"3030 Lillestrøm"	"Eneboliger"	"2015K3"	.	.
"3030 Lillestrøm"	"Eneboliger"	"2015K4"	.	.
"3030 Lillestrøm"	"Eneboliger"	"2016K1"	.	.
"3030 Lillestrøm"	"Eneboliger"	"2016K2"	.	.
"3030 Lillestrøm"	"Eneboliger"	"2016K3"	.	.
"3030 Lillestrøm"	"Eneboliger"	"2016K4"	.	.
"3030 Lillestrøm"	"Eneboliger"	"2017K1"	.	.
"3030 Lillestrøm"	"Eneboliger"	"2017K2"	.	.
"3030 Lillestrøm"	"Eneboliger"	"2017K3"	.	.
"3030 Lillestrøm"	"Eneboliger"	"2017K4"	.	.
"3030 Lillestrøm"	"Eneboliger"	"2018K1"	.	.
"3030 Lillestrøm"	"Eneboliger"	"2018K2"	.	.
"3030 Lillestrøm"	"Eneboliger"	"2018K3"	.	.
"3030 Lillestrøm"	"Eneboliger"	"2018K4"	.	.
"3030 Lillestrøm"	"Eneboliger"	"2019K1"	.	.
"3030 Lillestrøm"	"Eneboliger"	"2019K2"	.	.
"3030 Lillestrøm"	"Eneboliger"	"2019K3"	.	.
"3030 Lillestrøm"	"Eneboliger"	"2019K4"	.	.
"3030 Lillestrøm"	"Eneboliger"	"2020K1"	36391	134
"3030 Lillestrøm"	"Eneboliger"	"2020K2"	35821	136
"3030 Lillestrøm"	"Eneboliger"	"2020K3"	36871	116
"3030 Lillestrøm"	"Eneboliger"	"2020K4"	38738	93
"3030 Lillestrøm"	"Eneboliger"	"2021K1"	41619	83
"3030 Lillestrøm"	"Eneboliger"	"2021K2"	40081	141
"3030 Lillestrøm"	"Eneboliger"	"2021K3"	39782	99
"3030 Lillestrøm"	"Eneboliger"	"2021K4"	39513	104
"3030 Lillestrøm"	"Eneboliger"	"2022K1"	40763	73
"3030 Lillestrøm"	"Eneboliger"	"2022K2"	41873	148
"3030 Lillestrøm"	"Eneboliger"	"2022K3"	40258	117
"3030 Lillestrøm"	"Eneboliger"	"2022K4"	40256	83
"3030 Lillestrøm"	"Eneboliger"	"2023K1"	42419	84
"3030 Lillestrøm"	"Eneboliger"	"2023K2"	42642	124
"3030 Lillestrøm"	"Eneboliger"	"2023K3"	39612	94
"3030 Lillestrøm"	"Småhus"	"2006K1"	.	.
"3030 Lillestrøm"	"Småhus"	"2006K2"	.	.
"3030 Lillestrøm"	"Småhus"	"2006K3"	.	.
"3030 Lillestrøm"	"Småhus"	"2006K4"	.	.
"3030 Lillestrøm"	"Småhus"	"2007K1"	.	.
"3030 Lillestrøm"	"Småhus"	"2007K2"	.	.
"3030 Lillestrøm"	"Småhus"	"2007K3"	.	.
"3030 Lillestrøm"	"Småhus"	"2007K4"	.	.
"3030 Lillestrøm"	"Småhus"	"2008K1"	.	.
"3030 Lillestrøm"	"Småhus"	"2008K2"	.	.
"3030 Lillestrøm"	"Småhus"	"2008K3"	.	.
"3030 Lillestrøm"	"Småhus"	"2008K4"	.	.
"3030 Lillestrøm"	"Småhus"	"2009K1"	.	.
"3030 Lillestrøm"	"Småhus"	"2009K2"	.	.
"3030 Lillestrøm"	"Småhus"	"2009K3"	.	.
"3030 Lillestrøm"	"Småhus"	"2009K4"	.	.
"3030 Lillestrøm"	"Småhus"	"2010K1"	.	.
"3030 Lillestrøm"	"Småhus"	"2010K2"	.	.
"3030 Lillestrøm"	"Småhus"	"2010K3"	.	.
"3030 Lillestrøm"	"Småhus"	"2010K4"	.	.
"3030 Lillestrøm"	"Småhus"	"2011K1"	.	.
"3030 Lillestrøm"	"Småhus"	"2011K2"	.	.
"3030 Lillestrøm"	"Småhus"	"2011K3"	.	.
"3030 Lillestrøm"	"Småhus"	"2011K4"	.	.
"3030 Lillestrøm"	"Småhus"	"2012K1"	.	.
"3030 Lillestrøm"	"Småhus"	"2012K2"	.	.
"3030 Lillestrøm"	"Småhus"	"2012K3"	.	.
"3030 Lillestrøm"	"Småhus"	"2012K4"	.	.
"3030 Lillestrøm"	"Småhus"	"2013K1"	.	.
"3030 Lillestrøm"	"Småhus"	"2013K2"	.	.
"3030 Lillestrøm"	"Småhus"	"2013K3"	.	.
"3030 Lillestrøm"	"Småhus"	"2013K4"	.	.
"3030 Lillestrøm"	"Småhus"	"2014K1"	.	.
"3030 Lillestrøm"	"Småhus"	"2014K2"	.	.
"3030 Lillestrøm"	"Småhus"	"2014K3"	.	.
"3030 Lillestrøm"	"Småhus"	"2014K4"	.	.
"3030 Lillestrøm"	"Småhus"	"2015K1"	.	.
"3030 Lillestrøm"	"Småhus"	"2015K2"	.	.
"3030 Lillestrøm"	"Småhus"	"2015K3"	.	.
"3030 Lillestrøm"	"Småhus"	"2015K4"	.	.
"3030 Lillestrøm"	"Småhus"	"2016K1"	.	.
"3030 Lillestrøm"	"Småhus"	"2016K2"	.	.
"3030 Lillestrøm"	"Småhus"	"2016K3"	.	.
"3030 Lillestrøm"	"Småhus"	"2016K4"	.	.
"3030 Lillestrøm"	"Småhus"	"2017K1"	.	.
"3030 Lillestrøm"	"Småhus"	"2017K2"	.	.
"3030 Lillestrøm"	"Småhus"	"2017K3"	.	.
"3030 Lillestrøm"	"Småhus"	"2017K4"	.	.
"3030 Lillestrøm"	"Småhus"	"2018K1"	.	.
"3030 Lillestrøm"	"Småhus"	"2018K2"	.	.
"3030 Lillestrøm"	"Småhus"	"2018K3"	.	.
"3030 Lillestrøm"	"Småhus"	"2018K4"	.	.
"3030 Lillestrøm"	"Småhus"	"2019K1"	.	.
"3030 Lillestrøm"	"Småhus"	"2019K2"	.	.
"3030 Lillestrøm"	"Småhus"	"2019K3"	.	.
"3030 Lillestrøm"	"Småhus"	"2019K4"	.	.
"3030 Lillestrøm"	"Småhus"	"2020K1"	39774	44
"3030 Lillestrøm"	"Småhus"	"2020K2"	41605	60
"3030 Lillestrøm"	"Småhus"	"2020K3"	41587	50
"3030 Lillestrøm"	"Småhus"	"2020K4"	43709	55
"3030 Lillestrøm"	"Småhus"	"2021K1"	44018	48
"3030 Lillestrøm"	"Småhus"	"2021K2"	44121	73
"3030 Lillestrøm"	"Småhus"	"2021K3"	44118	49
"3030 Lillestrøm"	"Småhus"	"2021K4"	44367	40
"3030 Lillestrøm"	"Småhus"	"2022K1"	49007	49
"3030 Lillestrøm"	"Småhus"	"2022K2"	45183	55
"3030 Lillestrøm"	"Småhus"	"2022K3"	47380	38
"3030 Lillestrøm"	"Småhus"	"2022K4"	41473	36
"3030 Lillestrøm"	"Småhus"	"2023K1"	45334	41
"3030 Lillestrøm"	"Småhus"	"2023K2"	46423	45
"3030 Lillestrøm"	"Småhus"	"2023K3"	42911	52
"3030 Lillestrøm"	"Blokkleiligheter"	"2006K1"	.	.
"3030 Lillestrøm"	"Blokkleiligheter"	"2006K2"	.	.
"3030 Lillestrøm"	"Blokkleiligheter"	"2006K3"	.	.
"3030 Lillestrøm"	"Blokkleiligheter"	"2006K4"	.	.
"3030 Lillestrøm"	"Blokkleiligheter"	"2007K1"	.	.
"3030 Lillestrøm"	"Blokkleiligheter"	"2007K2"	.	.
"3030 Lillestrøm"	"Blokkleiligheter"	"2007K3"	.	.
"3030 Lillestrøm"	"Blokkleiligheter"	"2007K4"	.	.
"3030 Lillestrøm"	"Blokkleiligheter"	"2008K1"	.	.
"3030 Lillestrøm"	"Blokkleiligheter"	"2008K2"	.	.
"3030 Lillestrøm"	"Blokkleiligheter"	"2008K3"	.	.
"3030 Lillestrøm"	"Blokkleiligheter"	"2008K4"	.	.
"3030 Lillestrøm"	"Blokkleiligheter"	"2009K1"	.	.
"3030 Lillestrøm"	"Blokkleiligheter"	"2009K2"	.	.
"3030 Lillestrøm"	"Blokkleiligheter"	"2009K3"	.	.
"3030 Lillestrøm"	"Blokkleiligheter"	"2009K4"	.	.
"3030 Lillestrøm"	"Blokkleiligheter"	"2010K1"	.	.
"3030 Lillestrøm"	"Blokkleiligheter"	"2010K2"	.	.
"3030 Lillestrøm"	"Blokkleiligheter"	"2010K3"	.	.
"3030 Lillestrøm"	"Blokkleiligheter"	"2010K4"	.	.
"3030 Lillestrøm"	"Blokkleiligheter"	"2011K1"	.	.
"3030 Lillestrøm"	"Blokkleiligheter"	"2011K2"	.	.
"3030 Lillestrøm"	"Blokkleiligheter"	"2011K3"	.	.
"3030 Lillestrøm"	"Blokkleiligheter"	"2011K4"	.	.
"3030 Lillestrøm"	"Blokkleiligheter"	"2012K1"	.	.
"3030 Lillestrøm"	"Blokkleiligheter"	"2012K2"	.	.
"3030 Lillestrøm"	"Blokkleiligheter"	"2012K3"	.	.
"3030 Lillestrøm"	"Blokkleiligheter"	"2012K4"	.	.
"3030 Lillestrøm"	"Blokkleiligheter"	"2013K1"	.	.
"3030 Lillestrøm"	"Blokkleiligheter"	"2013K2"	.	.
"3030 Lillestrøm"	"Blokkleiligheter"	"2013K3"	.	.
"3030 Lillestrøm"	"Blokkleiligheter"	"2013K4"	.	.
"3030 Lillestrøm"	"Blokkleiligheter"	"2014K1"	.	.
"3030 Lillestrøm"	"Blokkleiligheter"	"2014K2"	.	.
"3030 Lillestrøm"	"Blokkleiligheter"	"2014K3"	.	.
"3030 Lillestrøm"	"Blokkleiligheter"	"2014K4"	.	.
"3030 Lillestrøm"	"Blokkleiligheter"	"2015K1"	.	.
"3030 Lillestrøm"	"Blokkleiligheter"	"2015K2"	.	.
"3030 Lillestrøm"	"Blokkleiligheter"	"2015K3"	.	.
"3030 Lillestrøm"	"Blokkleiligheter"	"2015K4"	.	.
"3030 Lillestrøm"	"Blokkleiligheter"	"2016K1"	.	.
"3030 Lillestrøm"	"Blokkleiligheter"	"2016K2"	.	.
"3030 Lillestrøm"	"Blokkleiligheter"	"2016K3"	.	.
"3030 Lillestrøm"	"Blokkleiligheter"	"2016K4"	.	.
"3030 Lillestrøm"	"Blokkleiligheter"	"2017K1"	.	.
"3030 Lillestrøm"	"Blokkleiligheter"	"2017K2"	.	.
"3030 Lillestrøm"	"Blokkleiligheter"	"2017K3"	.	.
"3030 Lillestrøm"	"Blokkleiligheter"	"2017K4"	.	.
"3030 Lillestrøm"	"Blokkleiligheter"	"2018K1"	.	.
"3030 Lillestrøm"	"Blokkleiligheter"	"2018K2"	.	.
"3030 Lillestrøm"	"Blokkleiligheter"	"2018K3"	.	.
"3030 Lillestrøm"	"Blokkleiligheter"	"2018K4"	.	.
"3030 Lillestrøm"	"Blokkleiligheter"	"2019K1"	.	.
"3030 Lillestrøm"	"Blokkleiligheter"	"2019K2"	.	.
"3030 Lillestrøm"	"Blokkleiligheter"	"2019K3"	.	.
"3030 Lillestrøm"	"Blokkleiligheter"	"2019K4"	.	.
"3030 Lillestrøm"	"Blokkleiligheter"	"2020K1"	55805	107
"3030 Lillestrøm"	"Blokkleiligheter"	"2020K2"	58260	99
"3030 Lillestrøm"	"Blokkleiligheter"	"2020K3"	58310	114
"3030 Lillestrøm"	"Blokkleiligheter"	"2020K4"	62608	106
"3030 Lillestrøm"	"Blokkleiligheter"	"2021K1"	65771	129
"3030 Lillestrøm"	"Blokkleiligheter"	"2021K2"	65331	122
"3030 Lillestrøm"	"Blokkleiligheter"	"2021K3"	65338	123
"3030 Lillestrøm"	"Blokkleiligheter"	"2021K4"	65515	127
"3030 Lillestrøm"	"Blokkleiligheter"	"2022K1"	67586	121
"3030 Lillestrøm"	"Blokkleiligheter"	"2022K2"	68821	130
"3030 Lillestrøm"	"Blokkleiligheter"	"2022K3"	66760	113
"3030 Lillestrøm"	"Blokkleiligheter"	"2022K4"	63796	99
"3030 Lillestrøm"	"Blokkleiligheter"	"2023K1"	69217	128
"3030 Lillestrøm"	"Blokkleiligheter"	"2023K2"	72761	134
"3030 Lillestrøm"	"Blokkleiligheter"	"2023K3"	70687	122
"3031 Nittedal"	"Eneboliger"	"2006K1"	.	.
"3031 Nittedal"	"Eneboliger"	"2006K2"	.	.
"3031 Nittedal"	"Eneboliger"	"2006K3"	.	.
"3031 Nittedal"	"Eneboliger"	"2006K4"	.	.
"3031 Nittedal"	"Eneboliger"	"2007K1"	.	.
"3031 Nittedal"	"Eneboliger"	"2007K2"	.	.
"3031 Nittedal"	"Eneboliger"	"2007K3"	.	.
"3031 Nittedal"	"Eneboliger"	"2007K4"	.	.
"3031 Nittedal"	"Eneboliger"	"2008K1"	.	.
"3031 Nittedal"	"Eneboliger"	"2008K2"	.	.
"3031 Nittedal"	"Eneboliger"	"2008K3"	.	.
"3031 Nittedal"	"Eneboliger"	"2008K4"	.	.
"3031 Nittedal"	"Eneboliger"	"2009K1"	.	.
"3031 Nittedal"	"Eneboliger"	"2009K2"	.	.
"3031 Nittedal"	"Eneboliger"	"2009K3"	.	.
"3031 Nittedal"	"Eneboliger"	"2009K4"	.	.
"3031 Nittedal"	"Eneboliger"	"2010K1"	.	.
"3031 Nittedal"	"Eneboliger"	"2010K2"	.	.
"3031 Nittedal"	"Eneboliger"	"2010K3"	.	.
"3031 Nittedal"	"Eneboliger"	"2010K4"	.	.
"3031 Nittedal"	"Eneboliger"	"2011K1"	.	.
"3031 Nittedal"	"Eneboliger"	"2011K2"	.	.
"3031 Nittedal"	"Eneboliger"	"2011K3"	.	.
"3031 Nittedal"	"Eneboliger"	"2011K4"	.	.
"3031 Nittedal"	"Eneboliger"	"2012K1"	.	.
"3031 Nittedal"	"Eneboliger"	"2012K2"	.	.
"3031 Nittedal"	"Eneboliger"	"2012K3"	.	.
"3031 Nittedal"	"Eneboliger"	"2012K4"	.	.
"3031 Nittedal"	"Eneboliger"	"2013K1"	.	.
"3031 Nittedal"	"Eneboliger"	"2013K2"	.	.
"3031 Nittedal"	"Eneboliger"	"2013K3"	.	.
"3031 Nittedal"	"Eneboliger"	"2013K4"	.	.
"3031 Nittedal"	"Eneboliger"	"2014K1"	.	.
"3031 Nittedal"	"Eneboliger"	"2014K2"	.	.
"3031 Nittedal"	"Eneboliger"	"2014K3"	.	.
"3031 Nittedal"	"Eneboliger"	"2014K4"	.	.
"3031 Nittedal"	"Eneboliger"	"2015K1"	.	.
"3031 Nittedal"	"Eneboliger"	"2015K2"	.	.
"3031 Nittedal"	"Eneboliger"	"2015K3"	.	.
"3031 Nittedal"	"Eneboliger"	"2015K4"	.	.
"3031 Nittedal"	"Eneboliger"	"2016K1"	.	.
"3031 Nittedal"	"Eneboliger"	"2016K2"	.	.
"3031 Nittedal"	"Eneboliger"	"2016K3"	.	.
"3031 Nittedal"	"Eneboliger"	"2016K4"	.	.
"3031 Nittedal"	"Eneboliger"	"2017K1"	.	.
"3031 Nittedal"	"Eneboliger"	"2017K2"	.	.
"3031 Nittedal"	"Eneboliger"	"2017K3"	.	.
"3031 Nittedal"	"Eneboliger"	"2017K4"	.	.
"3031 Nittedal"	"Eneboliger"	"2018K1"	.	.
"3031 Nittedal"	"Eneboliger"	"2018K2"	.	.
"3031 Nittedal"	"Eneboliger"	"2018K3"	.	.
"3031 Nittedal"	"Eneboliger"	"2018K4"	.	.
"3031 Nittedal"	"Eneboliger"	"2019K1"	.	.
"3031 Nittedal"	"Eneboliger"	"2019K2"	.	.
"3031 Nittedal"	"Eneboliger"	"2019K3"	.	.
"3031 Nittedal"	"Eneboliger"	"2019K4"	.	.
"3031 Nittedal"	"Eneboliger"	"2020K1"	34140	25
"3031 Nittedal"	"Eneboliger"	"2020K2"	35577	45
"3031 Nittedal"	"Eneboliger"	"2020K3"	39027	54
"3031 Nittedal"	"Eneboliger"	"2020K4"	35502	43
"3031 Nittedal"	"Eneboliger"	"2021K1"	39129	43
"3031 Nittedal"	"Eneboliger"	"2021K2"	41482	59
"3031 Nittedal"	"Eneboliger"	"2021K3"	43139	32
"3031 Nittedal"	"Eneboliger"	"2021K4"	41859	33
"3031 Nittedal"	"Eneboliger"	"2022K1"	44801	25
"3031 Nittedal"	"Eneboliger"	"2022K2"	42462	44
"3031 Nittedal"	"Eneboliger"	"2022K3"	43133	25
"3031 Nittedal"	"Eneboliger"	"2022K4"	40455	24
"3031 Nittedal"	"Eneboliger"	"2023K1"	40137	28
"3031 Nittedal"	"Eneboliger"	"2023K2"	42740	43
"3031 Nittedal"	"Eneboliger"	"2023K3"	39800	32
"3031 Nittedal"	"Småhus"	"2006K1"	.	.
"3031 Nittedal"	"Småhus"	"2006K2"	.	.
"3031 Nittedal"	"Småhus"	"2006K3"	.	.
"3031 Nittedal"	"Småhus"	"2006K4"	.	.
"3031 Nittedal"	"Småhus"	"2007K1"	.	.
"3031 Nittedal"	"Småhus"	"2007K2"	.	.
"3031 Nittedal"	"Småhus"	"2007K3"	.	.
"3031 Nittedal"	"Småhus"	"2007K4"	.	.
"3031 Nittedal"	"Småhus"	"2008K1"	.	.
"3031 Nittedal"	"Småhus"	"2008K2"	.	.
"3031 Nittedal"	"Småhus"	"2008K3"	.	.
"3031 Nittedal"	"Småhus"	"2008K4"	.	.
"3031 Nittedal"	"Småhus"	"2009K1"	.	.
"3031 Nittedal"	"Småhus"	"2009K2"	.	.
"3031 Nittedal"	"Småhus"	"2009K3"	.	.
"3031 Nittedal"	"Småhus"	"2009K4"	.	.
"3031 Nittedal"	"Småhus"	"2010K1"	.	.
"3031 Nittedal"	"Småhus"	"2010K2"	.	.
"3031 Nittedal"	"Småhus"	"2010K3"	.	.
"3031 Nittedal"	"Småhus"	"2010K4"	.	.
"3031 Nittedal"	"Småhus"	"2011K1"	.	.
"3031 Nittedal"	"Småhus"	"2011K2"	.	.
"3031 Nittedal"	"Småhus"	"2011K3"	.	.
"3031 Nittedal"	"Småhus"	"2011K4"	.	.
"3031 Nittedal"	"Småhus"	"2012K1"	.	.
"3031 Nittedal"	"Småhus"	"2012K2"	.	.
"3031 Nittedal"	"Småhus"	"2012K3"	.	.
"3031 Nittedal"	"Småhus"	"2012K4"	.	.
"3031 Nittedal"	"Småhus"	"2013K1"	.	.
"3031 Nittedal"	"Småhus"	"2013K2"	.	.
"3031 Nittedal"	"Småhus"	"2013K3"	.	.
"3031 Nittedal"	"Småhus"	"2013K4"	.	.
"3031 Nittedal"	"Småhus"	"2014K1"	.	.
"3031 Nittedal"	"Småhus"	"2014K2"	.	.
"3031 Nittedal"	"Småhus"	"2014K3"	.	.
"3031 Nittedal"	"Småhus"	"2014K4"	.	.
"3031 Nittedal"	"Småhus"	"2015K1"	.	.
"3031 Nittedal"	"Småhus"	"2015K2"	.	.
"3031 Nittedal"	"Småhus"	"2015K3"	.	.
"3031 Nittedal"	"Småhus"	"2015K4"	.	.
"3031 Nittedal"	"Småhus"	"2016K1"	.	.
"3031 Nittedal"	"Småhus"	"2016K2"	.	.
"3031 Nittedal"	"Småhus"	"2016K3"	.	.
"3031 Nittedal"	"Småhus"	"2016K4"	.	.
"3031 Nittedal"	"Småhus"	"2017K1"	.	.
"3031 Nittedal"	"Småhus"	"2017K2"	.	.
"3031 Nittedal"	"Småhus"	"2017K3"	.	.
"3031 Nittedal"	"Småhus"	"2017K4"	.	.
"3031 Nittedal"	"Småhus"	"2018K1"	.	.
"3031 Nittedal"	"Småhus"	"2018K2"	.	.
"3031 Nittedal"	"Småhus"	"2018K3"	.	.
"3031 Nittedal"	"Småhus"	"2018K4"	.	.
"3031 Nittedal"	"Småhus"	"2019K1"	.	.
"3031 Nittedal"	"Småhus"	"2019K2"	.	.
"3031 Nittedal"	"Småhus"	"2019K3"	.	.
"3031 Nittedal"	"Småhus"	"2019K4"	.	.
"3031 Nittedal"	"Småhus"	"2020K1"	36410	17
"3031 Nittedal"	"Småhus"	"2020K2"	36752	17
"3031 Nittedal"	"Småhus"	"2020K3"	..	9
"3031 Nittedal"	"Småhus"	"2020K4"	37468	17
"3031 Nittedal"	"Småhus"	"2021K1"	41178	17
"3031 Nittedal"	"Småhus"	"2021K2"	41900	18
"3031 Nittedal"	"Småhus"	"2021K3"	42713	14
"3031 Nittedal"	"Småhus"	"2021K4"	35207	11
"3031 Nittedal"	"Småhus"	"2022K1"	43965	15
"3031 Nittedal"	"Småhus"	"2022K2"	45117	19
"3031 Nittedal"	"Småhus"	"2022K3"	44427	15
"3031 Nittedal"	"Småhus"	"2022K4"	47039	14
"3031 Nittedal"	"Småhus"	"2023K1"	43053	12
"3031 Nittedal"	"Småhus"	"2023K2"	40751	13
"3031 Nittedal"	"Småhus"	"2023K3"	35411	14
"3031 Nittedal"	"Blokkleiligheter"	"2006K1"	.	.
"3031 Nittedal"	"Blokkleiligheter"	"2006K2"	.	.
"3031 Nittedal"	"Blokkleiligheter"	"2006K3"	.	.
"3031 Nittedal"	"Blokkleiligheter"	"2006K4"	.	.
"3031 Nittedal"	"Blokkleiligheter"	"2007K1"	.	.
"3031 Nittedal"	"Blokkleiligheter"	"2007K2"	.	.
"3031 Nittedal"	"Blokkleiligheter"	"2007K3"	.	.
"3031 Nittedal"	"Blokkleiligheter"	"2007K4"	.	.
"3031 Nittedal"	"Blokkleiligheter"	"2008K1"	.	.
"3031 Nittedal"	"Blokkleiligheter"	"2008K2"	.	.
"3031 Nittedal"	"Blokkleiligheter"	"2008K3"	.	.
"3031 Nittedal"	"Blokkleiligheter"	"2008K4"	.	.
"3031 Nittedal"	"Blokkleiligheter"	"2009K1"	.	.
"3031 Nittedal"	"Blokkleiligheter"	"2009K2"	.	.
"3031 Nittedal"	"Blokkleiligheter"	"2009K3"	.	.
"3031 Nittedal"	"Blokkleiligheter"	"2009K4"	.	.
"3031 Nittedal"	"Blokkleiligheter"	"2010K1"	.	.
"3031 Nittedal"	"Blokkleiligheter"	"2010K2"	.	.
"3031 Nittedal"	"Blokkleiligheter"	"2010K3"	.	.
"3031 Nittedal"	"Blokkleiligheter"	"2010K4"	.	.
"3031 Nittedal"	"Blokkleiligheter"	"2011K1"	.	.
"3031 Nittedal"	"Blokkleiligheter"	"2011K2"	.	.
"3031 Nittedal"	"Blokkleiligheter"	"2011K3"	.	.
"3031 Nittedal"	"Blokkleiligheter"	"2011K4"	.	.
"3031 Nittedal"	"Blokkleiligheter"	"2012K1"	.	.
"3031 Nittedal"	"Blokkleiligheter"	"2012K2"	.	.
"3031 Nittedal"	"Blokkleiligheter"	"2012K3"	.	.
"3031 Nittedal"	"Blokkleiligheter"	"2012K4"	.	.
"3031 Nittedal"	"Blokkleiligheter"	"2013K1"	.	.
"3031 Nittedal"	"Blokkleiligheter"	"2013K2"	.	.
"3031 Nittedal"	"Blokkleiligheter"	"2013K3"	.	.
"3031 Nittedal"	"Blokkleiligheter"	"2013K4"	.	.
"3031 Nittedal"	"Blokkleiligheter"	"2014K1"	.	.
"3031 Nittedal"	"Blokkleiligheter"	"2014K2"	.	.
"3031 Nittedal"	"Blokkleiligheter"	"2014K3"	.	.
"3031 Nittedal"	"Blokkleiligheter"	"2014K4"	.	.
"3031 Nittedal"	"Blokkleiligheter"	"2015K1"	.	.
"3031 Nittedal"	"Blokkleiligheter"	"2015K2"	.	.
"3031 Nittedal"	"Blokkleiligheter"	"2015K3"	.	.
"3031 Nittedal"	"Blokkleiligheter"	"2015K4"	.	.
"3031 Nittedal"	"Blokkleiligheter"	"2016K1"	.	.
"3031 Nittedal"	"Blokkleiligheter"	"2016K2"	.	.
"3031 Nittedal"	"Blokkleiligheter"	"2016K3"	.	.
"3031 Nittedal"	"Blokkleiligheter"	"2016K4"	.	.
"3031 Nittedal"	"Blokkleiligheter"	"2017K1"	.	.
"3031 Nittedal"	"Blokkleiligheter"	"2017K2"	.	.
"3031 Nittedal"	"Blokkleiligheter"	"2017K3"	.	.
"3031 Nittedal"	"Blokkleiligheter"	"2017K4"	.	.
"3031 Nittedal"	"Blokkleiligheter"	"2018K1"	.	.
"3031 Nittedal"	"Blokkleiligheter"	"2018K2"	.	.
"3031 Nittedal"	"Blokkleiligheter"	"2018K3"	.	.
"3031 Nittedal"	"Blokkleiligheter"	"2018K4"	.	.
"3031 Nittedal"	"Blokkleiligheter"	"2019K1"	.	.
"3031 Nittedal"	"Blokkleiligheter"	"2019K2"	.	.
"3031 Nittedal"	"Blokkleiligheter"	"2019K3"	.	.
"3031 Nittedal"	"Blokkleiligheter"	"2019K4"	.	.
"3031 Nittedal"	"Blokkleiligheter"	"2020K1"	43706	15
"3031 Nittedal"	"Blokkleiligheter"	"2020K2"	47012	16
"3031 Nittedal"	"Blokkleiligheter"	"2020K3"	46941	19
"3031 Nittedal"	"Blokkleiligheter"	"2020K4"	54800	19
"3031 Nittedal"	"Blokkleiligheter"	"2021K1"	51914	16
"3031 Nittedal"	"Blokkleiligheter"	"2021K2"	56123	17
"3031 Nittedal"	"Blokkleiligheter"	"2021K3"	57233	11
"3031 Nittedal"	"Blokkleiligheter"	"2021K4"	..	7
"3031 Nittedal"	"Blokkleiligheter"	"2022K1"	55122	20
"3031 Nittedal"	"Blokkleiligheter"	"2022K2"	54299	26
"3031 Nittedal"	"Blokkleiligheter"	"2022K3"	66687	19
"3031 Nittedal"	"Blokkleiligheter"	"2022K4"	54701	14
"3031 Nittedal"	"Blokkleiligheter"	"2023K1"	54305	12
"3031 Nittedal"	"Blokkleiligheter"	"2023K2"	61103	21
"3031 Nittedal"	"Blokkleiligheter"	"2023K3"	..	7
"3033 Ullensaker"	"Eneboliger"	"2006K1"	.	.
"3033 Ullensaker"	"Eneboliger"	"2006K2"	.	.
"3033 Ullensaker"	"Eneboliger"	"2006K3"	.	.
"3033 Ullensaker"	"Eneboliger"	"2006K4"	.	.
"3033 Ullensaker"	"Eneboliger"	"2007K1"	.	.
"3033 Ullensaker"	"Eneboliger"	"2007K2"	.	.
"3033 Ullensaker"	"Eneboliger"	"2007K3"	.	.
"3033 Ullensaker"	"Eneboliger"	"2007K4"	.	.
"3033 Ullensaker"	"Eneboliger"	"2008K1"	.	.
"3033 Ullensaker"	"Eneboliger"	"2008K2"	.	.
"3033 Ullensaker"	"Eneboliger"	"2008K3"	.	.
"3033 Ullensaker"	"Eneboliger"	"2008K4"	.	.
"3033 Ullensaker"	"Eneboliger"	"2009K1"	.	.
"3033 Ullensaker"	"Eneboliger"	"2009K2"	.	.
"3033 Ullensaker"	"Eneboliger"	"2009K3"	.	.
"3033 Ullensaker"	"Eneboliger"	"2009K4"	.	.
"3033 Ullensaker"	"Eneboliger"	"2010K1"	.	.
"3033 Ullensaker"	"Eneboliger"	"2010K2"	.	.
"3033 Ullensaker"	"Eneboliger"	"2010K3"	.	.
"3033 Ullensaker"	"Eneboliger"	"2010K4"	.	.
"3033 Ullensaker"	"Eneboliger"	"2011K1"	.	.
"3033 Ullensaker"	"Eneboliger"	"2011K2"	.	.
"3033 Ullensaker"	"Eneboliger"	"2011K3"	.	.
"3033 Ullensaker"	"Eneboliger"	"2011K4"	.	.
"3033 Ullensaker"	"Eneboliger"	"2012K1"	.	.
"3033 Ullensaker"	"Eneboliger"	"2012K2"	.	.
"3033 Ullensaker"	"Eneboliger"	"2012K3"	.	.
"3033 Ullensaker"	"Eneboliger"	"2012K4"	.	.
"3033 Ullensaker"	"Eneboliger"	"2013K1"	.	.
"3033 Ullensaker"	"Eneboliger"	"2013K2"	.	.
"3033 Ullensaker"	"Eneboliger"	"2013K3"	.	.
"3033 Ullensaker"	"Eneboliger"	"2013K4"	.	.
"3033 Ullensaker"	"Eneboliger"	"2014K1"	.	.
"3033 Ullensaker"	"Eneboliger"	"2014K2"	.	.
"3033 Ullensaker"	"Eneboliger"	"2014K3"	.	.
"3033 Ullensaker"	"Eneboliger"	"2014K4"	.	.
"3033 Ullensaker"	"Eneboliger"	"2015K1"	.	.
"3033 Ullensaker"	"Eneboliger"	"2015K2"	.	.
"3033 Ullensaker"	"Eneboliger"	"2015K3"	.	.
"3033 Ullensaker"	"Eneboliger"	"2015K4"	.	.
"3033 Ullensaker"	"Eneboliger"	"2016K1"	.	.
"3033 Ullensaker"	"Eneboliger"	"2016K2"	.	.
"3033 Ullensaker"	"Eneboliger"	"2016K3"	.	.
"3033 Ullensaker"	"Eneboliger"	"2016K4"	.	.
"3033 Ullensaker"	"Eneboliger"	"2017K1"	.	.
"3033 Ullensaker"	"Eneboliger"	"2017K2"	.	.
"3033 Ullensaker"	"Eneboliger"	"2017K3"	.	.
"3033 Ullensaker"	"Eneboliger"	"2017K4"	.	.
"3033 Ullensaker"	"Eneboliger"	"2018K1"	.	.
"3033 Ullensaker"	"Eneboliger"	"2018K2"	.	.
"3033 Ullensaker"	"Eneboliger"	"2018K3"	.	.
"3033 Ullensaker"	"Eneboliger"	"2018K4"	.	.
"3033 Ullensaker"	"Eneboliger"	"2019K1"	.	.
"3033 Ullensaker"	"Eneboliger"	"2019K2"	.	.
"3033 Ullensaker"	"Eneboliger"	"2019K3"	.	.
"3033 Ullensaker"	"Eneboliger"	"2019K4"	.	.
"3033 Ullensaker"	"Eneboliger"	"2020K1"	32410	47
"3033 Ullensaker"	"Eneboliger"	"2020K2"	33979	61
"3033 Ullensaker"	"Eneboliger"	"2020K3"	34325	68
"3033 Ullensaker"	"Eneboliger"	"2020K4"	35397	53
"3033 Ullensaker"	"Eneboliger"	"2021K1"	37218	50
"3033 Ullensaker"	"Eneboliger"	"2021K2"	39084	68
"3033 Ullensaker"	"Eneboliger"	"2021K3"	39829	60
"3033 Ullensaker"	"Eneboliger"	"2021K4"	38517	43
"3033 Ullensaker"	"Eneboliger"	"2022K1"	38046	42
"3033 Ullensaker"	"Eneboliger"	"2022K2"	39466	69
"3033 Ullensaker"	"Eneboliger"	"2022K3"	40020	55
"3033 Ullensaker"	"Eneboliger"	"2022K4"	38071	41
"3033 Ullensaker"	"Eneboliger"	"2023K1"	38458	49
"3033 Ullensaker"	"Eneboliger"	"2023K2"	38656	56
"3033 Ullensaker"	"Eneboliger"	"2023K3"	42097	32
"3033 Ullensaker"	"Småhus"	"2006K1"	.	.
"3033 Ullensaker"	"Småhus"	"2006K2"	.	.
"3033 Ullensaker"	"Småhus"	"2006K3"	.	.
"3033 Ullensaker"	"Småhus"	"2006K4"	.	.
"3033 Ullensaker"	"Småhus"	"2007K1"	.	.
"3033 Ullensaker"	"Småhus"	"2007K2"	.	.
"3033 Ullensaker"	"Småhus"	"2007K3"	.	.
"3033 Ullensaker"	"Småhus"	"2007K4"	.	.
"3033 Ullensaker"	"Småhus"	"2008K1"	.	.
"3033 Ullensaker"	"Småhus"	"2008K2"	.	.
"3033 Ullensaker"	"Småhus"	"2008K3"	.	.
"3033 Ullensaker"	"Småhus"	"2008K4"	.	.
"3033 Ullensaker"	"Småhus"	"2009K1"	.	.
"3033 Ullensaker"	"Småhus"	"2009K2"	.	.
"3033 Ullensaker"	"Småhus"	"2009K3"	.	.
"3033 Ullensaker"	"Småhus"	"2009K4"	.	.
"3033 Ullensaker"	"Småhus"	"2010K1"	.	.
"3033 Ullensaker"	"Småhus"	"2010K2"	.	.
"3033 Ullensaker"	"Småhus"	"2010K3"	.	.
"3033 Ullensaker"	"Småhus"	"2010K4"	.	.
"3033 Ullensaker"	"Småhus"	"2011K1"	.	.
"3033 Ullensaker"	"Småhus"	"2011K2"	.	.
"3033 Ullensaker"	"Småhus"	"2011K3"	.	.
"3033 Ullensaker"	"Småhus"	"2011K4"	.	.
"3033 Ullensaker"	"Småhus"	"2012K1"	.	.
"3033 Ullensaker"	"Småhus"	"2012K2"	.	.
"3033 Ullensaker"	"Småhus"	"2012K3"	.	.
"3033 Ullensaker"	"Småhus"	"2012K4"	.	.
"3033 Ullensaker"	"Småhus"	"2013K1"	.	.
"3033 Ullensaker"	"Småhus"	"2013K2"	.	.
"3033 Ullensaker"	"Småhus"	"2013K3"	.	.
"3033 Ullensaker"	"Småhus"	"2013K4"	.	.
"3033 Ullensaker"	"Småhus"	"2014K1"	.	.
"3033 Ullensaker"	"Småhus"	"2014K2"	.	.
"3033 Ullensaker"	"Småhus"	"2014K3"	.	.
"3033 Ullensaker"	"Småhus"	"2014K4"	.	.
"3033 Ullensaker"	"Småhus"	"2015K1"	.	.
"3033 Ullensaker"	"Småhus"	"2015K2"	.	.
"3033 Ullensaker"	"Småhus"	"2015K3"	.	.
"3033 Ullensaker"	"Småhus"	"2015K4"	.	.
"3033 Ullensaker"	"Småhus"	"2016K1"	.	.
"3033 Ullensaker"	"Småhus"	"2016K2"	.	.
"3033 Ullensaker"	"Småhus"	"2016K3"	.	.
"3033 Ullensaker"	"Småhus"	"2016K4"	.	.
"3033 Ullensaker"	"Småhus"	"2017K1"	.	.
"3033 Ullensaker"	"Småhus"	"2017K2"	.	.
"3033 Ullensaker"	"Småhus"	"2017K3"	.	.
"3033 Ullensaker"	"Småhus"	"2017K4"	.	.
"3033 Ullensaker"	"Småhus"	"2018K1"	.	.
"3033 Ullensaker"	"Småhus"	"2018K2"	.	.
"3033 Ullensaker"	"Småhus"	"2018K3"	.	.
"3033 Ullensaker"	"Småhus"	"2018K4"	.	.
"3033 Ullensaker"	"Småhus"	"2019K1"	.	.
"3033 Ullensaker"	"Småhus"	"2019K2"	.	.
"3033 Ullensaker"	"Småhus"	"2019K3"	.	.
"3033 Ullensaker"	"Småhus"	"2019K4"	.	.
"3033 Ullensaker"	"Småhus"	"2020K1"	36279	38
"3033 Ullensaker"	"Småhus"	"2020K2"	37602	25
"3033 Ullensaker"	"Småhus"	"2020K3"	37500	23
"3033 Ullensaker"	"Småhus"	"2020K4"	39601	27
"3033 Ullensaker"	"Småhus"	"2021K1"	42843	23
"3033 Ullensaker"	"Småhus"	"2021K2"	42934	45
"3033 Ullensaker"	"Småhus"	"2021K3"	43229	22
"3033 Ullensaker"	"Småhus"	"2021K4"	44284	24
"3033 Ullensaker"	"Småhus"	"2022K1"	44347	26
"3033 Ullensaker"	"Småhus"	"2022K2"	46956	35
"3033 Ullensaker"	"Småhus"	"2022K3"	43714	28
"3033 Ullensaker"	"Småhus"	"2022K4"	41668	26
"3033 Ullensaker"	"Småhus"	"2023K1"	42002	20
"3033 Ullensaker"	"Småhus"	"2023K2"	42839	25
"3033 Ullensaker"	"Småhus"	"2023K3"	43809	23
"3033 Ullensaker"	"Blokkleiligheter"	"2006K1"	.	.
"3033 Ullensaker"	"Blokkleiligheter"	"2006K2"	.	.
"3033 Ullensaker"	"Blokkleiligheter"	"2006K3"	.	.
"3033 Ullensaker"	"Blokkleiligheter"	"2006K4"	.	.
"3033 Ullensaker"	"Blokkleiligheter"	"2007K1"	.	.
"3033 Ullensaker"	"Blokkleiligheter"	"2007K2"	.	.
"3033 Ullensaker"	"Blokkleiligheter"	"2007K3"	.	.
"3033 Ullensaker"	"Blokkleiligheter"	"2007K4"	.	.
"3033 Ullensaker"	"Blokkleiligheter"	"2008K1"	.	.
"3033 Ullensaker"	"Blokkleiligheter"	"2008K2"	.	.
"3033 Ullensaker"	"Blokkleiligheter"	"2008K3"	.	.
"3033 Ullensaker"	"Blokkleiligheter"	"2008K4"	.	.
"3033 Ullensaker"	"Blokkleiligheter"	"2009K1"	.	.
"3033 Ullensaker"	"Blokkleiligheter"	"2009K2"	.	.
"3033 Ullensaker"	"Blokkleiligheter"	"2009K3"	.	.
"3033 Ullensaker"	"Blokkleiligheter"	"2009K4"	.	.
"3033 Ullensaker"	"Blokkleiligheter"	"2010K1"	.	.
"3033 Ullensaker"	"Blokkleiligheter"	"2010K2"	.	.
"3033 Ullensaker"	"Blokkleiligheter"	"2010K3"	.	.
"3033 Ullensaker"	"Blokkleiligheter"	"2010K4"	.	.
"3033 Ullensaker"	"Blokkleiligheter"	"2011K1"	.	.
"3033 Ullensaker"	"Blokkleiligheter"	"2011K2"	.	.
"3033 Ullensaker"	"Blokkleiligheter"	"2011K3"	.	.
"3033 Ullensaker"	"Blokkleiligheter"	"2011K4"	.	.
"3033 Ullensaker"	"Blokkleiligheter"	"2012K1"	.	.
"3033 Ullensaker"	"Blokkleiligheter"	"2012K2"	.	.
"3033 Ullensaker"	"Blokkleiligheter"	"2012K3"	.	.
"3033 Ullensaker"	"Blokkleiligheter"	"2012K4"	.	.
"3033 Ullensaker"	"Blokkleiligheter"	"2013K1"	.	.
"3033 Ullensaker"	"Blokkleiligheter"	"2013K2"	.	.
"3033 Ullensaker"	"Blokkleiligheter"	"2013K3"	.	.
"3033 Ullensaker"	"Blokkleiligheter"	"2013K4"	.	.
"3033 Ullensaker"	"Blokkleiligheter"	"2014K1"	.	.
"3033 Ullensaker"	"Blokkleiligheter"	"2014K2"	.	.
"3033 Ullensaker"	"Blokkleiligheter"	"2014K3"	.	.
"3033 Ullensaker"	"Blokkleiligheter"	"2014K4"	.	.
"3033 Ullensaker"	"Blokkleiligheter"	"2015K1"	.	.
"3033 Ullensaker"	"Blokkleiligheter"	"2015K2"	.	.
"3033 Ullensaker"	"Blokkleiligheter"	"2015K3"	.	.
"3033 Ullensaker"	"Blokkleiligheter"	"2015K4"	.	.
"3033 Ullensaker"	"Blokkleiligheter"	"2016K1"	.	.
"3033 Ullensaker"	"Blokkleiligheter"	"2016K2"	.	.
"3033 Ullensaker"	"Blokkleiligheter"	"2016K3"	.	.
"3033 Ullensaker"	"Blokkleiligheter"	"2016K4"	.	.
"3033 Ullensaker"	"Blokkleiligheter"	"2017K1"	.	.
"3033 Ullensaker"	"Blokkleiligheter"	"2017K2"	.	.
"3033 Ullensaker"	"Blokkleiligheter"	"2017K3"	.	.
"3033 Ullensaker"	"Blokkleiligheter"	"2017K4"	.	.
"3033 Ullensaker"	"Blokkleiligheter"	"2018K1"	.	.
"3033 Ullensaker"	"Blokkleiligheter"	"2018K2"	.	.
"3033 Ullensaker"	"Blokkleiligheter"	"2018K3"	.	.
"3033 Ullensaker"	"Blokkleiligheter"	"2018K4"	.	.
"3033 Ullensaker"	"Blokkleiligheter"	"2019K1"	.	.
"3033 Ullensaker"	"Blokkleiligheter"	"2019K2"	.	.
"3033 Ullensaker"	"Blokkleiligheter"	"2019K3"	.	.
"3033 Ullensaker"	"Blokkleiligheter"	"2019K4"	.	.
"3033 Ullensaker"	"Blokkleiligheter"	"2020K1"	50518	93
"3033 Ullensaker"	"Blokkleiligheter"	"2020K2"	50993	90
"3033 Ullensaker"	"Blokkleiligheter"	"2020K3"	53022	120
"3033 Ullensaker"	"Blokkleiligheter"	"2020K4"	53343	98
"3033 Ullensaker"	"Blokkleiligheter"	"2021K1"	53612	110
"3033 Ullensaker"	"Blokkleiligheter"	"2021K2"	56560	116
"3033 Ullensaker"	"Blokkleiligheter"	"2021K3"	56964	97
"3033 Ullensaker"	"Blokkleiligheter"	"2021K4"	55714	72
"3033 Ullensaker"	"Blokkleiligheter"	"2022K1"	58630	86
"3033 Ullensaker"	"Blokkleiligheter"	"2022K2"	58536	109
"3033 Ullensaker"	"Blokkleiligheter"	"2022K3"	60290	108
"3033 Ullensaker"	"Blokkleiligheter"	"2022K4"	60514	91
"3033 Ullensaker"	"Blokkleiligheter"	"2023K1"	61003	97
"3033 Ullensaker"	"Blokkleiligheter"	"2023K2"	61095	101
"3033 Ullensaker"	"Blokkleiligheter"	"2023K3"	63201	94
"3034 Nes"	"Eneboliger"	"2006K1"	.	.
"3034 Nes"	"Eneboliger"	"2006K2"	.	.
"3034 Nes"	"Eneboliger"	"2006K3"	.	.
"3034 Nes"	"Eneboliger"	"2006K4"	.	.
"3034 Nes"	"Eneboliger"	"2007K1"	.	.
"3034 Nes"	"Eneboliger"	"2007K2"	.	.
"3034 Nes"	"Eneboliger"	"2007K3"	.	.
"3034 Nes"	"Eneboliger"	"2007K4"	.	.
"3034 Nes"	"Eneboliger"	"2008K1"	.	.
"3034 Nes"	"Eneboliger"	"2008K2"	.	.
"3034 Nes"	"Eneboliger"	"2008K3"	.	.
"3034 Nes"	"Eneboliger"	"2008K4"	.	.
"3034 Nes"	"Eneboliger"	"2009K1"	.	.
"3034 Nes"	"Eneboliger"	"2009K2"	.	.
"3034 Nes"	"Eneboliger"	"2009K3"	.	.
"3034 Nes"	"Eneboliger"	"2009K4"	.	.
"3034 Nes"	"Eneboliger"	"2010K1"	.	.
"3034 Nes"	"Eneboliger"	"2010K2"	.	.
"3034 Nes"	"Eneboliger"	"2010K3"	.	.
"3034 Nes"	"Eneboliger"	"2010K4"	.	.
"3034 Nes"	"Eneboliger"	"2011K1"	.	.
"3034 Nes"	"Eneboliger"	"2011K2"	.	.
"3034 Nes"	"Eneboliger"	"2011K3"	.	.
"3034 Nes"	"Eneboliger"	"2011K4"	.	.
"3034 Nes"	"Eneboliger"	"2012K1"	.	.
"3034 Nes"	"Eneboliger"	"2012K2"	.	.
"3034 Nes"	"Eneboliger"	"2012K3"	.	.
"3034 Nes"	"Eneboliger"	"2012K4"	.	.
"3034 Nes"	"Eneboliger"	"2013K1"	.	.
"3034 Nes"	"Eneboliger"	"2013K2"	.	.
"3034 Nes"	"Eneboliger"	"2013K3"	.	.
"3034 Nes"	"Eneboliger"	"2013K4"	.	.
"3034 Nes"	"Eneboliger"	"2014K1"	.	.
"3034 Nes"	"Eneboliger"	"2014K2"	.	.
"3034 Nes"	"Eneboliger"	"2014K3"	.	.
"3034 Nes"	"Eneboliger"	"2014K4"	.	.
"3034 Nes"	"Eneboliger"	"2015K1"	.	.
"3034 Nes"	"Eneboliger"	"2015K2"	.	.
"3034 Nes"	"Eneboliger"	"2015K3"	.	.
"3034 Nes"	"Eneboliger"	"2015K4"	.	.
"3034 Nes"	"Eneboliger"	"2016K1"	.	.
"3034 Nes"	"Eneboliger"	"2016K2"	.	.
"3034 Nes"	"Eneboliger"	"2016K3"	.	.
"3034 Nes"	"Eneboliger"	"2016K4"	.	.
"3034 Nes"	"Eneboliger"	"2017K1"	.	.
"3034 Nes"	"Eneboliger"	"2017K2"	.	.
"3034 Nes"	"Eneboliger"	"2017K3"	.	.
"3034 Nes"	"Eneboliger"	"2017K4"	.	.
"3034 Nes"	"Eneboliger"	"2018K1"	.	.
"3034 Nes"	"Eneboliger"	"2018K2"	.	.
"3034 Nes"	"Eneboliger"	"2018K3"	.	.
"3034 Nes"	"Eneboliger"	"2018K4"	.	.
"3034 Nes"	"Eneboliger"	"2019K1"	.	.
"3034 Nes"	"Eneboliger"	"2019K2"	.	.
"3034 Nes"	"Eneboliger"	"2019K3"	.	.
"3034 Nes"	"Eneboliger"	"2019K4"	.	.
"3034 Nes"	"Eneboliger"	"2020K1"	23944	41
"3034 Nes"	"Eneboliger"	"2020K2"	23811	53
"3034 Nes"	"Eneboliger"	"2020K3"	24510	46
"3034 Nes"	"Eneboliger"	"2020K4"	24408	48
"3034 Nes"	"Eneboliger"	"2021K1"	28042	55
"3034 Nes"	"Eneboliger"	"2021K2"	27795	58
"3034 Nes"	"Eneboliger"	"2021K3"	27754	46
"3034 Nes"	"Eneboliger"	"2021K4"	26008	40
"3034 Nes"	"Eneboliger"	"2022K1"	27888	29
"3034 Nes"	"Eneboliger"	"2022K2"	27270	36
"3034 Nes"	"Eneboliger"	"2022K3"	26617	54
"3034 Nes"	"Eneboliger"	"2022K4"	26156	36
"3034 Nes"	"Eneboliger"	"2023K1"	26909	35
"3034 Nes"	"Eneboliger"	"2023K2"	29956	50
"3034 Nes"	"Eneboliger"	"2023K3"	26871	56
"3034 Nes"	"Småhus"	"2006K1"	.	.
"3034 Nes"	"Småhus"	"2006K2"	.	.
"3034 Nes"	"Småhus"	"2006K3"	.	.
"3034 Nes"	"Småhus"	"2006K4"	.	.
"3034 Nes"	"Småhus"	"2007K1"	.	.
"3034 Nes"	"Småhus"	"2007K2"	.	.
"3034 Nes"	"Småhus"	"2007K3"	.	.
"3034 Nes"	"Småhus"	"2007K4"	.	.
"3034 Nes"	"Småhus"	"2008K1"	.	.
"3034 Nes"	"Småhus"	"2008K2"	.	.
"3034 Nes"	"Småhus"	"2008K3"	.	.
"3034 Nes"	"Småhus"	"2008K4"	.	.
"3034 Nes"	"Småhus"	"2009K1"	.	.
"3034 Nes"	"Småhus"	"2009K2"	.	.
"3034 Nes"	"Småhus"	"2009K3"	.	.
"3034 Nes"	"Småhus"	"2009K4"	.	.
"3034 Nes"	"Småhus"	"2010K1"	.	.
"3034 Nes"	"Småhus"	"2010K2"	.	.
"3034 Nes"	"Småhus"	"2010K3"	.	.
"3034 Nes"	"Småhus"	"2010K4"	.	.
"3034 Nes"	"Småhus"	"2011K1"	.	.
"3034 Nes"	"Småhus"	"2011K2"	.	.
"3034 Nes"	"Småhus"	"2011K3"	.	.
"3034 Nes"	"Småhus"	"2011K4"	.	.
"3034 Nes"	"Småhus"	"2012K1"	.	.
"3034 Nes"	"Småhus"	"2012K2"	.	.
"3034 Nes"	"Småhus"	"2012K3"	.	.
"3034 Nes"	"Småhus"	"2012K4"	.	.
"3034 Nes"	"Småhus"	"2013K1"	.	.
"3034 Nes"	"Småhus"	"2013K2"	.	.
"3034 Nes"	"Småhus"	"2013K3"	.	.
"3034 Nes"	"Småhus"	"2013K4"	.	.
"3034 Nes"	"Småhus"	"2014K1"	.	.
"3034 Nes"	"Småhus"	"2014K2"	.	.
"3034 Nes"	"Småhus"	"2014K3"	.	.
"3034 Nes"	"Småhus"	"2014K4"	.	.
"3034 Nes"	"Småhus"	"2015K1"	.	.
"3034 Nes"	"Småhus"	"2015K2"	.	.
"3034 Nes"	"Småhus"	"2015K3"	.	.
"3034 Nes"	"Småhus"	"2015K4"	.	.
"3034 Nes"	"Småhus"	"2016K1"	.	.
"3034 Nes"	"Småhus"	"2016K2"	.	.
"3034 Nes"	"Småhus"	"2016K3"	.	.
"3034 Nes"	"Småhus"	"2016K4"	.	.
"3034 Nes"	"Småhus"	"2017K1"	.	.
"3034 Nes"	"Småhus"	"2017K2"	.	.
"3034 Nes"	"Småhus"	"2017K3"	.	.
"3034 Nes"	"Småhus"	"2017K4"	.	.
"3034 Nes"	"Småhus"	"2018K1"	.	.
"3034 Nes"	"Småhus"	"2018K2"	.	.
"3034 Nes"	"Småhus"	"2018K3"	.	.
"3034 Nes"	"Småhus"	"2018K4"	.	.
"3034 Nes"	"Småhus"	"2019K1"	.	.
"3034 Nes"	"Småhus"	"2019K2"	.	.
"3034 Nes"	"Småhus"	"2019K3"	.	.
"3034 Nes"	"Småhus"	"2019K4"	.	.
"3034 Nes"	"Småhus"	"2020K1"	25506	10
"3034 Nes"	"Småhus"	"2020K2"	25323	14
"3034 Nes"	"Småhus"	"2020K3"	28596	15
"3034 Nes"	"Småhus"	"2020K4"	28048	13
"3034 Nes"	"Småhus"	"2021K1"	27827	12
"3034 Nes"	"Småhus"	"2021K2"	30620	10
"3034 Nes"	"Småhus"	"2021K3"	..	9
"3034 Nes"	"Småhus"	"2021K4"	29231	13
"3034 Nes"	"Småhus"	"2022K1"	..	5
"3034 Nes"	"Småhus"	"2022K2"	..	7
"3034 Nes"	"Småhus"	"2022K3"	33039	13
"3034 Nes"	"Småhus"	"2022K4"	34057	10
"3034 Nes"	"Småhus"	"2023K1"	29898	13
"3034 Nes"	"Småhus"	"2023K2"	..	9
"3034 Nes"	"Småhus"	"2023K3"	..	4
"3034 Nes"	"Blokkleiligheter"	"2006K1"	.	.
"3034 Nes"	"Blokkleiligheter"	"2006K2"	.	.
"3034 Nes"	"Blokkleiligheter"	"2006K3"	.	.
"3034 Nes"	"Blokkleiligheter"	"2006K4"	.	.
"3034 Nes"	"Blokkleiligheter"	"2007K1"	.	.
"3034 Nes"	"Blokkleiligheter"	"2007K2"	.	.
"3034 Nes"	"Blokkleiligheter"	"2007K3"	.	.
"3034 Nes"	"Blokkleiligheter"	"2007K4"	.	.
"3034 Nes"	"Blokkleiligheter"	"2008K1"	.	.
"3034 Nes"	"Blokkleiligheter"	"2008K2"	.	.
"3034 Nes"	"Blokkleiligheter"	"2008K3"	.	.
"3034 Nes"	"Blokkleiligheter"	"2008K4"	.	.
"3034 Nes"	"Blokkleiligheter"	"2009K1"	.	.
"3034 Nes"	"Blokkleiligheter"	"2009K2"	.	.
"3034 Nes"	"Blokkleiligheter"	"2009K3"	.	.
"3034 Nes"	"Blokkleiligheter"	"2009K4"	.	.
"3034 Nes"	"Blokkleiligheter"	"2010K1"	.	.
"3034 Nes"	"Blokkleiligheter"	"2010K2"	.	.
"3034 Nes"	"Blokkleiligheter"	"2010K3"	.	.
"3034 Nes"	"Blokkleiligheter"	"2010K4"	.	.
"3034 Nes"	"Blokkleiligheter"	"2011K1"	.	.
"3034 Nes"	"Blokkleiligheter"	"2011K2"	.	.
"3034 Nes"	"Blokkleiligheter"	"2011K3"	.	.
"3034 Nes"	"Blokkleiligheter"	"2011K4"	.	.
"3034 Nes"	"Blokkleiligheter"	"2012K1"	.	.
"3034 Nes"	"Blokkleiligheter"	"2012K2"	.	.
"3034 Nes"	"Blokkleiligheter"	"2012K3"	.	.
"3034 Nes"	"Blokkleiligheter"	"2012K4"	.	.
"3034 Nes"	"Blokkleiligheter"	"2013K1"	.	.
"3034 Nes"	"Blokkleiligheter"	"2013K2"	.	.
"3034 Nes"	"Blokkleiligheter"	"2013K3"	.	.
"3034 Nes"	"Blokkleiligheter"	"2013K4"	.	.
"3034 Nes"	"Blokkleiligheter"	"2014K1"	.	.
"3034 Nes"	"Blokkleiligheter"	"2014K2"	.	.
"3034 Nes"	"Blokkleiligheter"	"2014K3"	.	.
"3034 Nes"	"Blokkleiligheter"	"2014K4"	.	.
"3034 Nes"	"Blokkleiligheter"	"2015K1"	.	.
"3034 Nes"	"Blokkleiligheter"	"2015K2"	.	.
"3034 Nes"	"Blokkleiligheter"	"2015K3"	.	.
"3034 Nes"	"Blokkleiligheter"	"2015K4"	.	.
"3034 Nes"	"Blokkleiligheter"	"2016K1"	.	.
"3034 Nes"	"Blokkleiligheter"	"2016K2"	.	.
"3034 Nes"	"Blokkleiligheter"	"2016K3"	.	.
"3034 Nes"	"Blokkleiligheter"	"2016K4"	.	.
"3034 Nes"	"Blokkleiligheter"	"2017K1"	.	.
"3034 Nes"	"Blokkleiligheter"	"2017K2"	.	.
"3034 Nes"	"Blokkleiligheter"	"2017K3"	.	.
"3034 Nes"	"Blokkleiligheter"	"2017K4"	.	.
"3034 Nes"	"Blokkleiligheter"	"2018K1"	.	.
"3034 Nes"	"Blokkleiligheter"	"2018K2"	.	.
"3034 Nes"	"Blokkleiligheter"	"2018K3"	.	.
"3034 Nes"	"Blokkleiligheter"	"2018K4"	.	.
"3034 Nes"	"Blokkleiligheter"	"2019K1"	.	.
"3034 Nes"	"Blokkleiligheter"	"2019K2"	.	.
"3034 Nes"	"Blokkleiligheter"	"2019K3"	.	.
"3034 Nes"	"Blokkleiligheter"	"2019K4"	.	.
"3034 Nes"	"Blokkleiligheter"	"2020K1"	42341	21
"3034 Nes"	"Blokkleiligheter"	"2020K2"	39783	20
"3034 Nes"	"Blokkleiligheter"	"2020K3"	42515	15
"3034 Nes"	"Blokkleiligheter"	"2020K4"	42353	33
"3034 Nes"	"Blokkleiligheter"	"2021K1"	43659	24
"3034 Nes"	"Blokkleiligheter"	"2021K2"	42942	34
"3034 Nes"	"Blokkleiligheter"	"2021K3"	48276	28
"3034 Nes"	"Blokkleiligheter"	"2021K4"	44459	23
"3034 Nes"	"Blokkleiligheter"	"2022K1"	48228	29
"3034 Nes"	"Blokkleiligheter"	"2022K2"	48365	22
"3034 Nes"	"Blokkleiligheter"	"2022K3"	47280	27
"3034 Nes"	"Blokkleiligheter"	"2022K4"	49511	25
"3034 Nes"	"Blokkleiligheter"	"2023K1"	51330	32
"3034 Nes"	"Blokkleiligheter"	"2023K2"	46546	24
"3034 Nes"	"Blokkleiligheter"	"2023K3"	44585	19
"3035 Eidsvoll"	"Eneboliger"	"2006K1"	.	.
"3035 Eidsvoll"	"Eneboliger"	"2006K2"	.	.
"3035 Eidsvoll"	"Eneboliger"	"2006K3"	.	.
"3035 Eidsvoll"	"Eneboliger"	"2006K4"	.	.
"3035 Eidsvoll"	"Eneboliger"	"2007K1"	.	.
"3035 Eidsvoll"	"Eneboliger"	"2007K2"	.	.
"3035 Eidsvoll"	"Eneboliger"	"2007K3"	.	.
"3035 Eidsvoll"	"Eneboliger"	"2007K4"	.	.
"3035 Eidsvoll"	"Eneboliger"	"2008K1"	.	.
"3035 Eidsvoll"	"Eneboliger"	"2008K2"	.	.
"3035 Eidsvoll"	"Eneboliger"	"2008K3"	.	.
"3035 Eidsvoll"	"Eneboliger"	"2008K4"	.	.
"3035 Eidsvoll"	"Eneboliger"	"2009K1"	.	.
"3035 Eidsvoll"	"Eneboliger"	"2009K2"	.	.
"3035 Eidsvoll"	"Eneboliger"	"2009K3"	.	.
"3035 Eidsvoll"	"Eneboliger"	"2009K4"	.	.
"3035 Eidsvoll"	"Eneboliger"	"2010K1"	.	.
"3035 Eidsvoll"	"Eneboliger"	"2010K2"	.	.
"3035 Eidsvoll"	"Eneboliger"	"2010K3"	.	.
"3035 Eidsvoll"	"Eneboliger"	"2010K4"	.	.
"3035 Eidsvoll"	"Eneboliger"	"2011K1"	.	.
"3035 Eidsvoll"	"Eneboliger"	"2011K2"	.	.
"3035 Eidsvoll"	"Eneboliger"	"2011K3"	.	.
"3035 Eidsvoll"	"Eneboliger"	"2011K4"	.	.
"3035 Eidsvoll"	"Eneboliger"	"2012K1"	.	.
"3035 Eidsvoll"	"Eneboliger"	"2012K2"	.	.
"3035 Eidsvoll"	"Eneboliger"	"2012K3"	.	.
"3035 Eidsvoll"	"Eneboliger"	"2012K4"	.	.
"3035 Eidsvoll"	"Eneboliger"	"2013K1"	.	.
"3035 Eidsvoll"	"Eneboliger"	"2013K2"	.	.
"3035 Eidsvoll"	"Eneboliger"	"2013K3"	.	.
"3035 Eidsvoll"	"Eneboliger"	"2013K4"	.	.
"3035 Eidsvoll"	"Eneboliger"	"2014K1"	.	.
"3035 Eidsvoll"	"Eneboliger"	"2014K2"	.	.
"3035 Eidsvoll"	"Eneboliger"	"2014K3"	.	.
"3035 Eidsvoll"	"Eneboliger"	"2014K4"	.	.
"3035 Eidsvoll"	"Eneboliger"	"2015K1"	.	.
"3035 Eidsvoll"	"Eneboliger"	"2015K2"	.	.
"3035 Eidsvoll"	"Eneboliger"	"2015K3"	.	.
"3035 Eidsvoll"	"Eneboliger"	"2015K4"	.	.
"3035 Eidsvoll"	"Eneboliger"	"2016K1"	.	.
"3035 Eidsvoll"	"Eneboliger"	"2016K2"	.	.
"3035 Eidsvoll"	"Eneboliger"	"2016K3"	.	.
"3035 Eidsvoll"	"Eneboliger"	"2016K4"	.	.
"3035 Eidsvoll"	"Eneboliger"	"2017K1"	.	.
"3035 Eidsvoll"	"Eneboliger"	"2017K2"	.	.
"3035 Eidsvoll"	"Eneboliger"	"2017K3"	.	.
"3035 Eidsvoll"	"Eneboliger"	"2017K4"	.	.
"3035 Eidsvoll"	"Eneboliger"	"2018K1"	.	.
"3035 Eidsvoll"	"Eneboliger"	"2018K2"	.	.
"3035 Eidsvoll"	"Eneboliger"	"2018K3"	.	.
"3035 Eidsvoll"	"Eneboliger"	"2018K4"	.	.
"3035 Eidsvoll"	"Eneboliger"	"2019K1"	.	.
"3035 Eidsvoll"	"Eneboliger"	"2019K2"	.	.
"3035 Eidsvoll"	"Eneboliger"	"2019K3"	.	.
"3035 Eidsvoll"	"Eneboliger"	"2019K4"	.	.
"3035 Eidsvoll"	"Eneboliger"	"2020K1"	23295	34
"3035 Eidsvoll"	"Eneboliger"	"2020K2"	24594	53
"3035 Eidsvoll"	"Eneboliger"	"2020K3"	24734	61
"3035 Eidsvoll"	"Eneboliger"	"2020K4"	25424	54
"3035 Eidsvoll"	"Eneboliger"	"2021K1"	26325	34
"3035 Eidsvoll"	"Eneboliger"	"2021K2"	27951	73
"3035 Eidsvoll"	"Eneboliger"	"2021K3"	30166	42
"3035 Eidsvoll"	"Eneboliger"	"2021K4"	27548	46
"3035 Eidsvoll"	"Eneboliger"	"2022K1"	29174	31
"3035 Eidsvoll"	"Eneboliger"	"2022K2"	30565	56
"3035 Eidsvoll"	"Eneboliger"	"2022K3"	29805	53
"3035 Eidsvoll"	"Eneboliger"	"2022K4"	27645	43
"3035 Eidsvoll"	"Eneboliger"	"2023K1"	25721	27
"3035 Eidsvoll"	"Eneboliger"	"2023K2"	28710	63
"3035 Eidsvoll"	"Eneboliger"	"2023K3"	28302	56
"3035 Eidsvoll"	"Småhus"	"2006K1"	.	.
"3035 Eidsvoll"	"Småhus"	"2006K2"	.	.
"3035 Eidsvoll"	"Småhus"	"2006K3"	.	.
"3035 Eidsvoll"	"Småhus"	"2006K4"	.	.
"3035 Eidsvoll"	"Småhus"	"2007K1"	.	.
"3035 Eidsvoll"	"Småhus"	"2007K2"	.	.
"3035 Eidsvoll"	"Småhus"	"2007K3"	.	.
"3035 Eidsvoll"	"Småhus"	"2007K4"	.	.
"3035 Eidsvoll"	"Småhus"	"2008K1"	.	.
"3035 Eidsvoll"	"Småhus"	"2008K2"	.	.
"3035 Eidsvoll"	"Småhus"	"2008K3"	.	.
"3035 Eidsvoll"	"Småhus"	"2008K4"	.	.
"3035 Eidsvoll"	"Småhus"	"2009K1"	.	.
"3035 Eidsvoll"	"Småhus"	"2009K2"	.	.
"3035 Eidsvoll"	"Småhus"	"2009K3"	.	.
"3035 Eidsvoll"	"Småhus"	"2009K4"	.	.
"3035 Eidsvoll"	"Småhus"	"2010K1"	.	.
"3035 Eidsvoll"	"Småhus"	"2010K2"	.	.
"3035 Eidsvoll"	"Småhus"	"2010K3"	.	.
"3035 Eidsvoll"	"Småhus"	"2010K4"	.	.
"3035 Eidsvoll"	"Småhus"	"2011K1"	.	.
"3035 Eidsvoll"	"Småhus"	"2011K2"	.	.
"3035 Eidsvoll"	"Småhus"	"2011K3"	.	.
"3035 Eidsvoll"	"Småhus"	"2011K4"	.	.
"3035 Eidsvoll"	"Småhus"	"2012K1"	.	.
"3035 Eidsvoll"	"Småhus"	"2012K2"	.	.
"3035 Eidsvoll"	"Småhus"	"2012K3"	.	.
"3035 Eidsvoll"	"Småhus"	"2012K4"	.	.
"3035 Eidsvoll"	"Småhus"	"2013K1"	.	.
"3035 Eidsvoll"	"Småhus"	"2013K2"	.	.
"3035 Eidsvoll"	"Småhus"	"2013K3"	.	.
"3035 Eidsvoll"	"Småhus"	"2013K4"	.	.
"3035 Eidsvoll"	"Småhus"	"2014K1"	.	.
"3035 Eidsvoll"	"Småhus"	"2014K2"	.	.
"3035 Eidsvoll"	"Småhus"	"2014K3"	.	.
"3035 Eidsvoll"	"Småhus"	"2014K4"	.	.
"3035 Eidsvoll"	"Småhus"	"2015K1"	.	.
"3035 Eidsvoll"	"Småhus"	"2015K2"	.	.
"3035 Eidsvoll"	"Småhus"	"2015K3"	.	.
"3035 Eidsvoll"	"Småhus"	"2015K4"	.	.
"3035 Eidsvoll"	"Småhus"	"2016K1"	.	.
"3035 Eidsvoll"	"Småhus"	"2016K2"	.	.
"3035 Eidsvoll"	"Småhus"	"2016K3"	.	.
"3035 Eidsvoll"	"Småhus"	"2016K4"	.	.
"3035 Eidsvoll"	"Småhus"	"2017K1"	.	.
"3035 Eidsvoll"	"Småhus"	"2017K2"	.	.
"3035 Eidsvoll"	"Småhus"	"2017K3"	.	.
"3035 Eidsvoll"	"Småhus"	"2017K4"	.	.
"3035 Eidsvoll"	"Småhus"	"2018K1"	.	.
"3035 Eidsvoll"	"Småhus"	"2018K2"	.	.
"3035 Eidsvoll"	"Småhus"	"2018K3"	.	.
"3035 Eidsvoll"	"Småhus"	"2018K4"	.	.
"3035 Eidsvoll"	"Småhus"	"2019K1"	.	.
"3035 Eidsvoll"	"Småhus"	"2019K2"	.	.
"3035 Eidsvoll"	"Småhus"	"2019K3"	.	.
"3035 Eidsvoll"	"Småhus"	"2019K4"	.	.
"3035 Eidsvoll"	"Småhus"	"2020K1"	29349	17
"3035 Eidsvoll"	"Småhus"	"2020K2"	30749	19
"3035 Eidsvoll"	"Småhus"	"2020K3"	31973	22
"3035 Eidsvoll"	"Småhus"	"2020K4"	34039	19
"3035 Eidsvoll"	"Småhus"	"2021K1"	36251	15
"3035 Eidsvoll"	"Småhus"	"2021K2"	35975	19
"3035 Eidsvoll"	"Småhus"	"2021K3"	35040	16
"3035 Eidsvoll"	"Småhus"	"2021K4"	34218	19
"3035 Eidsvoll"	"Småhus"	"2022K1"	37152	13
"3035 Eidsvoll"	"Småhus"	"2022K2"	37078	19
"3035 Eidsvoll"	"Småhus"	"2022K3"	38341	21
"3035 Eidsvoll"	"Småhus"	"2022K4"	36518	14
"3035 Eidsvoll"	"Småhus"	"2023K1"	40901	12
"3035 Eidsvoll"	"Småhus"	"2023K2"	38927	17
"3035 Eidsvoll"	"Småhus"	"2023K3"	37226	13
"3035 Eidsvoll"	"Blokkleiligheter"	"2006K1"	.	.
"3035 Eidsvoll"	"Blokkleiligheter"	"2006K2"	.	.
"3035 Eidsvoll"	"Blokkleiligheter"	"2006K3"	.	.
"3035 Eidsvoll"	"Blokkleiligheter"	"2006K4"	.	.
"3035 Eidsvoll"	"Blokkleiligheter"	"2007K1"	.	.
"3035 Eidsvoll"	"Blokkleiligheter"	"2007K2"	.	.
"3035 Eidsvoll"	"Blokkleiligheter"	"2007K3"	.	.
"3035 Eidsvoll"	"Blokkleiligheter"	"2007K4"	.	.
"3035 Eidsvoll"	"Blokkleiligheter"	"2008K1"	.	.
"3035 Eidsvoll"	"Blokkleiligheter"	"2008K2"	.	.
"3035 Eidsvoll"	"Blokkleiligheter"	"2008K3"	.	.
"3035 Eidsvoll"	"Blokkleiligheter"	"2008K4"	.	.
"3035 Eidsvoll"	"Blokkleiligheter"	"2009K1"	.	.
"3035 Eidsvoll"	"Blokkleiligheter"	"2009K2"	.	.
"3035 Eidsvoll"	"Blokkleiligheter"	"2009K3"	.	.
"3035 Eidsvoll"	"Blokkleiligheter"	"2009K4"	.	.
"3035 Eidsvoll"	"Blokkleiligheter"	"2010K1"	.	.
"3035 Eidsvoll"	"Blokkleiligheter"	"2010K2"	.	.
"3035 Eidsvoll"	"Blokkleiligheter"	"2010K3"	.	.
"3035 Eidsvoll"	"Blokkleiligheter"	"2010K4"	.	.
"3035 Eidsvoll"	"Blokkleiligheter"	"2011K1"	.	.
"3035 Eidsvoll"	"Blokkleiligheter"	"2011K2"	.	.
"3035 Eidsvoll"	"Blokkleiligheter"	"2011K3"	.	.
"3035 Eidsvoll"	"Blokkleiligheter"	"2011K4"	.	.
"3035 Eidsvoll"	"Blokkleiligheter"	"2012K1"	.	.
"3035 Eidsvoll"	"Blokkleiligheter"	"2012K2"	.	.
"3035 Eidsvoll"	"Blokkleiligheter"	"2012K3"	.	.
"3035 Eidsvoll"	"Blokkleiligheter"	"2012K4"	.	.
"3035 Eidsvoll"	"Blokkleiligheter"	"2013K1"	.	.
"3035 Eidsvoll"	"Blokkleiligheter"	"2013K2"	.	.
"3035 Eidsvoll"	"Blokkleiligheter"	"2013K3"	.	.
"3035 Eidsvoll"	"Blokkleiligheter"	"2013K4"	.	.
"3035 Eidsvoll"	"Blokkleiligheter"	"2014K1"	.	.
"3035 Eidsvoll"	"Blokkleiligheter"	"2014K2"	.	.
"3035 Eidsvoll"	"Blokkleiligheter"	"2014K3"	.	.
"3035 Eidsvoll"	"Blokkleiligheter"	"2014K4"	.	.
"3035 Eidsvoll"	"Blokkleiligheter"	"2015K1"	.	.
"3035 Eidsvoll"	"Blokkleiligheter"	"2015K2"	.	.
"3035 Eidsvoll"	"Blokkleiligheter"	"2015K3"	.	.
"3035 Eidsvoll"	"Blokkleiligheter"	"2015K4"	.	.
"3035 Eidsvoll"	"Blokkleiligheter"	"2016K1"	.	.
"3035 Eidsvoll"	"Blokkleiligheter"	"2016K2"	.	.
"3035 Eidsvoll"	"Blokkleiligheter"	"2016K3"	.	.
"3035 Eidsvoll"	"Blokkleiligheter"	"2016K4"	.	.
"3035 Eidsvoll"	"Blokkleiligheter"	"2017K1"	.	.
"3035 Eidsvoll"	"Blokkleiligheter"	"2017K2"	.	.
"3035 Eidsvoll"	"Blokkleiligheter"	"2017K3"	.	.
"3035 Eidsvoll"	"Blokkleiligheter"	"2017K4"	.	.
"3035 Eidsvoll"	"Blokkleiligheter"	"2018K1"	.	.
"3035 Eidsvoll"	"Blokkleiligheter"	"2018K2"	.	.
"3035 Eidsvoll"	"Blokkleiligheter"	"2018K3"	.	.
"3035 Eidsvoll"	"Blokkleiligheter"	"2018K4"	.	.
"3035 Eidsvoll"	"Blokkleiligheter"	"2019K1"	.	.
"3035 Eidsvoll"	"Blokkleiligheter"	"2019K2"	.	.
"3035 Eidsvoll"	"Blokkleiligheter"	"2019K3"	.	.
"3035 Eidsvoll"	"Blokkleiligheter"	"2019K4"	.	.
"3035 Eidsvoll"	"Blokkleiligheter"	"2020K1"	41024	23
"3035 Eidsvoll"	"Blokkleiligheter"	"2020K2"	40481	31
"3035 Eidsvoll"	"Blokkleiligheter"	"2020K3"	42626	32
"3035 Eidsvoll"	"Blokkleiligheter"	"2020K4"	41941	31
"3035 Eidsvoll"	"Blokkleiligheter"	"2021K1"	41885	33
"3035 Eidsvoll"	"Blokkleiligheter"	"2021K2"	44436	39
"3035 Eidsvoll"	"Blokkleiligheter"	"2021K3"	46621	32
"3035 Eidsvoll"	"Blokkleiligheter"	"2021K4"	42851	31
"3035 Eidsvoll"	"Blokkleiligheter"	"2022K1"	47211	44
"3035 Eidsvoll"	"Blokkleiligheter"	"2022K2"	49301	30
"3035 Eidsvoll"	"Blokkleiligheter"	"2022K3"	49213	36
"3035 Eidsvoll"	"Blokkleiligheter"	"2022K4"	49288	38
"3035 Eidsvoll"	"Blokkleiligheter"	"2023K1"	47221	37
"3035 Eidsvoll"	"Blokkleiligheter"	"2023K2"	49044	36
"3035 Eidsvoll"	"Blokkleiligheter"	"2023K3"	48345	40
"3049 Lier"	"Eneboliger"	"2006K1"	.	.
"3049 Lier"	"Eneboliger"	"2006K2"	.	.
"3049 Lier"	"Eneboliger"	"2006K3"	.	.
"3049 Lier"	"Eneboliger"	"2006K4"	.	.
"3049 Lier"	"Eneboliger"	"2007K1"	.	.
"3049 Lier"	"Eneboliger"	"2007K2"	.	.
"3049 Lier"	"Eneboliger"	"2007K3"	.	.
"3049 Lier"	"Eneboliger"	"2007K4"	.	.
"3049 Lier"	"Eneboliger"	"2008K1"	.	.
"3049 Lier"	"Eneboliger"	"2008K2"	.	.
"3049 Lier"	"Eneboliger"	"2008K3"	.	.
"3049 Lier"	"Eneboliger"	"2008K4"	.	.
"3049 Lier"	"Eneboliger"	"2009K1"	.	.
"3049 Lier"	"Eneboliger"	"2009K2"	.	.
"3049 Lier"	"Eneboliger"	"2009K3"	.	.
"3049 Lier"	"Eneboliger"	"2009K4"	.	.
"3049 Lier"	"Eneboliger"	"2010K1"	.	.
"3049 Lier"	"Eneboliger"	"2010K2"	.	.
"3049 Lier"	"Eneboliger"	"2010K3"	.	.
"3049 Lier"	"Eneboliger"	"2010K4"	.	.
"3049 Lier"	"Eneboliger"	"2011K1"	.	.
"3049 Lier"	"Eneboliger"	"2011K2"	.	.
"3049 Lier"	"Eneboliger"	"2011K3"	.	.
"3049 Lier"	"Eneboliger"	"2011K4"	.	.
"3049 Lier"	"Eneboliger"	"2012K1"	.	.
"3049 Lier"	"Eneboliger"	"2012K2"	.	.
"3049 Lier"	"Eneboliger"	"2012K3"	.	.
"3049 Lier"	"Eneboliger"	"2012K4"	.	.
"3049 Lier"	"Eneboliger"	"2013K1"	.	.
"3049 Lier"	"Eneboliger"	"2013K2"	.	.
"3049 Lier"	"Eneboliger"	"2013K3"	.	.
"3049 Lier"	"Eneboliger"	"2013K4"	.	.
"3049 Lier"	"Eneboliger"	"2014K1"	.	.
"3049 Lier"	"Eneboliger"	"2014K2"	.	.
"3049 Lier"	"Eneboliger"	"2014K3"	.	.
"3049 Lier"	"Eneboliger"	"2014K4"	.	.
"3049 Lier"	"Eneboliger"	"2015K1"	.	.
"3049 Lier"	"Eneboliger"	"2015K2"	.	.
"3049 Lier"	"Eneboliger"	"2015K3"	.	.
"3049 Lier"	"Eneboliger"	"2015K4"	.	.
"3049 Lier"	"Eneboliger"	"2016K1"	.	.
"3049 Lier"	"Eneboliger"	"2016K2"	.	.
"3049 Lier"	"Eneboliger"	"2016K3"	.	.
"3049 Lier"	"Eneboliger"	"2016K4"	.	.
"3049 Lier"	"Eneboliger"	"2017K1"	.	.
"3049 Lier"	"Eneboliger"	"2017K2"	.	.
"3049 Lier"	"Eneboliger"	"2017K3"	.	.
"3049 Lier"	"Eneboliger"	"2017K4"	.	.
"3049 Lier"	"Eneboliger"	"2018K1"	.	.
"3049 Lier"	"Eneboliger"	"2018K2"	.	.
"3049 Lier"	"Eneboliger"	"2018K3"	.	.
"3049 Lier"	"Eneboliger"	"2018K4"	.	.
"3049 Lier"	"Eneboliger"	"2019K1"	.	.
"3049 Lier"	"Eneboliger"	"2019K2"	.	.
"3049 Lier"	"Eneboliger"	"2019K3"	.	.
"3049 Lier"	"Eneboliger"	"2019K4"	.	.
"3049 Lier"	"Eneboliger"	"2020K1"	34283	37
"3049 Lier"	"Eneboliger"	"2020K2"	32569	56
"3049 Lier"	"Eneboliger"	"2020K3"	31726	38
"3049 Lier"	"Eneboliger"	"2020K4"	34165	36
"3049 Lier"	"Eneboliger"	"2021K1"	36233	35
"3049 Lier"	"Eneboliger"	"2021K2"	35507	62
"3049 Lier"	"Eneboliger"	"2021K3"	37445	38
"3049 Lier"	"Eneboliger"	"2021K4"	38997	51
"3049 Lier"	"Eneboliger"	"2022K1"	41413	36
"3049 Lier"	"Eneboliger"	"2022K2"	40215	42
"3049 Lier"	"Eneboliger"	"2022K3"	39427	29
"3049 Lier"	"Eneboliger"	"2022K4"	36774	36
"3049 Lier"	"Eneboliger"	"2023K1"	39127	33
"3049 Lier"	"Eneboliger"	"2023K2"	39505	43
"3049 Lier"	"Eneboliger"	"2023K3"	40180	26
"3049 Lier"	"Småhus"	"2006K1"	.	.
"3049 Lier"	"Småhus"	"2006K2"	.	.
"3049 Lier"	"Småhus"	"2006K3"	.	.
"3049 Lier"	"Småhus"	"2006K4"	.	.
"3049 Lier"	"Småhus"	"2007K1"	.	.
"3049 Lier"	"Småhus"	"2007K2"	.	.
"3049 Lier"	"Småhus"	"2007K3"	.	.
"3049 Lier"	"Småhus"	"2007K4"	.	.
"3049 Lier"	"Småhus"	"2008K1"	.	.
"3049 Lier"	"Småhus"	"2008K2"	.	.
"3049 Lier"	"Småhus"	"2008K3"	.	.
"3049 Lier"	"Småhus"	"2008K4"	.	.
"3049 Lier"	"Småhus"	"2009K1"	.	.
"3049 Lier"	"Småhus"	"2009K2"	.	.
"3049 Lier"	"Småhus"	"2009K3"	.	.
"3049 Lier"	"Småhus"	"2009K4"	.	.
"3049 Lier"	"Småhus"	"2010K1"	.	.
"3049 Lier"	"Småhus"	"2010K2"	.	.
"3049 Lier"	"Småhus"	"2010K3"	.	.
"3049 Lier"	"Småhus"	"2010K4"	.	.
"3049 Lier"	"Småhus"	"2011K1"	.	.
"3049 Lier"	"Småhus"	"2011K2"	.	.
"3049 Lier"	"Småhus"	"2011K3"	.	.
"3049 Lier"	"Småhus"	"2011K4"	.	.
"3049 Lier"	"Småhus"	"2012K1"	.	.
"3049 Lier"	"Småhus"	"2012K2"	.	.
"3049 Lier"	"Småhus"	"2012K3"	.	.
"3049 Lier"	"Småhus"	"2012K4"	.	.
"3049 Lier"	"Småhus"	"2013K1"	.	.
"3049 Lier"	"Småhus"	"2013K2"	.	.
"3049 Lier"	"Småhus"	"2013K3"	.	.
"3049 Lier"	"Småhus"	"2013K4"	.	.
"3049 Lier"	"Småhus"	"2014K1"	.	.
"3049 Lier"	"Småhus"	"2014K2"	.	.
"3049 Lier"	"Småhus"	"2014K3"	.	.
"3049 Lier"	"Småhus"	"2014K4"	.	.
"3049 Lier"	"Småhus"	"2015K1"	.	.
"3049 Lier"	"Småhus"	"2015K2"	.	.
"3049 Lier"	"Småhus"	"2015K3"	.	.
"3049 Lier"	"Småhus"	"2015K4"	.	.
"3049 Lier"	"Småhus"	"2016K1"	.	.
"3049 Lier"	"Småhus"	"2016K2"	.	.
"3049 Lier"	"Småhus"	"2016K3"	.	.
"3049 Lier"	"Småhus"	"2016K4"	.	.
"3049 Lier"	"Småhus"	"2017K1"	.	.
"3049 Lier"	"Småhus"	"2017K2"	.	.
"3049 Lier"	"Småhus"	"2017K3"	.	.
"3049 Lier"	"Småhus"	"2017K4"	.	.
"3049 Lier"	"Småhus"	"2018K1"	.	.
"3049 Lier"	"Småhus"	"2018K2"	.	.
"3049 Lier"	"Småhus"	"2018K3"	.	.
"3049 Lier"	"Småhus"	"2018K4"	.	.
"3049 Lier"	"Småhus"	"2019K1"	.	.
"3049 Lier"	"Småhus"	"2019K2"	.	.
"3049 Lier"	"Småhus"	"2019K3"	.	.
"3049 Lier"	"Småhus"	"2019K4"	.	.
"3049 Lier"	"Småhus"	"2020K1"	..	8
"3049 Lier"	"Småhus"	"2020K2"	38415	13
"3049 Lier"	"Småhus"	"2020K3"	37279	12
"3049 Lier"	"Småhus"	"2020K4"	..	7
"3049 Lier"	"Småhus"	"2021K1"	40942	19
"3049 Lier"	"Småhus"	"2021K2"	39724	21
"3049 Lier"	"Småhus"	"2021K3"	43740	14
"3049 Lier"	"Småhus"	"2021K4"	44535	19
"3049 Lier"	"Småhus"	"2022K1"	..	6
"3049 Lier"	"Småhus"	"2022K2"	47034	16
"3049 Lier"	"Småhus"	"2022K3"	44588	17
"3049 Lier"	"Småhus"	"2022K4"	..	9
"3049 Lier"	"Småhus"	"2023K1"	42945	20
"3049 Lier"	"Småhus"	"2023K2"	45425	20
"3049 Lier"	"Småhus"	"2023K3"	42844	10
"3049 Lier"	"Blokkleiligheter"	"2006K1"	.	.
"3049 Lier"	"Blokkleiligheter"	"2006K2"	.	.
"3049 Lier"	"Blokkleiligheter"	"2006K3"	.	.
"3049 Lier"	"Blokkleiligheter"	"2006K4"	.	.
"3049 Lier"	"Blokkleiligheter"	"2007K1"	.	.
"3049 Lier"	"Blokkleiligheter"	"2007K2"	.	.
"3049 Lier"	"Blokkleiligheter"	"2007K3"	.	.
"3049 Lier"	"Blokkleiligheter"	"2007K4"	.	.
"3049 Lier"	"Blokkleiligheter"	"2008K1"	.	.
"3049 Lier"	"Blokkleiligheter"	"2008K2"	.	.
"3049 Lier"	"Blokkleiligheter"	"2008K3"	.	.
"3049 Lier"	"Blokkleiligheter"	"2008K4"	.	.
"3049 Lier"	"Blokkleiligheter"	"2009K1"	.	.
"3049 Lier"	"Blokkleiligheter"	"2009K2"	.	.
"3049 Lier"	"Blokkleiligheter"	"2009K3"	.	.
"3049 Lier"	"Blokkleiligheter"	"2009K4"	.	.
"3049 Lier"	"Blokkleiligheter"	"2010K1"	.	.
"3049 Lier"	"Blokkleiligheter"	"2010K2"	.	.
"3049 Lier"	"Blokkleiligheter"	"2010K3"	.	.
"3049 Lier"	"Blokkleiligheter"	"2010K4"	.	.
"3049 Lier"	"Blokkleiligheter"	"2011K1"	.	.
"3049 Lier"	"Blokkleiligheter"	"2011K2"	.	.
"3049 Lier"	"Blokkleiligheter"	"2011K3"	.	.
"3049 Lier"	"Blokkleiligheter"	"2011K4"	.	.
"3049 Lier"	"Blokkleiligheter"	"2012K1"	.	.
"3049 Lier"	"Blokkleiligheter"	"2012K2"	.	.
"3049 Lier"	"Blokkleiligheter"	"2012K3"	.	.
"3049 Lier"	"Blokkleiligheter"	"2012K4"	.	.
"3049 Lier"	"Blokkleiligheter"	"2013K1"	.	.
"3049 Lier"	"Blokkleiligheter"	"2013K2"	.	.
"3049 Lier"	"Blokkleiligheter"	"2013K3"	.	.
"3049 Lier"	"Blokkleiligheter"	"2013K4"	.	.
"3049 Lier"	"Blokkleiligheter"	"2014K1"	.	.
"3049 Lier"	"Blokkleiligheter"	"2014K2"	.	.
"3049 Lier"	"Blokkleiligheter"	"2014K3"	.	.
"3049 Lier"	"Blokkleiligheter"	"2014K4"	.	.
"3049 Lier"	"Blokkleiligheter"	"2015K1"	.	.
"3049 Lier"	"Blokkleiligheter"	"2015K2"	.	.
"3049 Lier"	"Blokkleiligheter"	"2015K3"	.	.
"3049 Lier"	"Blokkleiligheter"	"2015K4"	.	.
"3049 Lier"	"Blokkleiligheter"	"2016K1"	.	.
"3049 Lier"	"Blokkleiligheter"	"2016K2"	.	.
"3049 Lier"	"Blokkleiligheter"	"2016K3"	.	.
"3049 Lier"	"Blokkleiligheter"	"2016K4"	.	.
"3049 Lier"	"Blokkleiligheter"	"2017K1"	.	.
"3049 Lier"	"Blokkleiligheter"	"2017K2"	.	.
"3049 Lier"	"Blokkleiligheter"	"2017K3"	.	.
"3049 Lier"	"Blokkleiligheter"	"2017K4"	.	.
"3049 Lier"	"Blokkleiligheter"	"2018K1"	.	.
"3049 Lier"	"Blokkleiligheter"	"2018K2"	.	.
"3049 Lier"	"Blokkleiligheter"	"2018K3"	.	.
"3049 Lier"	"Blokkleiligheter"	"2018K4"	.	.
"3049 Lier"	"Blokkleiligheter"	"2019K1"	.	.
"3049 Lier"	"Blokkleiligheter"	"2019K2"	.	.
"3049 Lier"	"Blokkleiligheter"	"2019K3"	.	.
"3049 Lier"	"Blokkleiligheter"	"2019K4"	.	.
"3049 Lier"	"Blokkleiligheter"	"2020K1"	52846	14
"3049 Lier"	"Blokkleiligheter"	"2020K2"	48181	22
"3049 Lier"	"Blokkleiligheter"	"2020K3"	49416	22
"3049 Lier"	"Blokkleiligheter"	"2020K4"	45628	15
"3049 Lier"	"Blokkleiligheter"	"2021K1"	48716	19
"3049 Lier"	"Blokkleiligheter"	"2021K2"	53377	33
"3049 Lier"	"Blokkleiligheter"	"2021K3"	52269	27
"3049 Lier"	"Blokkleiligheter"	"2021K4"	53450	27
"3049 Lier"	"Blokkleiligheter"	"2022K1"	55146	23
"3049 Lier"	"Blokkleiligheter"	"2022K2"	52723	21
"3049 Lier"	"Blokkleiligheter"	"2022K3"	54875	20
"3049 Lier"	"Blokkleiligheter"	"2022K4"	60342	17
"3049 Lier"	"Blokkleiligheter"	"2023K1"	56329	12
"3049 Lier"	"Blokkleiligheter"	"2023K2"	60539	24
"3049 Lier"	"Blokkleiligheter"	"2023K3"	55578	19
"0101 Halden (-2019)"	"Eneboliger"	"2006K1"	12151	33
"0101 Halden (-2019)"	"Eneboliger"	"2006K2"	11539	51
"0101 Halden (-2019)"	"Eneboliger"	"2006K3"	12815	41
"0101 Halden (-2019)"	"Eneboliger"	"2006K4"	11858	43
"0101 Halden (-2019)"	"Eneboliger"	"2007K1"	12865	38
"0101 Halden (-2019)"	"Eneboliger"	"2007K2"	12331	40
"0101 Halden (-2019)"	"Eneboliger"	"2007K3"	12321	40
"0101 Halden (-2019)"	"Eneboliger"	"2007K4"	11971	41
"0101 Halden (-2019)"	"Eneboliger"	"2008K1"	14807	34
"0101 Halden (-2019)"	"Eneboliger"	"2008K2"	13406	67
"0101 Halden (-2019)"	"Eneboliger"	"2008K3"	12667	49
"0101 Halden (-2019)"	"Eneboliger"	"2008K4"	13118	27
"0101 Halden (-2019)"	"Eneboliger"	"2009K1"	12762	49
"0101 Halden (-2019)"	"Eneboliger"	"2009K2"	12435	62
"0101 Halden (-2019)"	"Eneboliger"	"2009K3"	14071	57
"0101 Halden (-2019)"	"Eneboliger"	"2009K4"	13124	58
"0101 Halden (-2019)"	"Eneboliger"	"2010K1"	12510	33
"0101 Halden (-2019)"	"Eneboliger"	"2010K2"	14899	57
"0101 Halden (-2019)"	"Eneboliger"	"2010K3"	13745	65
"0101 Halden (-2019)"	"Eneboliger"	"2010K4"	13556	42
"0101 Halden (-2019)"	"Eneboliger"	"2011K1"	14208	36
"0101 Halden (-2019)"	"Eneboliger"	"2011K2"	15651	70
"0101 Halden (-2019)"	"Eneboliger"	"2011K3"	14269	67
"0101 Halden (-2019)"	"Eneboliger"	"2011K4"	15248	52
"0101 Halden (-2019)"	"Eneboliger"	"2012K1"	14852	47
"0101 Halden (-2019)"	"Eneboliger"	"2012K2"	15079	52
"0101 Halden (-2019)"	"Eneboliger"	"2012K3"	15510	58
"0101 Halden (-2019)"	"Eneboliger"	"2012K4"	16308	57
"0101 Halden (-2019)"	"Eneboliger"	"2013K1"	15003	38
"0101 Halden (-2019)"	"Eneboliger"	"2013K2"	16183	66
"0101 Halden (-2019)"	"Eneboliger"	"2013K3"	15303	60
"0101 Halden (-2019)"	"Eneboliger"	"2013K4"	15046	50
"0101 Halden (-2019)"	"Eneboliger"	"2014K1"	17455	40
"0101 Halden (-2019)"	"Eneboliger"	"2014K2"	16777	71
"0101 Halden (-2019)"	"Eneboliger"	"2014K3"	16645	65
"0101 Halden (-2019)"	"Eneboliger"	"2014K4"	17989	60
"0101 Halden (-2019)"	"Eneboliger"	"2015K1"	16512	43
"0101 Halden (-2019)"	"Eneboliger"	"2015K2"	17235	78
"0101 Halden (-2019)"	"Eneboliger"	"2015K3"	17991	76
"0101 Halden (-2019)"	"Eneboliger"	"2015K4"	17684	45
"0101 Halden (-2019)"	"Eneboliger"	"2016K1"	17587	32
"0101 Halden (-2019)"	"Eneboliger"	"2016K2"	19209	64
"0101 Halden (-2019)"	"Eneboliger"	"2016K3"	19216	51
"0101 Halden (-2019)"	"Eneboliger"	"2016K4"	19143	60
"0101 Halden (-2019)"	"Eneboliger"	"2017K1"	19816	36
"0101 Halden (-2019)"	"Eneboliger"	"2017K2"	18766	57
"0101 Halden (-2019)"	"Eneboliger"	"2017K3"	20834	55
"0101 Halden (-2019)"	"Eneboliger"	"2017K4"	21094	55
"0101 Halden (-2019)"	"Eneboliger"	"2018K1"	19940	46
"0101 Halden (-2019)"	"Eneboliger"	"2018K2"	20943	59
"0101 Halden (-2019)"	"Eneboliger"	"2018K3"	21690	56
"0101 Halden (-2019)"	"Eneboliger"	"2018K4"	19984	48
"0101 Halden (-2019)"	"Eneboliger"	"2019K1"	22151	47
"0101 Halden (-2019)"	"Eneboliger"	"2019K2"	23543	63
"0101 Halden (-2019)"	"Eneboliger"	"2019K3"	22927	53
"0101 Halden (-2019)"	"Eneboliger"	"2019K4"	22494	41
"0101 Halden (-2019)"	"Eneboliger"	"2020K1"	.	.
"0101 Halden (-2019)"	"Eneboliger"	"2020K2"	.	.
"0101 Halden (-2019)"	"Eneboliger"	"2020K3"	.	.
"0101 Halden (-2019)"	"Eneboliger"	"2020K4"	.	.
"0101 Halden (-2019)"	"Eneboliger"	"2021K1"	.	.
"0101 Halden (-2019)"	"Eneboliger"	"2021K2"	.	.
"0101 Halden (-2019)"	"Eneboliger"	"2021K3"	.	.
"0101 Halden (-2019)"	"Eneboliger"	"2021K4"	.	.
"0101 Halden (-2019)"	"Eneboliger"	"2022K1"	.	.
"0101 Halden (-2019)"	"Eneboliger"	"2022K2"	.	.
"0101 Halden (-2019)"	"Eneboliger"	"2022K3"	.	.
"0101 Halden (-2019)"	"Eneboliger"	"2022K4"	.	.
"0101 Halden (-2019)"	"Eneboliger"	"2023K1"	.	.
"0101 Halden (-2019)"	"Eneboliger"	"2023K2"	.	.
"0101 Halden (-2019)"	"Eneboliger"	"2023K3"	.	.
"0101 Halden (-2019)"	"Småhus"	"2006K1"	..	8
"0101 Halden (-2019)"	"Småhus"	"2006K2"	..	7
"0101 Halden (-2019)"	"Småhus"	"2006K3"	..	7
"0101 Halden (-2019)"	"Småhus"	"2006K4"	10970	15
"0101 Halden (-2019)"	"Småhus"	"2007K1"	11598	11
"0101 Halden (-2019)"	"Småhus"	"2007K2"	..	8
"0101 Halden (-2019)"	"Småhus"	"2007K3"	12079	11
"0101 Halden (-2019)"	"Småhus"	"2007K4"	12599	15
"0101 Halden (-2019)"	"Småhus"	"2008K1"	12670	17
"0101 Halden (-2019)"	"Småhus"	"2008K2"	11486	15
"0101 Halden (-2019)"	"Småhus"	"2008K3"	..	4
"0101 Halden (-2019)"	"Småhus"	"2008K4"	..	5
"0101 Halden (-2019)"	"Småhus"	"2009K1"	..	9
"0101 Halden (-2019)"	"Småhus"	"2009K2"	11981	10
"0101 Halden (-2019)"	"Småhus"	"2009K3"	..	8
"0101 Halden (-2019)"	"Småhus"	"2009K4"	11891	13
"0101 Halden (-2019)"	"Småhus"	"2010K1"	..	4
"0101 Halden (-2019)"	"Småhus"	"2010K2"	12595	13
"0101 Halden (-2019)"	"Småhus"	"2010K3"	..	9
"0101 Halden (-2019)"	"Småhus"	"2010K4"	11252	16
"0101 Halden (-2019)"	"Småhus"	"2011K1"	..	5
"0101 Halden (-2019)"	"Småhus"	"2011K2"	11496	10
"0101 Halden (-2019)"	"Småhus"	"2011K3"	13801	11
"0101 Halden (-2019)"	"Småhus"	"2011K4"	13431	14
"0101 Halden (-2019)"	"Småhus"	"2012K1"	13501	11
"0101 Halden (-2019)"	"Småhus"	"2012K2"	13260	13
"0101 Halden (-2019)"	"Småhus"	"2012K3"	13643	14
"0101 Halden (-2019)"	"Småhus"	"2012K4"	..	7
"0101 Halden (-2019)"	"Småhus"	"2013K1"	16913	13
"0101 Halden (-2019)"	"Småhus"	"2013K2"	13236	10
"0101 Halden (-2019)"	"Småhus"	"2013K3"	..	7
"0101 Halden (-2019)"	"Småhus"	"2013K4"	15822	12
"0101 Halden (-2019)"	"Småhus"	"2014K1"	..	9
"0101 Halden (-2019)"	"Småhus"	"2014K2"	15731	15
"0101 Halden (-2019)"	"Småhus"	"2014K3"	..	9
"0101 Halden (-2019)"	"Småhus"	"2014K4"	15365	12
"0101 Halden (-2019)"	"Småhus"	"2015K1"	..	6
"0101 Halden (-2019)"	"Småhus"	"2015K2"	22420	11
"0101 Halden (-2019)"	"Småhus"	"2015K3"	14188	13
"0101 Halden (-2019)"	"Småhus"	"2015K4"	16620	10
"0101 Halden (-2019)"	"Småhus"	"2016K1"	20112	11
"0101 Halden (-2019)"	"Småhus"	"2016K2"	17192	12
"0101 Halden (-2019)"	"Småhus"	"2016K3"	..	8
"0101 Halden (-2019)"	"Småhus"	"2016K4"	..	9
"0101 Halden (-2019)"	"Småhus"	"2017K1"	..	7
"0101 Halden (-2019)"	"Småhus"	"2017K2"	19217	13
"0101 Halden (-2019)"	"Småhus"	"2017K3"	..	9
"0101 Halden (-2019)"	"Småhus"	"2017K4"	..	9
"0101 Halden (-2019)"	"Småhus"	"2018K1"	..	4
"0101 Halden (-2019)"	"Småhus"	"2018K2"	..	8
"0101 Halden (-2019)"	"Småhus"	"2018K3"	19106	12
"0101 Halden (-2019)"	"Småhus"	"2018K4"	..	4
"0101 Halden (-2019)"	"Småhus"	"2019K1"	..	6
"0101 Halden (-2019)"	"Småhus"	"2019K2"	23906	13
"0101 Halden (-2019)"	"Småhus"	"2019K3"	24300	18
"0101 Halden (-2019)"	"Småhus"	"2019K4"	25577	18
"0101 Halden (-2019)"	"Småhus"	"2020K1"	.	.
"0101 Halden (-2019)"	"Småhus"	"2020K2"	.	.
"0101 Halden (-2019)"	"Småhus"	"2020K3"	.	.
"0101 Halden (-2019)"	"Småhus"	"2020K4"	.	.
"0101 Halden (-2019)"	"Småhus"	"2021K1"	.	.
"0101 Halden (-2019)"	"Småhus"	"2021K2"	.	.
"0101 Halden (-2019)"	"Småhus"	"2021K3"	.	.
"0101 Halden (-2019)"	"Småhus"	"2021K4"	.	.
"0101 Halden (-2019)"	"Småhus"	"2022K1"	.	.
"0101 Halden (-2019)"	"Småhus"	"2022K2"	.	.
"0101 Halden (-2019)"	"Småhus"	"2022K3"	.	.
"0101 Halden (-2019)"	"Småhus"	"2022K4"	.	.
"0101 Halden (-2019)"	"Småhus"	"2023K1"	.	.
"0101 Halden (-2019)"	"Småhus"	"2023K2"	.	.
"0101 Halden (-2019)"	"Småhus"	"2023K3"	.	.
"0101 Halden (-2019)"	"Blokkleiligheter"	"2006K1"	12303	10
"0101 Halden (-2019)"	"Blokkleiligheter"	"2006K2"	..	7
"0101 Halden (-2019)"	"Blokkleiligheter"	"2006K3"	12842	11
"0101 Halden (-2019)"	"Blokkleiligheter"	"2006K4"	..	6
"0101 Halden (-2019)"	"Blokkleiligheter"	"2007K1"	..	5
"0101 Halden (-2019)"	"Blokkleiligheter"	"2007K2"	15966	10
"0101 Halden (-2019)"	"Blokkleiligheter"	"2007K3"	..	6
"0101 Halden (-2019)"	"Blokkleiligheter"	"2007K4"	15102	11
"0101 Halden (-2019)"	"Blokkleiligheter"	"2008K1"	14778	20
"0101 Halden (-2019)"	"Blokkleiligheter"	"2008K2"	16273	27
"0101 Halden (-2019)"	"Blokkleiligheter"	"2008K3"	..	8
"0101 Halden (-2019)"	"Blokkleiligheter"	"2008K4"	..	5
"0101 Halden (-2019)"	"Blokkleiligheter"	"2009K1"	13385	10
"0101 Halden (-2019)"	"Blokkleiligheter"	"2009K2"	16355	19
"0101 Halden (-2019)"	"Blokkleiligheter"	"2009K3"	15787	13
"0101 Halden (-2019)"	"Blokkleiligheter"	"2009K4"	..	8
"0101 Halden (-2019)"	"Blokkleiligheter"	"2010K1"	..	7
"0101 Halden (-2019)"	"Blokkleiligheter"	"2010K2"	..	9
"0101 Halden (-2019)"	"Blokkleiligheter"	"2010K3"	15472	19
"0101 Halden (-2019)"	"Blokkleiligheter"	"2010K4"	17430	21
"0101 Halden (-2019)"	"Blokkleiligheter"	"2011K1"	18750	18
"0101 Halden (-2019)"	"Blokkleiligheter"	"2011K2"	17140	23
"0101 Halden (-2019)"	"Blokkleiligheter"	"2011K3"	19149	21
"0101 Halden (-2019)"	"Blokkleiligheter"	"2011K4"	19214	14
"0101 Halden (-2019)"	"Blokkleiligheter"	"2012K1"	20831	21
"0101 Halden (-2019)"	"Blokkleiligheter"	"2012K2"	21856	14
"0101 Halden (-2019)"	"Blokkleiligheter"	"2012K3"	17644	22
"0101 Halden (-2019)"	"Blokkleiligheter"	"2012K4"	18206	20
"0101 Halden (-2019)"	"Blokkleiligheter"	"2013K1"	18145	14
"0101 Halden (-2019)"	"Blokkleiligheter"	"2013K2"	17847	23
"0101 Halden (-2019)"	"Blokkleiligheter"	"2013K3"	20177	13
"0101 Halden (-2019)"	"Blokkleiligheter"	"2013K4"	20617	20
"0101 Halden (-2019)"	"Blokkleiligheter"	"2014K1"	20764	21
"0101 Halden (-2019)"	"Blokkleiligheter"	"2014K2"	22440	25
"0101 Halden (-2019)"	"Blokkleiligheter"	"2014K3"	23705	20
"0101 Halden (-2019)"	"Blokkleiligheter"	"2014K4"	19837	26
"0101 Halden (-2019)"	"Blokkleiligheter"	"2015K1"	22627	28
"0101 Halden (-2019)"	"Blokkleiligheter"	"2015K2"	21382	22
"0101 Halden (-2019)"	"Blokkleiligheter"	"2015K3"	22009	32
"0101 Halden (-2019)"	"Blokkleiligheter"	"2015K4"	22418	19
"0101 Halden (-2019)"	"Blokkleiligheter"	"2016K1"	20676	19
"0101 Halden (-2019)"	"Blokkleiligheter"	"2016K2"	25415	27
"0101 Halden (-2019)"	"Blokkleiligheter"	"2016K3"	24654	20
"0101 Halden (-2019)"	"Blokkleiligheter"	"2016K4"	25678	30
"0101 Halden (-2019)"	"Blokkleiligheter"	"2017K1"	26109	25
"0101 Halden (-2019)"	"Blokkleiligheter"	"2017K2"	26425	27
"0101 Halden (-2019)"	"Blokkleiligheter"	"2017K3"	26599	23
"0101 Halden (-2019)"	"Blokkleiligheter"	"2017K4"	24885	25
"0101 Halden (-2019)"	"Blokkleiligheter"	"2018K1"	28469	11
"0101 Halden (-2019)"	"Blokkleiligheter"	"2018K2"	32169	32
"0101 Halden (-2019)"	"Blokkleiligheter"	"2018K3"	32169	23
"0101 Halden (-2019)"	"Blokkleiligheter"	"2018K4"	24957	18
"0101 Halden (-2019)"	"Blokkleiligheter"	"2019K1"	28996	15
"0101 Halden (-2019)"	"Blokkleiligheter"	"2019K2"	28190	23
"0101 Halden (-2019)"	"Blokkleiligheter"	"2019K3"	28212	26
"0101 Halden (-2019)"	"Blokkleiligheter"	"2019K4"	28784	21
"0101 Halden (-2019)"	"Blokkleiligheter"	"2020K1"	.	.
"0101 Halden (-2019)"	"Blokkleiligheter"	"2020K2"	.	.
"0101 Halden (-2019)"	"Blokkleiligheter"	"2020K3"	.	.
"0101 Halden (-2019)"	"Blokkleiligheter"	"2020K4"	.	.
"0101 Halden (-2019)"	"Blokkleiligheter"	"2021K1"	.	.
"0101 Halden (-2019)"	"Blokkleiligheter"	"2021K2"	.	.
"0101 Halden (-2019)"	"Blokkleiligheter"	"2021K3"	.	.
"0101 Halden (-2019)"	"Blokkleiligheter"	"2021K4"	.	.
"0101 Halden (-2019)"	"Blokkleiligheter"	"2022K1"	.	.
"0101 Halden (-2019)"	"Blokkleiligheter"	"2022K2"	.	.
"0101 Halden (-2019)"	"Blokkleiligheter"	"2022K3"	.	.
"0101 Halden (-2019)"	"Blokkleiligheter"	"2022K4"	.	.
"0101 Halden (-2019)"	"Blokkleiligheter"	"2023K1"	.	.
"0101 Halden (-2019)"	"Blokkleiligheter"	"2023K2"	.	.
"0101 Halden (-2019)"	"Blokkleiligheter"	"2023K3"	.	.
"0104 Moss (-2019)"	"Eneboliger"	"2006K1"	15591	32
"0104 Moss (-2019)"	"Eneboliger"	"2006K2"	14846	27
"0104 Moss (-2019)"	"Eneboliger"	"2006K3"	15814	41
"0104 Moss (-2019)"	"Eneboliger"	"2006K4"	16377	19
"0104 Moss (-2019)"	"Eneboliger"	"2007K1"	16491	23
"0104 Moss (-2019)"	"Eneboliger"	"2007K2"	18992	24
"0104 Moss (-2019)"	"Eneboliger"	"2007K3"	18645	21
"0104 Moss (-2019)"	"Eneboliger"	"2007K4"	16964	23
"0104 Moss (-2019)"	"Eneboliger"	"2008K1"	17714	24
"0104 Moss (-2019)"	"Eneboliger"	"2008K2"	18143	58
"0104 Moss (-2019)"	"Eneboliger"	"2008K3"	19140	36
"0104 Moss (-2019)"	"Eneboliger"	"2008K4"	17894	18
"0104 Moss (-2019)"	"Eneboliger"	"2009K1"	16209	33
"0104 Moss (-2019)"	"Eneboliger"	"2009K2"	19203	41
"0104 Moss (-2019)"	"Eneboliger"	"2009K3"	18568	40
"0104 Moss (-2019)"	"Eneboliger"	"2009K4"	19091	34
"0104 Moss (-2019)"	"Eneboliger"	"2010K1"	19167	35
"0104 Moss (-2019)"	"Eneboliger"	"2010K2"	18951	54
"0104 Moss (-2019)"	"Eneboliger"	"2010K3"	18480	57
"0104 Moss (-2019)"	"Eneboliger"	"2010K4"	18713	44
"0104 Moss (-2019)"	"Eneboliger"	"2011K1"	20213	35
"0104 Moss (-2019)"	"Eneboliger"	"2011K2"	20478	53
"0104 Moss (-2019)"	"Eneboliger"	"2011K3"	20071	52
"0104 Moss (-2019)"	"Eneboliger"	"2011K4"	20001	31
"0104 Moss (-2019)"	"Eneboliger"	"2012K1"	19607	31
"0104 Moss (-2019)"	"Eneboliger"	"2012K2"	21008	57
"0104 Moss (-2019)"	"Eneboliger"	"2012K3"	21582	45
"0104 Moss (-2019)"	"Eneboliger"	"2012K4"	22130	46
"0104 Moss (-2019)"	"Eneboliger"	"2013K1"	21046	28
"0104 Moss (-2019)"	"Eneboliger"	"2013K2"	22676	55
"0104 Moss (-2019)"	"Eneboliger"	"2013K3"	20901	50
"0104 Moss (-2019)"	"Eneboliger"	"2013K4"	22352	32
"0104 Moss (-2019)"	"Eneboliger"	"2014K1"	23487	28
"0104 Moss (-2019)"	"Eneboliger"	"2014K2"	22853	57
"0104 Moss (-2019)"	"Eneboliger"	"2014K3"	24689	39
"0104 Moss (-2019)"	"Eneboliger"	"2014K4"	24413	33
"0104 Moss (-2019)"	"Eneboliger"	"2015K1"	24886	35
"0104 Moss (-2019)"	"Eneboliger"	"2015K2"	24180	52
"0104 Moss (-2019)"	"Eneboliger"	"2015K3"	24984	41
"0104 Moss (-2019)"	"Eneboliger"	"2015K4"	25107	28
"0104 Moss (-2019)"	"Eneboliger"	"2016K1"	25021	30
"0104 Moss (-2019)"	"Eneboliger"	"2016K2"	26392	46
"0104 Moss (-2019)"	"Eneboliger"	"2016K3"	27771	28
"0104 Moss (-2019)"	"Eneboliger"	"2016K4"	29889	35
"0104 Moss (-2019)"	"Eneboliger"	"2017K1"	26674	33
"0104 Moss (-2019)"	"Eneboliger"	"2017K2"	29254	53
"0104 Moss (-2019)"	"Eneboliger"	"2017K3"	28962	36
"0104 Moss (-2019)"	"Eneboliger"	"2017K4"	27578	29
"0104 Moss (-2019)"	"Eneboliger"	"2018K1"	26059	27
"0104 Moss (-2019)"	"Eneboliger"	"2018K2"	29491	56
"0104 Moss (-2019)"	"Eneboliger"	"2018K3"	29736	49
"0104 Moss (-2019)"	"Eneboliger"	"2018K4"	31072	32
"0104 Moss (-2019)"	"Eneboliger"	"2019K1"	28852	44
"0104 Moss (-2019)"	"Eneboliger"	"2019K2"	33144	52
"0104 Moss (-2019)"	"Eneboliger"	"2019K3"	28977	41
"0104 Moss (-2019)"	"Eneboliger"	"2019K4"	30837	32
"0104 Moss (-2019)"	"Eneboliger"	"2020K1"	.	.
"0104 Moss (-2019)"	"Eneboliger"	"2020K2"	.	.
"0104 Moss (-2019)"	"Eneboliger"	"2020K3"	.	.
"0104 Moss (-2019)"	"Eneboliger"	"2020K4"	.	.
"0104 Moss (-2019)"	"Eneboliger"	"2021K1"	.	.
"0104 Moss (-2019)"	"Eneboliger"	"2021K2"	.	.
"0104 Moss (-2019)"	"Eneboliger"	"2021K3"	.	.
"0104 Moss (-2019)"	"Eneboliger"	"2021K4"	.	.
"0104 Moss (-2019)"	"Eneboliger"	"2022K1"	.	.
"0104 Moss (-2019)"	"Eneboliger"	"2022K2"	.	.
"0104 Moss (-2019)"	"Eneboliger"	"2022K3"	.	.
"0104 Moss (-2019)"	"Eneboliger"	"2022K4"	.	.
"0104 Moss (-2019)"	"Eneboliger"	"2023K1"	.	.
"0104 Moss (-2019)"	"Eneboliger"	"2023K2"	.	.
"0104 Moss (-2019)"	"Eneboliger"	"2023K3"	.	.
"0104 Moss (-2019)"	"Småhus"	"2006K1"	14347	25
"0104 Moss (-2019)"	"Småhus"	"2006K2"	15465	14
"0104 Moss (-2019)"	"Småhus"	"2006K3"	..	6
"0104 Moss (-2019)"	"Småhus"	"2006K4"	..	7
"0104 Moss (-2019)"	"Småhus"	"2007K1"	..	5
"0104 Moss (-2019)"	"Småhus"	"2007K2"	15992	10
"0104 Moss (-2019)"	"Småhus"	"2007K3"	..	3
"0104 Moss (-2019)"	"Småhus"	"2007K4"	15979	10
"0104 Moss (-2019)"	"Småhus"	"2008K1"	..	9
"0104 Moss (-2019)"	"Småhus"	"2008K2"	17264	14
"0104 Moss (-2019)"	"Småhus"	"2008K3"	16594	11
"0104 Moss (-2019)"	"Småhus"	"2008K4"	14686	16
"0104 Moss (-2019)"	"Småhus"	"2009K1"	..	6
"0104 Moss (-2019)"	"Småhus"	"2009K2"	..	6
"0104 Moss (-2019)"	"Småhus"	"2009K3"	..	9
"0104 Moss (-2019)"	"Småhus"	"2009K4"	..	8
"0104 Moss (-2019)"	"Småhus"	"2010K1"	18358	11
"0104 Moss (-2019)"	"Småhus"	"2010K2"	17897	13
"0104 Moss (-2019)"	"Småhus"	"2010K3"	16653	14
"0104 Moss (-2019)"	"Småhus"	"2010K4"	..	4
"0104 Moss (-2019)"	"Småhus"	"2011K1"	19246	14
"0104 Moss (-2019)"	"Småhus"	"2011K2"	18330	18
"0104 Moss (-2019)"	"Småhus"	"2011K3"	..	6
"0104 Moss (-2019)"	"Småhus"	"2011K4"	18935	13
"0104 Moss (-2019)"	"Småhus"	"2012K1"	..	9
"0104 Moss (-2019)"	"Småhus"	"2012K2"	20267	16
"0104 Moss (-2019)"	"Småhus"	"2012K3"	..	2
"0104 Moss (-2019)"	"Småhus"	"2012K4"	20206	15
"0104 Moss (-2019)"	"Småhus"	"2013K1"	..	8
"0104 Moss (-2019)"	"Småhus"	"2013K2"	20276	18
"0104 Moss (-2019)"	"Småhus"	"2013K3"	..	5
"0104 Moss (-2019)"	"Småhus"	"2013K4"	21956	12
"0104 Moss (-2019)"	"Småhus"	"2014K1"	22554	17
"0104 Moss (-2019)"	"Småhus"	"2014K2"	21099	16
"0104 Moss (-2019)"	"Småhus"	"2014K3"	20665	11
"0104 Moss (-2019)"	"Småhus"	"2014K4"	23140	10
"0104 Moss (-2019)"	"Småhus"	"2015K1"	21780	10
"0104 Moss (-2019)"	"Småhus"	"2015K2"	22796	17
"0104 Moss (-2019)"	"Småhus"	"2015K3"	21796	13
"0104 Moss (-2019)"	"Småhus"	"2015K4"	..	8
"0104 Moss (-2019)"	"Småhus"	"2016K1"	23892	13
"0104 Moss (-2019)"	"Småhus"	"2016K2"	25690	25
"0104 Moss (-2019)"	"Småhus"	"2016K3"	26127	11
"0104 Moss (-2019)"	"Småhus"	"2016K4"	24296	16
"0104 Moss (-2019)"	"Småhus"	"2017K1"	..	8
"0104 Moss (-2019)"	"Småhus"	"2017K2"	31008	14
"0104 Moss (-2019)"	"Småhus"	"2017K3"	31164	10
"0104 Moss (-2019)"	"Småhus"	"2017K4"	28860	11
"0104 Moss (-2019)"	"Småhus"	"2018K1"	..	5
"0104 Moss (-2019)"	"Småhus"	"2018K2"	33976	17
"0104 Moss (-2019)"	"Småhus"	"2018K3"	29705	15
"0104 Moss (-2019)"	"Småhus"	"2018K4"	26446	15
"0104 Moss (-2019)"	"Småhus"	"2019K1"	28942	13
"0104 Moss (-2019)"	"Småhus"	"2019K2"	30736	16
"0104 Moss (-2019)"	"Småhus"	"2019K3"	30093	18
"0104 Moss (-2019)"	"Småhus"	"2019K4"	..	5
"0104 Moss (-2019)"	"Småhus"	"2020K1"	.	.
"0104 Moss (-2019)"	"Småhus"	"2020K2"	.	.
"0104 Moss (-2019)"	"Småhus"	"2020K3"	.	.
"0104 Moss (-2019)"	"Småhus"	"2020K4"	.	.
"0104 Moss (-2019)"	"Småhus"	"2021K1"	.	.
"0104 Moss (-2019)"	"Småhus"	"2021K2"	.	.
"0104 Moss (-2019)"	"Småhus"	"2021K3"	.	.
"0104 Moss (-2019)"	"Småhus"	"2021K4"	.	.
"0104 Moss (-2019)"	"Småhus"	"2022K1"	.	.
"0104 Moss (-2019)"	"Småhus"	"2022K2"	.	.
"0104 Moss (-2019)"	"Småhus"	"2022K3"	.	.
"0104 Moss (-2019)"	"Småhus"	"2022K4"	.	.
"0104 Moss (-2019)"	"Småhus"	"2023K1"	.	.
"0104 Moss (-2019)"	"Småhus"	"2023K2"	.	.
"0104 Moss (-2019)"	"Småhus"	"2023K3"	.	.
"0104 Moss (-2019)"	"Blokkleiligheter"	"2006K1"	23007	40
"0104 Moss (-2019)"	"Blokkleiligheter"	"2006K2"	22882	23
"0104 Moss (-2019)"	"Blokkleiligheter"	"2006K3"	21541	30
"0104 Moss (-2019)"	"Blokkleiligheter"	"2006K4"	20839	15
"0104 Moss (-2019)"	"Blokkleiligheter"	"2007K1"	22106	17
"0104 Moss (-2019)"	"Blokkleiligheter"	"2007K2"	26234	21
"0104 Moss (-2019)"	"Blokkleiligheter"	"2007K3"	24191	20
"0104 Moss (-2019)"	"Blokkleiligheter"	"2007K4"	24361	26
"0104 Moss (-2019)"	"Blokkleiligheter"	"2008K1"	25658	29
"0104 Moss (-2019)"	"Blokkleiligheter"	"2008K2"	22991	34
"0104 Moss (-2019)"	"Blokkleiligheter"	"2008K3"	24744	29
"0104 Moss (-2019)"	"Blokkleiligheter"	"2008K4"	23020	13
"0104 Moss (-2019)"	"Blokkleiligheter"	"2009K1"	22364	23
"0104 Moss (-2019)"	"Blokkleiligheter"	"2009K2"	24440	37
"0104 Moss (-2019)"	"Blokkleiligheter"	"2009K3"	23563	35
"0104 Moss (-2019)"	"Blokkleiligheter"	"2009K4"	25835	26
"0104 Moss (-2019)"	"Blokkleiligheter"	"2010K1"	23561	29
"0104 Moss (-2019)"	"Blokkleiligheter"	"2010K2"	25142	42
"0104 Moss (-2019)"	"Blokkleiligheter"	"2010K3"	24336	35
"0104 Moss (-2019)"	"Blokkleiligheter"	"2010K4"	25109	29
"0104 Moss (-2019)"	"Blokkleiligheter"	"2011K1"	25589	33
"0104 Moss (-2019)"	"Blokkleiligheter"	"2011K2"	24134	33
"0104 Moss (-2019)"	"Blokkleiligheter"	"2011K3"	26565	29
"0104 Moss (-2019)"	"Blokkleiligheter"	"2011K4"	25866	44
"0104 Moss (-2019)"	"Blokkleiligheter"	"2012K1"	26752	22
"0104 Moss (-2019)"	"Blokkleiligheter"	"2012K2"	28323	39
"0104 Moss (-2019)"	"Blokkleiligheter"	"2012K3"	28189	37
"0104 Moss (-2019)"	"Blokkleiligheter"	"2012K4"	25966	34
"0104 Moss (-2019)"	"Blokkleiligheter"	"2013K1"	28910	41
"0104 Moss (-2019)"	"Blokkleiligheter"	"2013K2"	31311	43
"0104 Moss (-2019)"	"Blokkleiligheter"	"2013K3"	29961	42
"0104 Moss (-2019)"	"Blokkleiligheter"	"2013K4"	28480	25
"0104 Moss (-2019)"	"Blokkleiligheter"	"2014K1"	29319	33
"0104 Moss (-2019)"	"Blokkleiligheter"	"2014K2"	31188	46
"0104 Moss (-2019)"	"Blokkleiligheter"	"2014K3"	31861	48
"0104 Moss (-2019)"	"Blokkleiligheter"	"2014K4"	31066	33
"0104 Moss (-2019)"	"Blokkleiligheter"	"2015K1"	33971	33
"0104 Moss (-2019)"	"Blokkleiligheter"	"2015K2"	34016	38
"0104 Moss (-2019)"	"Blokkleiligheter"	"2015K3"	35658	30
"0104 Moss (-2019)"	"Blokkleiligheter"	"2015K4"	33749	29
"0104 Moss (-2019)"	"Blokkleiligheter"	"2016K1"	34428	38
"0104 Moss (-2019)"	"Blokkleiligheter"	"2016K2"	38790	40
"0104 Moss (-2019)"	"Blokkleiligheter"	"2016K3"	38553	41
"0104 Moss (-2019)"	"Blokkleiligheter"	"2016K4"	42168	33
"0104 Moss (-2019)"	"Blokkleiligheter"	"2017K1"	41020	36
"0104 Moss (-2019)"	"Blokkleiligheter"	"2017K2"	41039	44
"0104 Moss (-2019)"	"Blokkleiligheter"	"2017K3"	40736	36
"0104 Moss (-2019)"	"Blokkleiligheter"	"2017K4"	42978	35
"0104 Moss (-2019)"	"Blokkleiligheter"	"2018K1"	45641	23
"0104 Moss (-2019)"	"Blokkleiligheter"	"2018K2"	41119	52
"0104 Moss (-2019)"	"Blokkleiligheter"	"2018K3"	44154	41
"0104 Moss (-2019)"	"Blokkleiligheter"	"2018K4"	41506	41
"0104 Moss (-2019)"	"Blokkleiligheter"	"2019K1"	45267	36
"0104 Moss (-2019)"	"Blokkleiligheter"	"2019K2"	44991	57
"0104 Moss (-2019)"	"Blokkleiligheter"	"2019K3"	46947	32
"0104 Moss (-2019)"	"Blokkleiligheter"	"2019K4"	47463	39
"0104 Moss (-2019)"	"Blokkleiligheter"	"2020K1"	.	.
"0104 Moss (-2019)"	"Blokkleiligheter"	"2020K2"	.	.
"0104 Moss (-2019)"	"Blokkleiligheter"	"2020K3"	.	.
"0104 Moss (-2019)"	"Blokkleiligheter"	"2020K4"	.	.
"0104 Moss (-2019)"	"Blokkleiligheter"	"2021K1"	.	.
"0104 Moss (-2019)"	"Blokkleiligheter"	"2021K2"	.	.
"0104 Moss (-2019)"	"Blokkleiligheter"	"2021K3"	.	.
"0104 Moss (-2019)"	"Blokkleiligheter"	"2021K4"	.	.
"0104 Moss (-2019)"	"Blokkleiligheter"	"2022K1"	.	.
"0104 Moss (-2019)"	"Blokkleiligheter"	"2022K2"	.	.
"0104 Moss (-2019)"	"Blokkleiligheter"	"2022K3"	.	.
"0104 Moss (-2019)"	"Blokkleiligheter"	"2022K4"	.	.
"0104 Moss (-2019)"	"Blokkleiligheter"	"2023K1"	.	.
"0104 Moss (-2019)"	"Blokkleiligheter"	"2023K2"	.	.
"0104 Moss (-2019)"	"Blokkleiligheter"	"2023K3"	.	.
"0105 Sarpsborg (1992-2019)"	"Eneboliger"	"2006K1"	12060	79
"0105 Sarpsborg (1992-2019)"	"Eneboliger"	"2006K2"	12353	105
"0105 Sarpsborg (1992-2019)"	"Eneboliger"	"2006K3"	13273	103
"0105 Sarpsborg (1992-2019)"	"Eneboliger"	"2006K4"	13361	73
"0105 Sarpsborg (1992-2019)"	"Eneboliger"	"2007K1"	13348	76
"0105 Sarpsborg (1992-2019)"	"Eneboliger"	"2007K2"	14197	104
"0105 Sarpsborg (1992-2019)"	"Eneboliger"	"2007K3"	15103	93
"0105 Sarpsborg (1992-2019)"	"Eneboliger"	"2007K4"	14766	106
"0105 Sarpsborg (1992-2019)"	"Eneboliger"	"2008K1"	15357	69
"0105 Sarpsborg (1992-2019)"	"Eneboliger"	"2008K2"	14850	112
"0105 Sarpsborg (1992-2019)"	"Eneboliger"	"2008K3"	15524	79
"0105 Sarpsborg (1992-2019)"	"Eneboliger"	"2008K4"	14091	61
"0105 Sarpsborg (1992-2019)"	"Eneboliger"	"2009K1"	13672	63
"0105 Sarpsborg (1992-2019)"	"Eneboliger"	"2009K2"	14310	95
"0105 Sarpsborg (1992-2019)"	"Eneboliger"	"2009K3"	14448	97
"0105 Sarpsborg (1992-2019)"	"Eneboliger"	"2009K4"	14237	106
"0105 Sarpsborg (1992-2019)"	"Eneboliger"	"2010K1"	14669	79
"0105 Sarpsborg (1992-2019)"	"Eneboliger"	"2010K2"	14762	101
"0105 Sarpsborg (1992-2019)"	"Eneboliger"	"2010K3"	14783	91
"0105 Sarpsborg (1992-2019)"	"Eneboliger"	"2010K4"	15270	87
"0105 Sarpsborg (1992-2019)"	"Eneboliger"	"2011K1"	15194	91
"0105 Sarpsborg (1992-2019)"	"Eneboliger"	"2011K2"	15936	121
"0105 Sarpsborg (1992-2019)"	"Eneboliger"	"2011K3"	16021	103
"0105 Sarpsborg (1992-2019)"	"Eneboliger"	"2011K4"	15304	111
"0105 Sarpsborg (1992-2019)"	"Eneboliger"	"2012K1"	15757	92
"0105 Sarpsborg (1992-2019)"	"Eneboliger"	"2012K2"	16183	101
"0105 Sarpsborg (1992-2019)"	"Eneboliger"	"2012K3"	16724	92
"0105 Sarpsborg (1992-2019)"	"Eneboliger"	"2012K4"	17752	74
"0105 Sarpsborg (1992-2019)"	"Eneboliger"	"2013K1"	17716	75
"0105 Sarpsborg (1992-2019)"	"Eneboliger"	"2013K2"	17714	104
"0105 Sarpsborg (1992-2019)"	"Eneboliger"	"2013K3"	17776	85
"0105 Sarpsborg (1992-2019)"	"Eneboliger"	"2013K4"	16898	80
"0105 Sarpsborg (1992-2019)"	"Eneboliger"	"2014K1"	17844	91
"0105 Sarpsborg (1992-2019)"	"Eneboliger"	"2014K2"	18049	109
"0105 Sarpsborg (1992-2019)"	"Eneboliger"	"2014K3"	18019	90
"0105 Sarpsborg (1992-2019)"	"Eneboliger"	"2014K4"	17636	88
"0105 Sarpsborg (1992-2019)"	"Eneboliger"	"2015K1"	17919	75
"0105 Sarpsborg (1992-2019)"	"Eneboliger"	"2015K2"	19117	100
"0105 Sarpsborg (1992-2019)"	"Eneboliger"	"2015K3"	19899	80
"0105 Sarpsborg (1992-2019)"	"Eneboliger"	"2015K4"	19618	67
"0105 Sarpsborg (1992-2019)"	"Eneboliger"	"2016K1"	20628	61
"0105 Sarpsborg (1992-2019)"	"Eneboliger"	"2016K2"	20697	117
"0105 Sarpsborg (1992-2019)"	"Eneboliger"	"2016K3"	21115	83
"0105 Sarpsborg (1992-2019)"	"Eneboliger"	"2016K4"	21248	83
"0105 Sarpsborg (1992-2019)"	"Eneboliger"	"2017K1"	22221	84
"0105 Sarpsborg (1992-2019)"	"Eneboliger"	"2017K2"	21013	103
"0105 Sarpsborg (1992-2019)"	"Eneboliger"	"2017K3"	21502	85
"0105 Sarpsborg (1992-2019)"	"Eneboliger"	"2017K4"	20857	88
"0105 Sarpsborg (1992-2019)"	"Eneboliger"	"2018K1"	22706	59
"0105 Sarpsborg (1992-2019)"	"Eneboliger"	"2018K2"	23382	127
"0105 Sarpsborg (1992-2019)"	"Eneboliger"	"2018K3"	24538	93
"0105 Sarpsborg (1992-2019)"	"Eneboliger"	"2018K4"	22875	92
"0105 Sarpsborg (1992-2019)"	"Eneboliger"	"2019K1"	23925	87
"0105 Sarpsborg (1992-2019)"	"Eneboliger"	"2019K2"	24699	129
"0105 Sarpsborg (1992-2019)"	"Eneboliger"	"2019K3"	24500	103
"0105 Sarpsborg (1992-2019)"	"Eneboliger"	"2019K4"	23638	94
"0105 Sarpsborg (1992-2019)"	"Eneboliger"	"2020K1"	.	.
"0105 Sarpsborg (1992-2019)"	"Eneboliger"	"2020K2"	.	.
"0105 Sarpsborg (1992-2019)"	"Eneboliger"	"2020K3"	.	.
"0105 Sarpsborg (1992-2019)"	"Eneboliger"	"2020K4"	.	.
"0105 Sarpsborg (1992-2019)"	"Eneboliger"	"2021K1"	.	.
"0105 Sarpsborg (1992-2019)"	"Eneboliger"	"2021K2"	.	.
"0105 Sarpsborg (1992-2019)"	"Eneboliger"	"2021K3"	.	.
"0105 Sarpsborg (1992-2019)"	"Eneboliger"	"2021K4"	.	.
"0105 Sarpsborg (1992-2019)"	"Eneboliger"	"2022K1"	.	.
"0105 Sarpsborg (1992-2019)"	"Eneboliger"	"2022K2"	.	.
"0105 Sarpsborg (1992-2019)"	"Eneboliger"	"2022K3"	.	.
"0105 Sarpsborg (1992-2019)"	"Eneboliger"	"2022K4"	.	.
"0105 Sarpsborg (1992-2019)"	"Eneboliger"	"2023K1"	.	.
"0105 Sarpsborg (1992-2019)"	"Eneboliger"	"2023K2"	.	.
"0105 Sarpsborg (1992-2019)"	"Eneboliger"	"2023K3"	.	.
"0105 Sarpsborg (1992-2019)"	"Småhus"	"2006K1"	13510	13
"0105 Sarpsborg (1992-2019)"	"Småhus"	"2006K2"	12315	11
"0105 Sarpsborg (1992-2019)"	"Småhus"	"2006K3"	13131	20
"0105 Sarpsborg (1992-2019)"	"Småhus"	"2006K4"	12551	14
"0105 Sarpsborg (1992-2019)"	"Småhus"	"2007K1"	14043	17
"0105 Sarpsborg (1992-2019)"	"Småhus"	"2007K2"	13635	30
"0105 Sarpsborg (1992-2019)"	"Småhus"	"2007K3"	14843	15
"0105 Sarpsborg (1992-2019)"	"Småhus"	"2007K4"	14328	25
"0105 Sarpsborg (1992-2019)"	"Småhus"	"2008K1"	15090	18
"0105 Sarpsborg (1992-2019)"	"Småhus"	"2008K2"	13584	23
"0105 Sarpsborg (1992-2019)"	"Småhus"	"2008K3"	15245	10
"0105 Sarpsborg (1992-2019)"	"Småhus"	"2008K4"	12458	12
"0105 Sarpsborg (1992-2019)"	"Småhus"	"2009K1"	12839	10
"0105 Sarpsborg (1992-2019)"	"Småhus"	"2009K2"	..	9
"0105 Sarpsborg (1992-2019)"	"Småhus"	"2009K3"	13733	18
"0105 Sarpsborg (1992-2019)"	"Småhus"	"2009K4"	13557	18
"0105 Sarpsborg (1992-2019)"	"Småhus"	"2010K1"	13886	10
"0105 Sarpsborg (1992-2019)"	"Småhus"	"2010K2"	12336	13
"0105 Sarpsborg (1992-2019)"	"Småhus"	"2010K3"	14854	17
"0105 Sarpsborg (1992-2019)"	"Småhus"	"2010K4"	15202	13
"0105 Sarpsborg (1992-2019)"	"Småhus"	"2011K1"	15205	13
"0105 Sarpsborg (1992-2019)"	"Småhus"	"2011K2"	14182	18
"0105 Sarpsborg (1992-2019)"	"Småhus"	"2011K3"	14206	19
"0105 Sarpsborg (1992-2019)"	"Småhus"	"2011K4"	14757	13
"0105 Sarpsborg (1992-2019)"	"Småhus"	"2012K1"	14991	12
"0105 Sarpsborg (1992-2019)"	"Småhus"	"2012K2"	17454	18
"0105 Sarpsborg (1992-2019)"	"Småhus"	"2012K3"	17585	16
"0105 Sarpsborg (1992-2019)"	"Småhus"	"2012K4"	16425	17
"0105 Sarpsborg (1992-2019)"	"Småhus"	"2013K1"	17342	14
"0105 Sarpsborg (1992-2019)"	"Småhus"	"2013K2"	19182	14
"0105 Sarpsborg (1992-2019)"	"Småhus"	"2013K3"	17446	15
"0105 Sarpsborg (1992-2019)"	"Småhus"	"2013K4"	15830	14
"0105 Sarpsborg (1992-2019)"	"Småhus"	"2014K1"	..	9
"0105 Sarpsborg (1992-2019)"	"Småhus"	"2014K2"	16522	11
"0105 Sarpsborg (1992-2019)"	"Småhus"	"2014K3"	20005	14
"0105 Sarpsborg (1992-2019)"	"Småhus"	"2014K4"	21048	8
"0105 Sarpsborg (1992-2019)"	"Småhus"	"2015K1"	21211	12
"0105 Sarpsborg (1992-2019)"	"Småhus"	"2015K2"	20660	12
"0105 Sarpsborg (1992-2019)"	"Småhus"	"2015K3"	17800	15
"0105 Sarpsborg (1992-2019)"	"Småhus"	"2015K4"	20120	17
"0105 Sarpsborg (1992-2019)"	"Småhus"	"2016K1"	..	9
"0105 Sarpsborg (1992-2019)"	"Småhus"	"2016K2"	19792	23
"0105 Sarpsborg (1992-2019)"	"Småhus"	"2016K3"	20461	14
"0105 Sarpsborg (1992-2019)"	"Småhus"	"2016K4"	25972	11
"0105 Sarpsborg (1992-2019)"	"Småhus"	"2017K1"	22736	21
"0105 Sarpsborg (1992-2019)"	"Småhus"	"2017K2"	22178	18
"0105 Sarpsborg (1992-2019)"	"Småhus"	"2017K3"	24842	15
"0105 Sarpsborg (1992-2019)"	"Småhus"	"2017K4"	22207	15
"0105 Sarpsborg (1992-2019)"	"Småhus"	"2018K1"	24257	16
"0105 Sarpsborg (1992-2019)"	"Småhus"	"2018K2"	25082	31
"0105 Sarpsborg (1992-2019)"	"Småhus"	"2018K3"	24778	23
"0105 Sarpsborg (1992-2019)"	"Småhus"	"2018K4"	24279	17
"0105 Sarpsborg (1992-2019)"	"Småhus"	"2019K1"	27034	17
"0105 Sarpsborg (1992-2019)"	"Småhus"	"2019K2"	28085	23
"0105 Sarpsborg (1992-2019)"	"Småhus"	"2019K3"	25425	29
"0105 Sarpsborg (1992-2019)"	"Småhus"	"2019K4"	25945	24
"0105 Sarpsborg (1992-2019)"	"Småhus"	"2020K1"	.	.
"0105 Sarpsborg (1992-2019)"	"Småhus"	"2020K2"	.	.
"0105 Sarpsborg (1992-2019)"	"Småhus"	"2020K3"	.	.
"0105 Sarpsborg (1992-2019)"	"Småhus"	"2020K4"	.	.
"0105 Sarpsborg (1992-2019)"	"Småhus"	"2021K1"	.	.
"0105 Sarpsborg (1992-2019)"	"Småhus"	"2021K2"	.	.
"0105 Sarpsborg (1992-2019)"	"Småhus"	"2021K3"	.	.
"0105 Sarpsborg (1992-2019)"	"Småhus"	"2021K4"	.	.
"0105 Sarpsborg (1992-2019)"	"Småhus"	"2022K1"	.	.
"0105 Sarpsborg (1992-2019)"	"Småhus"	"2022K2"	.	.
"0105 Sarpsborg (1992-2019)"	"Småhus"	"2022K3"	.	.
"0105 Sarpsborg (1992-2019)"	"Småhus"	"2022K4"	.	.
"0105 Sarpsborg (1992-2019)"	"Småhus"	"2023K1"	.	.
"0105 Sarpsborg (1992-2019)"	"Småhus"	"2023K2"	.	.
"0105 Sarpsborg (1992-2019)"	"Småhus"	"2023K3"	.	.
"0105 Sarpsborg (1992-2019)"	"Blokkleiligheter"	"2006K1"	18705	18
"0105 Sarpsborg (1992-2019)"	"Blokkleiligheter"	"2006K2"	16085	15
"0105 Sarpsborg (1992-2019)"	"Blokkleiligheter"	"2006K3"	17282	14
"0105 Sarpsborg (1992-2019)"	"Blokkleiligheter"	"2006K4"	19493	18
"0105 Sarpsborg (1992-2019)"	"Blokkleiligheter"	"2007K1"	19574	19
"0105 Sarpsborg (1992-2019)"	"Blokkleiligheter"	"2007K2"	..	9
"0105 Sarpsborg (1992-2019)"	"Blokkleiligheter"	"2007K3"	18548	16
"0105 Sarpsborg (1992-2019)"	"Blokkleiligheter"	"2007K4"	18256	23
"0105 Sarpsborg (1992-2019)"	"Blokkleiligheter"	"2008K1"	18919	31
"0105 Sarpsborg (1992-2019)"	"Blokkleiligheter"	"2008K2"	18909	25
"0105 Sarpsborg (1992-2019)"	"Blokkleiligheter"	"2008K3"	21517	15
"0105 Sarpsborg (1992-2019)"	"Blokkleiligheter"	"2008K4"	20237	11
"0105 Sarpsborg (1992-2019)"	"Blokkleiligheter"	"2009K1"	20218	16
"0105 Sarpsborg (1992-2019)"	"Blokkleiligheter"	"2009K2"	18985	19
"0105 Sarpsborg (1992-2019)"	"Blokkleiligheter"	"2009K3"	20964	12
"0105 Sarpsborg (1992-2019)"	"Blokkleiligheter"	"2009K4"	19804	10
"0105 Sarpsborg (1992-2019)"	"Blokkleiligheter"	"2010K1"	20423	19
"0105 Sarpsborg (1992-2019)"	"Blokkleiligheter"	"2010K2"	20632	16
"0105 Sarpsborg (1992-2019)"	"Blokkleiligheter"	"2010K3"	22374	14
"0105 Sarpsborg (1992-2019)"	"Blokkleiligheter"	"2010K4"	19595	10
"0105 Sarpsborg (1992-2019)"	"Blokkleiligheter"	"2011K1"	..	8
"0105 Sarpsborg (1992-2019)"	"Blokkleiligheter"	"2011K2"	22770	14
"0105 Sarpsborg (1992-2019)"	"Blokkleiligheter"	"2011K3"	26302	12
"0105 Sarpsborg (1992-2019)"	"Blokkleiligheter"	"2011K4"	21775	22
"0105 Sarpsborg (1992-2019)"	"Blokkleiligheter"	"2012K1"	23692	17
"0105 Sarpsborg (1992-2019)"	"Blokkleiligheter"	"2012K2"	22510	24
"0105 Sarpsborg (1992-2019)"	"Blokkleiligheter"	"2012K3"	21733	20
"0105 Sarpsborg (1992-2019)"	"Blokkleiligheter"	"2012K4"	22892	22
"0105 Sarpsborg (1992-2019)"	"Blokkleiligheter"	"2013K1"	24344	15
"0105 Sarpsborg (1992-2019)"	"Blokkleiligheter"	"2013K2"	24206	19
"0105 Sarpsborg (1992-2019)"	"Blokkleiligheter"	"2013K3"	28460	11
"0105 Sarpsborg (1992-2019)"	"Blokkleiligheter"	"2013K4"	23290	12
"0105 Sarpsborg (1992-2019)"	"Blokkleiligheter"	"2014K1"	26922	19
"0105 Sarpsborg (1992-2019)"	"Blokkleiligheter"	"2014K2"	23502	18
"0105 Sarpsborg (1992-2019)"	"Blokkleiligheter"	"2014K3"	26576	16
"0105 Sarpsborg (1992-2019)"	"Blokkleiligheter"	"2014K4"	26880	18
"0105 Sarpsborg (1992-2019)"	"Blokkleiligheter"	"2015K1"	29324	27
"0105 Sarpsborg (1992-2019)"	"Blokkleiligheter"	"2015K2"	28731	25
"0105 Sarpsborg (1992-2019)"	"Blokkleiligheter"	"2015K3"	26944	21
"0105 Sarpsborg (1992-2019)"	"Blokkleiligheter"	"2015K4"	28839	19
"0105 Sarpsborg (1992-2019)"	"Blokkleiligheter"	"2016K1"	29561	24
"0105 Sarpsborg (1992-2019)"	"Blokkleiligheter"	"2016K2"	29423	14
"0105 Sarpsborg (1992-2019)"	"Blokkleiligheter"	"2016K3"	30864	14
"0105 Sarpsborg (1992-2019)"	"Blokkleiligheter"	"2016K4"	31495	22
"0105 Sarpsborg (1992-2019)"	"Blokkleiligheter"	"2017K1"	33008	21
"0105 Sarpsborg (1992-2019)"	"Blokkleiligheter"	"2017K2"	31885	26
"0105 Sarpsborg (1992-2019)"	"Blokkleiligheter"	"2017K3"	34420	14
"0105 Sarpsborg (1992-2019)"	"Blokkleiligheter"	"2017K4"	33622	20
"0105 Sarpsborg (1992-2019)"	"Blokkleiligheter"	"2018K1"	32867	11
"0105 Sarpsborg (1992-2019)"	"Blokkleiligheter"	"2018K2"	33226	35
"0105 Sarpsborg (1992-2019)"	"Blokkleiligheter"	"2018K3"	34533	20
"0105 Sarpsborg (1992-2019)"	"Blokkleiligheter"	"2018K4"	35540	12
"0105 Sarpsborg (1992-2019)"	"Blokkleiligheter"	"2019K1"	37807	23
"0105 Sarpsborg (1992-2019)"	"Blokkleiligheter"	"2019K2"	38342	23
"0105 Sarpsborg (1992-2019)"	"Blokkleiligheter"	"2019K3"	37763	35
"0105 Sarpsborg (1992-2019)"	"Blokkleiligheter"	"2019K4"	35060	31
"0105 Sarpsborg (1992-2019)"	"Blokkleiligheter"	"2020K1"	.	.
"0105 Sarpsborg (1992-2019)"	"Blokkleiligheter"	"2020K2"	.	.
"0105 Sarpsborg (1992-2019)"	"Blokkleiligheter"	"2020K3"	.	.
"0105 Sarpsborg (1992-2019)"	"Blokkleiligheter"	"2020K4"	.	.
"0105 Sarpsborg (1992-2019)"	"Blokkleiligheter"	"2021K1"	.	.
"0105 Sarpsborg (1992-2019)"	"Blokkleiligheter"	"2021K2"	.	.
"0105 Sarpsborg (1992-2019)"	"Blokkleiligheter"	"2021K3"	.	.
"0105 Sarpsborg (1992-2019)"	"Blokkleiligheter"	"2021K4"	.	.
"0105 Sarpsborg (1992-2019)"	"Blokkleiligheter"	"2022K1"	.	.
"0105 Sarpsborg (1992-2019)"	"Blokkleiligheter"	"2022K2"	.	.
"0105 Sarpsborg (1992-2019)"	"Blokkleiligheter"	"2022K3"	.	.
"0105 Sarpsborg (1992-2019)"	"Blokkleiligheter"	"2022K4"	.	.
"0105 Sarpsborg (1992-2019)"	"Blokkleiligheter"	"2023K1"	.	.
"0105 Sarpsborg (1992-2019)"	"Blokkleiligheter"	"2023K2"	.	.
"0105 Sarpsborg (1992-2019)"	"Blokkleiligheter"	"2023K3"	.	.
"0106 Fredrikstad (1994-2019)"	"Eneboliger"	"2006K1"	12661	106
"0106 Fredrikstad (1994-2019)"	"Eneboliger"	"2006K2"	14226	115
"0106 Fredrikstad (1994-2019)"	"Eneboliger"	"2006K3"	14351	131
"0106 Fredrikstad (1994-2019)"	"Eneboliger"	"2006K4"	14184	120
"0106 Fredrikstad (1994-2019)"	"Eneboliger"	"2007K1"	14485	103
"0106 Fredrikstad (1994-2019)"	"Eneboliger"	"2007K2"	16743	147
"0106 Fredrikstad (1994-2019)"	"Eneboliger"	"2007K3"	15747	112
"0106 Fredrikstad (1994-2019)"	"Eneboliger"	"2007K4"	15846	118
"0106 Fredrikstad (1994-2019)"	"Eneboliger"	"2008K1"	16341	97
"0106 Fredrikstad (1994-2019)"	"Eneboliger"	"2008K2"	16227	171
"0106 Fredrikstad (1994-2019)"	"Eneboliger"	"2008K3"	15506	105
"0106 Fredrikstad (1994-2019)"	"Eneboliger"	"2008K4"	14230	99
"0106 Fredrikstad (1994-2019)"	"Eneboliger"	"2009K1"	14362	82
"0106 Fredrikstad (1994-2019)"	"Eneboliger"	"2009K2"	15204	144
"0106 Fredrikstad (1994-2019)"	"Eneboliger"	"2009K3"	15290	147
"0106 Fredrikstad (1994-2019)"	"Eneboliger"	"2009K4"	15010	115
"0106 Fredrikstad (1994-2019)"	"Eneboliger"	"2010K1"	15687	104
"0106 Fredrikstad (1994-2019)"	"Eneboliger"	"2010K2"	16498	180
"0106 Fredrikstad (1994-2019)"	"Eneboliger"	"2010K3"	15820	144
"0106 Fredrikstad (1994-2019)"	"Eneboliger"	"2010K4"	16157	128
"0106 Fredrikstad (1994-2019)"	"Eneboliger"	"2011K1"	16052	119
"0106 Fredrikstad (1994-2019)"	"Eneboliger"	"2011K2"	16792	180
"0106 Fredrikstad (1994-2019)"	"Eneboliger"	"2011K3"	17004	167
"0106 Fredrikstad (1994-2019)"	"Eneboliger"	"2011K4"	16981	143
"0106 Fredrikstad (1994-2019)"	"Eneboliger"	"2012K1"	17139	122
"0106 Fredrikstad (1994-2019)"	"Eneboliger"	"2012K2"	17356	185
"0106 Fredrikstad (1994-2019)"	"Eneboliger"	"2012K3"	17947	159
"0106 Fredrikstad (1994-2019)"	"Eneboliger"	"2012K4"	17911	131
"0106 Fredrikstad (1994-2019)"	"Eneboliger"	"2013K1"	18174	134
"0106 Fredrikstad (1994-2019)"	"Eneboliger"	"2013K2"	19012	170
"0106 Fredrikstad (1994-2019)"	"Eneboliger"	"2013K3"	18408	144
"0106 Fredrikstad (1994-2019)"	"Eneboliger"	"2013K4"	18140	131
"0106 Fredrikstad (1994-2019)"	"Eneboliger"	"2014K1"	18163	104
"0106 Fredrikstad (1994-2019)"	"Eneboliger"	"2014K2"	18268	196
"0106 Fredrikstad (1994-2019)"	"Eneboliger"	"2014K3"	20094	147
"0106 Fredrikstad (1994-2019)"	"Eneboliger"	"2014K4"	18476	163
"0106 Fredrikstad (1994-2019)"	"Eneboliger"	"2015K1"	20982	125
"0106 Fredrikstad (1994-2019)"	"Eneboliger"	"2015K2"	20438	197
"0106 Fredrikstad (1994-2019)"	"Eneboliger"	"2015K3"	21362	149
"0106 Fredrikstad (1994-2019)"	"Eneboliger"	"2015K4"	20334	114
"0106 Fredrikstad (1994-2019)"	"Eneboliger"	"2016K1"	21569	113
"0106 Fredrikstad (1994-2019)"	"Eneboliger"	"2016K2"	22791	210
"0106 Fredrikstad (1994-2019)"	"Eneboliger"	"2016K3"	22498	141
"0106 Fredrikstad (1994-2019)"	"Eneboliger"	"2016K4"	22402	110
"0106 Fredrikstad (1994-2019)"	"Eneboliger"	"2017K1"	24151	124
"0106 Fredrikstad (1994-2019)"	"Eneboliger"	"2017K2"	23799	190
"0106 Fredrikstad (1994-2019)"	"Eneboliger"	"2017K3"	23956	129
"0106 Fredrikstad (1994-2019)"	"Eneboliger"	"2017K4"	23818	113
"0106 Fredrikstad (1994-2019)"	"Eneboliger"	"2018K1"	24866	76
"0106 Fredrikstad (1994-2019)"	"Eneboliger"	"2018K2"	26110	176
"0106 Fredrikstad (1994-2019)"	"Eneboliger"	"2018K3"	25638	123
"0106 Fredrikstad (1994-2019)"	"Eneboliger"	"2018K4"	24528	139
"0106 Fredrikstad (1994-2019)"	"Eneboliger"	"2019K1"	25939	107
"0106 Fredrikstad (1994-2019)"	"Eneboliger"	"2019K2"	27875	223
"0106 Fredrikstad (1994-2019)"	"Eneboliger"	"2019K3"	25720	129
"0106 Fredrikstad (1994-2019)"	"Eneboliger"	"2019K4"	25897	118
"0106 Fredrikstad (1994-2019)"	"Eneboliger"	"2020K1"	.	.
"0106 Fredrikstad (1994-2019)"	"Eneboliger"	"2020K2"	.	.
"0106 Fredrikstad (1994-2019)"	"Eneboliger"	"2020K3"	.	.
"0106 Fredrikstad (1994-2019)"	"Eneboliger"	"2020K4"	.	.
"0106 Fredrikstad (1994-2019)"	"Eneboliger"	"2021K1"	.	.
"0106 Fredrikstad (1994-2019)"	"Eneboliger"	"2021K2"	.	.
"0106 Fredrikstad (1994-2019)"	"Eneboliger"	"2021K3"	.	.
"0106 Fredrikstad (1994-2019)"	"Eneboliger"	"2021K4"	.	.
"0106 Fredrikstad (1994-2019)"	"Eneboliger"	"2022K1"	.	.
"0106 Fredrikstad (1994-2019)"	"Eneboliger"	"2022K2"	.	.
"0106 Fredrikstad (1994-2019)"	"Eneboliger"	"2022K3"	.	.
"0106 Fredrikstad (1994-2019)"	"Eneboliger"	"2022K4"	.	.
"0106 Fredrikstad (1994-2019)"	"Eneboliger"	"2023K1"	.	.
"0106 Fredrikstad (1994-2019)"	"Eneboliger"	"2023K2"	.	.
"0106 Fredrikstad (1994-2019)"	"Eneboliger"	"2023K3"	.	.
"0106 Fredrikstad (1994-2019)"	"Småhus"	"2006K1"	12305	37
"0106 Fredrikstad (1994-2019)"	"Småhus"	"2006K2"	13423	38
"0106 Fredrikstad (1994-2019)"	"Småhus"	"2006K3"	13734	30
"0106 Fredrikstad (1994-2019)"	"Småhus"	"2006K4"	15324	28
"0106 Fredrikstad (1994-2019)"	"Småhus"	"2007K1"	15006	34
"0106 Fredrikstad (1994-2019)"	"Småhus"	"2007K2"	13514	34
"0106 Fredrikstad (1994-2019)"	"Småhus"	"2007K3"	15697	29
"0106 Fredrikstad (1994-2019)"	"Småhus"	"2007K4"	15202	41
"0106 Fredrikstad (1994-2019)"	"Småhus"	"2008K1"	16407	35
"0106 Fredrikstad (1994-2019)"	"Småhus"	"2008K2"	16039	55
"0106 Fredrikstad (1994-2019)"	"Småhus"	"2008K3"	14737	29
"0106 Fredrikstad (1994-2019)"	"Småhus"	"2008K4"	13057	18
"0106 Fredrikstad (1994-2019)"	"Småhus"	"2009K1"	13773	22
"0106 Fredrikstad (1994-2019)"	"Småhus"	"2009K2"	13831	26
"0106 Fredrikstad (1994-2019)"	"Småhus"	"2009K3"	14474	24
"0106 Fredrikstad (1994-2019)"	"Småhus"	"2009K4"	13581	29
"0106 Fredrikstad (1994-2019)"	"Småhus"	"2010K1"	14698	23
"0106 Fredrikstad (1994-2019)"	"Småhus"	"2010K2"	14714	27
"0106 Fredrikstad (1994-2019)"	"Småhus"	"2010K3"	14905	25
"0106 Fredrikstad (1994-2019)"	"Småhus"	"2010K4"	13297	14
"0106 Fredrikstad (1994-2019)"	"Småhus"	"2011K1"	15997	17
"0106 Fredrikstad (1994-2019)"	"Småhus"	"2011K2"	16346	38
"0106 Fredrikstad (1994-2019)"	"Småhus"	"2011K3"	16694	29
"0106 Fredrikstad (1994-2019)"	"Småhus"	"2011K4"	15361	43
"0106 Fredrikstad (1994-2019)"	"Småhus"	"2012K1"	16952	24
"0106 Fredrikstad (1994-2019)"	"Småhus"	"2012K2"	18000	38
"0106 Fredrikstad (1994-2019)"	"Småhus"	"2012K3"	18271	28
"0106 Fredrikstad (1994-2019)"	"Småhus"	"2012K4"	16488	33
"0106 Fredrikstad (1994-2019)"	"Småhus"	"2013K1"	18241	26
"0106 Fredrikstad (1994-2019)"	"Småhus"	"2013K2"	17243	28
"0106 Fredrikstad (1994-2019)"	"Småhus"	"2013K3"	17712	27
"0106 Fredrikstad (1994-2019)"	"Småhus"	"2013K4"	17861	29
"0106 Fredrikstad (1994-2019)"	"Småhus"	"2014K1"	18264	26
"0106 Fredrikstad (1994-2019)"	"Småhus"	"2014K2"	19095	35
"0106 Fredrikstad (1994-2019)"	"Småhus"	"2014K3"	18123	28
"0106 Fredrikstad (1994-2019)"	"Småhus"	"2014K4"	19240	26
"0106 Fredrikstad (1994-2019)"	"Småhus"	"2015K1"	20457	39
"0106 Fredrikstad (1994-2019)"	"Småhus"	"2015K2"	20710	44
"0106 Fredrikstad (1994-2019)"	"Småhus"	"2015K3"	21062	31
"0106 Fredrikstad (1994-2019)"	"Småhus"	"2015K4"	19734	29
"0106 Fredrikstad (1994-2019)"	"Småhus"	"2016K1"	22223	31
"0106 Fredrikstad (1994-2019)"	"Småhus"	"2016K2"	21432	47
"0106 Fredrikstad (1994-2019)"	"Småhus"	"2016K3"	23561	38
"0106 Fredrikstad (1994-2019)"	"Småhus"	"2016K4"	22119	30
"0106 Fredrikstad (1994-2019)"	"Småhus"	"2017K1"	22481	41
"0106 Fredrikstad (1994-2019)"	"Småhus"	"2017K2"	23482	36
"0106 Fredrikstad (1994-2019)"	"Småhus"	"2017K3"	21919	29
"0106 Fredrikstad (1994-2019)"	"Småhus"	"2017K4"	22972	28
"0106 Fredrikstad (1994-2019)"	"Småhus"	"2018K1"	23257	19
"0106 Fredrikstad (1994-2019)"	"Småhus"	"2018K2"	25981	54
"0106 Fredrikstad (1994-2019)"	"Småhus"	"2018K3"	25127	37
"0106 Fredrikstad (1994-2019)"	"Småhus"	"2018K4"	25860	48
"0106 Fredrikstad (1994-2019)"	"Småhus"	"2019K1"	25345	33
"0106 Fredrikstad (1994-2019)"	"Småhus"	"2019K2"	30892	47
"0106 Fredrikstad (1994-2019)"	"Småhus"	"2019K3"	27055	36
"0106 Fredrikstad (1994-2019)"	"Småhus"	"2019K4"	26687	22
"0106 Fredrikstad (1994-2019)"	"Småhus"	"2020K1"	.	.
"0106 Fredrikstad (1994-2019)"	"Småhus"	"2020K2"	.	.
"0106 Fredrikstad (1994-2019)"	"Småhus"	"2020K3"	.	.
"0106 Fredrikstad (1994-2019)"	"Småhus"	"2020K4"	.	.
"0106 Fredrikstad (1994-2019)"	"Småhus"	"2021K1"	.	.
"0106 Fredrikstad (1994-2019)"	"Småhus"	"2021K2"	.	.
"0106 Fredrikstad (1994-2019)"	"Småhus"	"2021K3"	.	.
"0106 Fredrikstad (1994-2019)"	"Småhus"	"2021K4"	.	.
"0106 Fredrikstad (1994-2019)"	"Småhus"	"2022K1"	.	.
"0106 Fredrikstad (1994-2019)"	"Småhus"	"2022K2"	.	.
"0106 Fredrikstad (1994-2019)"	"Småhus"	"2022K3"	.	.
"0106 Fredrikstad (1994-2019)"	"Småhus"	"2022K4"	.	.
"0106 Fredrikstad (1994-2019)"	"Småhus"	"2023K1"	.	.
"0106 Fredrikstad (1994-2019)"	"Småhus"	"2023K2"	.	.
"0106 Fredrikstad (1994-2019)"	"Småhus"	"2023K3"	.	.
"0106 Fredrikstad (1994-2019)"	"Blokkleiligheter"	"2006K1"	17779	46
"0106 Fredrikstad (1994-2019)"	"Blokkleiligheter"	"2006K2"	18774	38
"0106 Fredrikstad (1994-2019)"	"Blokkleiligheter"	"2006K3"	19749	34
"0106 Fredrikstad (1994-2019)"	"Blokkleiligheter"	"2006K4"	19967	39
"0106 Fredrikstad (1994-2019)"	"Blokkleiligheter"	"2007K1"	21054	43
"0106 Fredrikstad (1994-2019)"	"Blokkleiligheter"	"2007K2"	22115	60
"0106 Fredrikstad (1994-2019)"	"Blokkleiligheter"	"2007K3"	23398	43
"0106 Fredrikstad (1994-2019)"	"Blokkleiligheter"	"2007K4"	21328	69
"0106 Fredrikstad (1994-2019)"	"Blokkleiligheter"	"2008K1"	22354	53
"0106 Fredrikstad (1994-2019)"	"Blokkleiligheter"	"2008K2"	22125	62
"0106 Fredrikstad (1994-2019)"	"Blokkleiligheter"	"2008K3"	21563	35
"0106 Fredrikstad (1994-2019)"	"Blokkleiligheter"	"2008K4"	20295	24
"0106 Fredrikstad (1994-2019)"	"Blokkleiligheter"	"2009K1"	22978	39
"0106 Fredrikstad (1994-2019)"	"Blokkleiligheter"	"2009K2"	21634	48
"0106 Fredrikstad (1994-2019)"	"Blokkleiligheter"	"2009K3"	22628	53
"0106 Fredrikstad (1994-2019)"	"Blokkleiligheter"	"2009K4"	22490	50
"0106 Fredrikstad (1994-2019)"	"Blokkleiligheter"	"2010K1"	24027	48
"0106 Fredrikstad (1994-2019)"	"Blokkleiligheter"	"2010K2"	25568	54
"0106 Fredrikstad (1994-2019)"	"Blokkleiligheter"	"2010K3"	23757	63
"0106 Fredrikstad (1994-2019)"	"Blokkleiligheter"	"2010K4"	22427	51
"0106 Fredrikstad (1994-2019)"	"Blokkleiligheter"	"2011K1"	25204	56
"0106 Fredrikstad (1994-2019)"	"Blokkleiligheter"	"2011K2"	24631	51
"0106 Fredrikstad (1994-2019)"	"Blokkleiligheter"	"2011K3"	24591	62
"0106 Fredrikstad (1994-2019)"	"Blokkleiligheter"	"2011K4"	25677	52
"0106 Fredrikstad (1994-2019)"	"Blokkleiligheter"	"2012K1"	26692	48
"0106 Fredrikstad (1994-2019)"	"Blokkleiligheter"	"2012K2"	26503	57
"0106 Fredrikstad (1994-2019)"	"Blokkleiligheter"	"2012K3"	24650	68
"0106 Fredrikstad (1994-2019)"	"Blokkleiligheter"	"2012K4"	28855	55
"0106 Fredrikstad (1994-2019)"	"Blokkleiligheter"	"2013K1"	28246	55
"0106 Fredrikstad (1994-2019)"	"Blokkleiligheter"	"2013K2"	28481	61
"0106 Fredrikstad (1994-2019)"	"Blokkleiligheter"	"2013K3"	28900	48
"0106 Fredrikstad (1994-2019)"	"Blokkleiligheter"	"2013K4"	27110	54
"0106 Fredrikstad (1994-2019)"	"Blokkleiligheter"	"2014K1"	29363	54
"0106 Fredrikstad (1994-2019)"	"Blokkleiligheter"	"2014K2"	27965	76
"0106 Fredrikstad (1994-2019)"	"Blokkleiligheter"	"2014K3"	28163	60
"0106 Fredrikstad (1994-2019)"	"Blokkleiligheter"	"2014K4"	30593	54
"0106 Fredrikstad (1994-2019)"	"Blokkleiligheter"	"2015K1"	28753	54
"0106 Fredrikstad (1994-2019)"	"Blokkleiligheter"	"2015K2"	31041	75
"0106 Fredrikstad (1994-2019)"	"Blokkleiligheter"	"2015K3"	31280	66
"0106 Fredrikstad (1994-2019)"	"Blokkleiligheter"	"2015K4"	34172	58
"0106 Fredrikstad (1994-2019)"	"Blokkleiligheter"	"2016K1"	33206	62
"0106 Fredrikstad (1994-2019)"	"Blokkleiligheter"	"2016K2"	34184	88
"0106 Fredrikstad (1994-2019)"	"Blokkleiligheter"	"2016K3"	36830	71
"0106 Fredrikstad (1994-2019)"	"Blokkleiligheter"	"2016K4"	35335	62
"0106 Fredrikstad (1994-2019)"	"Blokkleiligheter"	"2017K1"	35956	69
"0106 Fredrikstad (1994-2019)"	"Blokkleiligheter"	"2017K2"	35356	79
"0106 Fredrikstad (1994-2019)"	"Blokkleiligheter"	"2017K3"	41050	68
"0106 Fredrikstad (1994-2019)"	"Blokkleiligheter"	"2017K4"	36683	53
"0106 Fredrikstad (1994-2019)"	"Blokkleiligheter"	"2018K1"	39269	44
"0106 Fredrikstad (1994-2019)"	"Blokkleiligheter"	"2018K2"	41676	80
"0106 Fredrikstad (1994-2019)"	"Blokkleiligheter"	"2018K3"	41019	61
"0106 Fredrikstad (1994-2019)"	"Blokkleiligheter"	"2018K4"	39239	60
"0106 Fredrikstad (1994-2019)"	"Blokkleiligheter"	"2019K1"	40409	65
"0106 Fredrikstad (1994-2019)"	"Blokkleiligheter"	"2019K2"	40568	88
"0106 Fredrikstad (1994-2019)"	"Blokkleiligheter"	"2019K3"	41364	84
"0106 Fredrikstad (1994-2019)"	"Blokkleiligheter"	"2019K4"	42140	53
"0106 Fredrikstad (1994-2019)"	"Blokkleiligheter"	"2020K1"	.	.
"0106 Fredrikstad (1994-2019)"	"Blokkleiligheter"	"2020K2"	.	.
"0106 Fredrikstad (1994-2019)"	"Blokkleiligheter"	"2020K3"	.	.
"0106 Fredrikstad (1994-2019)"	"Blokkleiligheter"	"2020K4"	.	.
"0106 Fredrikstad (1994-2019)"	"Blokkleiligheter"	"2021K1"	.	.
"0106 Fredrikstad (1994-2019)"	"Blokkleiligheter"	"2021K2"	.	.
"0106 Fredrikstad (1994-2019)"	"Blokkleiligheter"	"2021K3"	.	.
"0106 Fredrikstad (1994-2019)"	"Blokkleiligheter"	"2021K4"	.	.
"0106 Fredrikstad (1994-2019)"	"Blokkleiligheter"	"2022K1"	.	.
"0106 Fredrikstad (1994-2019)"	"Blokkleiligheter"	"2022K2"	.	.
"0106 Fredrikstad (1994-2019)"	"Blokkleiligheter"	"2022K3"	.	.
"0106 Fredrikstad (1994-2019)"	"Blokkleiligheter"	"2022K4"	.	.
"0106 Fredrikstad (1994-2019)"	"Blokkleiligheter"	"2023K1"	.	.
"0106 Fredrikstad (1994-2019)"	"Blokkleiligheter"	"2023K2"	.	.
"0106 Fredrikstad (1994-2019)"	"Blokkleiligheter"	"2023K3"	.	.
"0213 Ski (1931-2019)"	"Eneboliger"	"2006K1"	17942	35
"0213 Ski (1931-2019)"	"Eneboliger"	"2006K2"	18038	40
"0213 Ski (1931-2019)"	"Eneboliger"	"2006K3"	19682	36
"0213 Ski (1931-2019)"	"Eneboliger"	"2006K4"	20154	17
"0213 Ski (1931-2019)"	"Eneboliger"	"2007K1"	21383	37
"0213 Ski (1931-2019)"	"Eneboliger"	"2007K2"	20964	51
"0213 Ski (1931-2019)"	"Eneboliger"	"2007K3"	22403	35
"0213 Ski (1931-2019)"	"Eneboliger"	"2007K4"	20893	26
"0213 Ski (1931-2019)"	"Eneboliger"	"2008K1"	20306	29
"0213 Ski (1931-2019)"	"Eneboliger"	"2008K2"	21391	49
"0213 Ski (1931-2019)"	"Eneboliger"	"2008K3"	21439	25
"0213 Ski (1931-2019)"	"Eneboliger"	"2008K4"	19701	18
"0213 Ski (1931-2019)"	"Eneboliger"	"2009K1"	21233	26
"0213 Ski (1931-2019)"	"Eneboliger"	"2009K2"	20929	37
"0213 Ski (1931-2019)"	"Eneboliger"	"2009K3"	20566	38
"0213 Ski (1931-2019)"	"Eneboliger"	"2009K4"	23491	28
"0213 Ski (1931-2019)"	"Eneboliger"	"2010K1"	22028	28
"0213 Ski (1931-2019)"	"Eneboliger"	"2010K2"	22453	43
"0213 Ski (1931-2019)"	"Eneboliger"	"2010K3"	22038	34
"0213 Ski (1931-2019)"	"Eneboliger"	"2010K4"	21421	39
"0213 Ski (1931-2019)"	"Eneboliger"	"2011K1"	23810	34
"0213 Ski (1931-2019)"	"Eneboliger"	"2011K2"	22689	51
"0213 Ski (1931-2019)"	"Eneboliger"	"2011K3"	23812	36
"0213 Ski (1931-2019)"	"Eneboliger"	"2011K4"	24047	32
"0213 Ski (1931-2019)"	"Eneboliger"	"2012K1"	25415	30
"0213 Ski (1931-2019)"	"Eneboliger"	"2012K2"	24428	46
"0213 Ski (1931-2019)"	"Eneboliger"	"2012K3"	24859	43
"0213 Ski (1931-2019)"	"Eneboliger"	"2012K4"	25205	29
"0213 Ski (1931-2019)"	"Eneboliger"	"2013K1"	25738	34
"0213 Ski (1931-2019)"	"Eneboliger"	"2013K2"	26635	61
"0213 Ski (1931-2019)"	"Eneboliger"	"2013K3"	26591	41
"0213 Ski (1931-2019)"	"Eneboliger"	"2013K4"	25067	31
"0213 Ski (1931-2019)"	"Eneboliger"	"2014K1"	27044	50
"0213 Ski (1931-2019)"	"Eneboliger"	"2014K2"	26611	45
"0213 Ski (1931-2019)"	"Eneboliger"	"2014K3"	25847	45
"0213 Ski (1931-2019)"	"Eneboliger"	"2014K4"	26504	42
"0213 Ski (1931-2019)"	"Eneboliger"	"2015K1"	28179	30
"0213 Ski (1931-2019)"	"Eneboliger"	"2015K2"	28807	54
"0213 Ski (1931-2019)"	"Eneboliger"	"2015K3"	30819	38
"0213 Ski (1931-2019)"	"Eneboliger"	"2015K4"	28372	25
"0213 Ski (1931-2019)"	"Eneboliger"	"2016K1"	32631	31
"0213 Ski (1931-2019)"	"Eneboliger"	"2016K2"	34067	64
"0213 Ski (1931-2019)"	"Eneboliger"	"2016K3"	35194	31
"0213 Ski (1931-2019)"	"Eneboliger"	"2016K4"	33671	25
"0213 Ski (1931-2019)"	"Eneboliger"	"2017K1"	35701	34
"0213 Ski (1931-2019)"	"Eneboliger"	"2017K2"	36482	52
"0213 Ski (1931-2019)"	"Eneboliger"	"2017K3"	34735	37
"0213 Ski (1931-2019)"	"Eneboliger"	"2017K4"	32852	30
"0213 Ski (1931-2019)"	"Eneboliger"	"2018K1"	34954	17
"0213 Ski (1931-2019)"	"Eneboliger"	"2018K2"	36390	44
"0213 Ski (1931-2019)"	"Eneboliger"	"2018K3"	37428	40
"0213 Ski (1931-2019)"	"Eneboliger"	"2018K4"	36279	19
"0213 Ski (1931-2019)"	"Eneboliger"	"2019K1"	35206	46
"0213 Ski (1931-2019)"	"Eneboliger"	"2019K2"	35473	45
"0213 Ski (1931-2019)"	"Eneboliger"	"2019K3"	37808	37
"0213 Ski (1931-2019)"	"Eneboliger"	"2019K4"	35319	28
"0213 Ski (1931-2019)"	"Eneboliger"	"2020K1"	.	.
"0213 Ski (1931-2019)"	"Eneboliger"	"2020K2"	.	.
"0213 Ski (1931-2019)"	"Eneboliger"	"2020K3"	.	.
"0213 Ski (1931-2019)"	"Eneboliger"	"2020K4"	.	.
"0213 Ski (1931-2019)"	"Eneboliger"	"2021K1"	.	.
"0213 Ski (1931-2019)"	"Eneboliger"	"2021K2"	.	.
"0213 Ski (1931-2019)"	"Eneboliger"	"2021K3"	.	.
"0213 Ski (1931-2019)"	"Eneboliger"	"2021K4"	.	.
"0213 Ski (1931-2019)"	"Eneboliger"	"2022K1"	.	.
"0213 Ski (1931-2019)"	"Eneboliger"	"2022K2"	.	.
"0213 Ski (1931-2019)"	"Eneboliger"	"2022K3"	.	.
"0213 Ski (1931-2019)"	"Eneboliger"	"2022K4"	.	.
"0213 Ski (1931-2019)"	"Eneboliger"	"2023K1"	.	.
"0213 Ski (1931-2019)"	"Eneboliger"	"2023K2"	.	.
"0213 Ski (1931-2019)"	"Eneboliger"	"2023K3"	.	.
"0213 Ski (1931-2019)"	"Småhus"	"2006K1"	18179	31
"0213 Ski (1931-2019)"	"Småhus"	"2006K2"	19860	41
"0213 Ski (1931-2019)"	"Småhus"	"2006K3"	19751	35
"0213 Ski (1931-2019)"	"Småhus"	"2006K4"	21845	22
"0213 Ski (1931-2019)"	"Småhus"	"2007K1"	21267	29
"0213 Ski (1931-2019)"	"Småhus"	"2007K2"	21583	56
"0213 Ski (1931-2019)"	"Småhus"	"2007K3"	21603	27
"0213 Ski (1931-2019)"	"Småhus"	"2007K4"	21566	32
"0213 Ski (1931-2019)"	"Småhus"	"2008K1"	21234	34
"0213 Ski (1931-2019)"	"Småhus"	"2008K2"	22254	42
"0213 Ski (1931-2019)"	"Småhus"	"2008K3"	21337	23
"0213 Ski (1931-2019)"	"Småhus"	"2008K4"	20582	16
"0213 Ski (1931-2019)"	"Småhus"	"2009K1"	20950	35
"0213 Ski (1931-2019)"	"Småhus"	"2009K2"	21069	44
"0213 Ski (1931-2019)"	"Småhus"	"2009K3"	22209	41
"0213 Ski (1931-2019)"	"Småhus"	"2009K4"	22696	30
"0213 Ski (1931-2019)"	"Småhus"	"2010K1"	23837	38
"0213 Ski (1931-2019)"	"Småhus"	"2010K2"	22814	37
"0213 Ski (1931-2019)"	"Småhus"	"2010K3"	24361	24
"0213 Ski (1931-2019)"	"Småhus"	"2010K4"	23567	29
"0213 Ski (1931-2019)"	"Småhus"	"2011K1"	24529	39
"0213 Ski (1931-2019)"	"Småhus"	"2011K2"	24672	33
"0213 Ski (1931-2019)"	"Småhus"	"2011K3"	25369	33
"0213 Ski (1931-2019)"	"Småhus"	"2011K4"	24498	28
"0213 Ski (1931-2019)"	"Småhus"	"2012K1"	27424	23
"0213 Ski (1931-2019)"	"Småhus"	"2012K2"	26664	53
"0213 Ski (1931-2019)"	"Småhus"	"2012K3"	27759	27
"0213 Ski (1931-2019)"	"Småhus"	"2012K4"	25319	23
"0213 Ski (1931-2019)"	"Småhus"	"2013K1"	28046	27
"0213 Ski (1931-2019)"	"Småhus"	"2013K2"	29109	59
"0213 Ski (1931-2019)"	"Småhus"	"2013K3"	27784	25
"0213 Ski (1931-2019)"	"Småhus"	"2013K4"	26885	25
"0213 Ski (1931-2019)"	"Småhus"	"2014K1"	28058	41
"0213 Ski (1931-2019)"	"Småhus"	"2014K2"	28076	53
"0213 Ski (1931-2019)"	"Småhus"	"2014K3"	29282	29
"0213 Ski (1931-2019)"	"Småhus"	"2014K4"	28287	43
"0213 Ski (1931-2019)"	"Småhus"	"2015K1"	29719	43
"0213 Ski (1931-2019)"	"Småhus"	"2015K2"	29990	58
"0213 Ski (1931-2019)"	"Småhus"	"2015K3"	31623	36
"0213 Ski (1931-2019)"	"Småhus"	"2015K4"	32826	25
"0213 Ski (1931-2019)"	"Småhus"	"2016K1"	31658	29
"0213 Ski (1931-2019)"	"Småhus"	"2016K2"	34608	48
"0213 Ski (1931-2019)"	"Småhus"	"2016K3"	33641	28
"0213 Ski (1931-2019)"	"Småhus"	"2016K4"	37593	26
"0213 Ski (1931-2019)"	"Småhus"	"2017K1"	40742	21
"0213 Ski (1931-2019)"	"Småhus"	"2017K2"	39754	37
"0213 Ski (1931-2019)"	"Småhus"	"2017K3"	38388	22
"0213 Ski (1931-2019)"	"Småhus"	"2017K4"	36350	20
"0213 Ski (1931-2019)"	"Småhus"	"2018K1"	37732	24
"0213 Ski (1931-2019)"	"Småhus"	"2018K2"	38769	55
"0213 Ski (1931-2019)"	"Småhus"	"2018K3"	38473	33
"0213 Ski (1931-2019)"	"Småhus"	"2018K4"	37060	34
"0213 Ski (1931-2019)"	"Småhus"	"2019K1"	37724	43
"0213 Ski (1931-2019)"	"Småhus"	"2019K2"	37275	40
"0213 Ski (1931-2019)"	"Småhus"	"2019K3"	38304	35
"0213 Ski (1931-2019)"	"Småhus"	"2019K4"	39429	28
"0213 Ski (1931-2019)"	"Småhus"	"2020K1"	.	.
"0213 Ski (1931-2019)"	"Småhus"	"2020K2"	.	.
"0213 Ski (1931-2019)"	"Småhus"	"2020K3"	.	.
"0213 Ski (1931-2019)"	"Småhus"	"2020K4"	.	.
"0213 Ski (1931-2019)"	"Småhus"	"2021K1"	.	.
"0213 Ski (1931-2019)"	"Småhus"	"2021K2"	.	.
"0213 Ski (1931-2019)"	"Småhus"	"2021K3"	.	.
"0213 Ski (1931-2019)"	"Småhus"	"2021K4"	.	.
"0213 Ski (1931-2019)"	"Småhus"	"2022K1"	.	.
"0213 Ski (1931-2019)"	"Småhus"	"2022K2"	.	.
"0213 Ski (1931-2019)"	"Småhus"	"2022K3"	.	.
"0213 Ski (1931-2019)"	"Småhus"	"2022K4"	.	.
"0213 Ski (1931-2019)"	"Småhus"	"2023K1"	.	.
"0213 Ski (1931-2019)"	"Småhus"	"2023K2"	.	.
"0213 Ski (1931-2019)"	"Småhus"	"2023K3"	.	.
"0213 Ski (1931-2019)"	"Blokkleiligheter"	"2006K1"	22537	30
"0213 Ski (1931-2019)"	"Blokkleiligheter"	"2006K2"	24639	36
"0213 Ski (1931-2019)"	"Blokkleiligheter"	"2006K3"	23617	22
"0213 Ski (1931-2019)"	"Blokkleiligheter"	"2006K4"	27250	32
"0213 Ski (1931-2019)"	"Blokkleiligheter"	"2007K1"	27707	39
"0213 Ski (1931-2019)"	"Blokkleiligheter"	"2007K2"	27337	52
"0213 Ski (1931-2019)"	"Blokkleiligheter"	"2007K3"	28230	43
"0213 Ski (1931-2019)"	"Blokkleiligheter"	"2007K4"	25459	35
"0213 Ski (1931-2019)"	"Blokkleiligheter"	"2008K1"	26844	29
"0213 Ski (1931-2019)"	"Blokkleiligheter"	"2008K2"	27528	45
"0213 Ski (1931-2019)"	"Blokkleiligheter"	"2008K3"	28089	32
"0213 Ski (1931-2019)"	"Blokkleiligheter"	"2008K4"	24184	19
"0213 Ski (1931-2019)"	"Blokkleiligheter"	"2009K1"	25926	43
"0213 Ski (1931-2019)"	"Blokkleiligheter"	"2009K2"	28373	44
"0213 Ski (1931-2019)"	"Blokkleiligheter"	"2009K3"	28913	44
"0213 Ski (1931-2019)"	"Blokkleiligheter"	"2009K4"	28147	46
"0213 Ski (1931-2019)"	"Blokkleiligheter"	"2010K1"	29980	43
"0213 Ski (1931-2019)"	"Blokkleiligheter"	"2010K2"	27505	51
"0213 Ski (1931-2019)"	"Blokkleiligheter"	"2010K3"	31213	41
"0213 Ski (1931-2019)"	"Blokkleiligheter"	"2010K4"	30037	42
"0213 Ski (1931-2019)"	"Blokkleiligheter"	"2011K1"	32164	53
"0213 Ski (1931-2019)"	"Blokkleiligheter"	"2011K2"	33033	38
"0213 Ski (1931-2019)"	"Blokkleiligheter"	"2011K3"	35058	30
"0213 Ski (1931-2019)"	"Blokkleiligheter"	"2011K4"	32700	40
"0213 Ski (1931-2019)"	"Blokkleiligheter"	"2012K1"	37083	48
"0213 Ski (1931-2019)"	"Blokkleiligheter"	"2012K2"	34692	39
"0213 Ski (1931-2019)"	"Blokkleiligheter"	"2012K3"	32764	45
"0213 Ski (1931-2019)"	"Blokkleiligheter"	"2012K4"	36215	37
"0213 Ski (1931-2019)"	"Blokkleiligheter"	"2013K1"	37251	52
"0213 Ski (1931-2019)"	"Blokkleiligheter"	"2013K2"	37392	44
"0213 Ski (1931-2019)"	"Blokkleiligheter"	"2013K3"	38275	34
"0213 Ski (1931-2019)"	"Blokkleiligheter"	"2013K4"	33944	32
"0213 Ski (1931-2019)"	"Blokkleiligheter"	"2014K1"	35988	48
"0213 Ski (1931-2019)"	"Blokkleiligheter"	"2014K2"	36564	72
"0213 Ski (1931-2019)"	"Blokkleiligheter"	"2014K3"	37143	34
"0213 Ski (1931-2019)"	"Blokkleiligheter"	"2014K4"	37619	39
"0213 Ski (1931-2019)"	"Blokkleiligheter"	"2015K1"	37098	51
"0213 Ski (1931-2019)"	"Blokkleiligheter"	"2015K2"	37360	58
"0213 Ski (1931-2019)"	"Blokkleiligheter"	"2015K3"	41091	37
"0213 Ski (1931-2019)"	"Blokkleiligheter"	"2015K4"	40822	35
"0213 Ski (1931-2019)"	"Blokkleiligheter"	"2016K1"	43519	35
"0213 Ski (1931-2019)"	"Blokkleiligheter"	"2016K2"	45060	61
"0213 Ski (1931-2019)"	"Blokkleiligheter"	"2016K3"	49154	38
"0213 Ski (1931-2019)"	"Blokkleiligheter"	"2016K4"	48526	41
"0213 Ski (1931-2019)"	"Blokkleiligheter"	"2017K1"	52965	50
"0213 Ski (1931-2019)"	"Blokkleiligheter"	"2017K2"	53196	45
"0213 Ski (1931-2019)"	"Blokkleiligheter"	"2017K3"	52513	39
"0213 Ski (1931-2019)"	"Blokkleiligheter"	"2017K4"	52090	30
"0213 Ski (1931-2019)"	"Blokkleiligheter"	"2018K1"	51285	38
"0213 Ski (1931-2019)"	"Blokkleiligheter"	"2018K2"	51954	54
"0213 Ski (1931-2019)"	"Blokkleiligheter"	"2018K3"	52817	65
"0213 Ski (1931-2019)"	"Blokkleiligheter"	"2018K4"	53625	47
"0213 Ski (1931-2019)"	"Blokkleiligheter"	"2019K1"	53006	45
"0213 Ski (1931-2019)"	"Blokkleiligheter"	"2019K2"	52039	59
"0213 Ski (1931-2019)"	"Blokkleiligheter"	"2019K3"	53502	41
"0213 Ski (1931-2019)"	"Blokkleiligheter"	"2019K4"	50063	38
"0213 Ski (1931-2019)"	"Blokkleiligheter"	"2020K1"	.	.
"0213 Ski (1931-2019)"	"Blokkleiligheter"	"2020K2"	.	.
"0213 Ski (1931-2019)"	"Blokkleiligheter"	"2020K3"	.	.
"0213 Ski (1931-2019)"	"Blokkleiligheter"	"2020K4"	.	.
"0213 Ski (1931-2019)"	"Blokkleiligheter"	"2021K1"	.	.
"0213 Ski (1931-2019)"	"Blokkleiligheter"	"2021K2"	.	.
"0213 Ski (1931-2019)"	"Blokkleiligheter"	"2021K3"	.	.
"0213 Ski (1931-2019)"	"Blokkleiligheter"	"2021K4"	.	.
"0213 Ski (1931-2019)"	"Blokkleiligheter"	"2022K1"	.	.
"0213 Ski (1931-2019)"	"Blokkleiligheter"	"2022K2"	.	.
"0213 Ski (1931-2019)"	"Blokkleiligheter"	"2022K3"	.	.
"0213 Ski (1931-2019)"	"Blokkleiligheter"	"2022K4"	.	.
"0213 Ski (1931-2019)"	"Blokkleiligheter"	"2023K1"	.	.
"0213 Ski (1931-2019)"	"Blokkleiligheter"	"2023K2"	.	.
"0213 Ski (1931-2019)"	"Blokkleiligheter"	"2023K3"	.	.
"0214 Ås (-2019)"	"Eneboliger"	"2006K1"	.	.
"0214 Ås (-2019)"	"Eneboliger"	"2006K2"	.	.
"0214 Ås (-2019)"	"Eneboliger"	"2006K3"	.	.
"0214 Ås (-2019)"	"Eneboliger"	"2006K4"	.	.
"0214 Ås (-2019)"	"Eneboliger"	"2007K1"	.	.
"0214 Ås (-2019)"	"Eneboliger"	"2007K2"	.	.
"0214 Ås (-2019)"	"Eneboliger"	"2007K3"	.	.
"0214 Ås (-2019)"	"Eneboliger"	"2007K4"	.	.
"0214 Ås (-2019)"	"Eneboliger"	"2008K1"	.	.
"0214 Ås (-2019)"	"Eneboliger"	"2008K2"	.	.
"0214 Ås (-2019)"	"Eneboliger"	"2008K3"	.	.
"0214 Ås (-2019)"	"Eneboliger"	"2008K4"	.	.
"0214 Ås (-2019)"	"Eneboliger"	"2009K1"	.	.
"0214 Ås (-2019)"	"Eneboliger"	"2009K2"	.	.
"0214 Ås (-2019)"	"Eneboliger"	"2009K3"	.	.
"0214 Ås (-2019)"	"Eneboliger"	"2009K4"	.	.
"0214 Ås (-2019)"	"Eneboliger"	"2010K1"	.	.
"0214 Ås (-2019)"	"Eneboliger"	"2010K2"	.	.
"0214 Ås (-2019)"	"Eneboliger"	"2010K3"	.	.
"0214 Ås (-2019)"	"Eneboliger"	"2010K4"	.	.
"0214 Ås (-2019)"	"Eneboliger"	"2011K1"	.	.
"0214 Ås (-2019)"	"Eneboliger"	"2011K2"	.	.
"0214 Ås (-2019)"	"Eneboliger"	"2011K3"	.	.
"0214 Ås (-2019)"	"Eneboliger"	"2011K4"	.	.
"0214 Ås (-2019)"	"Eneboliger"	"2012K1"	.	.
"0214 Ås (-2019)"	"Eneboliger"	"2012K2"	.	.
"0214 Ås (-2019)"	"Eneboliger"	"2012K3"	.	.
"0214 Ås (-2019)"	"Eneboliger"	"2012K4"	.	.
"0214 Ås (-2019)"	"Eneboliger"	"2013K1"	.	.
"0214 Ås (-2019)"	"Eneboliger"	"2013K2"	.	.
"0214 Ås (-2019)"	"Eneboliger"	"2013K3"	.	.
"0214 Ås (-2019)"	"Eneboliger"	"2013K4"	.	.
"0214 Ås (-2019)"	"Eneboliger"	"2014K1"	.	.
"0214 Ås (-2019)"	"Eneboliger"	"2014K2"	.	.
"0214 Ås (-2019)"	"Eneboliger"	"2014K3"	.	.
"0214 Ås (-2019)"	"Eneboliger"	"2014K4"	.	.
"0214 Ås (-2019)"	"Eneboliger"	"2015K1"	.	.
"0214 Ås (-2019)"	"Eneboliger"	"2015K2"	.	.
"0214 Ås (-2019)"	"Eneboliger"	"2015K3"	.	.
"0214 Ås (-2019)"	"Eneboliger"	"2015K4"	.	.
"0214 Ås (-2019)"	"Eneboliger"	"2016K1"	.	.
"0214 Ås (-2019)"	"Eneboliger"	"2016K2"	.	.
"0214 Ås (-2019)"	"Eneboliger"	"2016K3"	.	.
"0214 Ås (-2019)"	"Eneboliger"	"2016K4"	.	.
"0214 Ås (-2019)"	"Eneboliger"	"2017K1"	.	.
"0214 Ås (-2019)"	"Eneboliger"	"2017K2"	.	.
"0214 Ås (-2019)"	"Eneboliger"	"2017K3"	.	.
"0214 Ås (-2019)"	"Eneboliger"	"2017K4"	.	.
"0214 Ås (-2019)"	"Eneboliger"	"2018K1"	33585	16
"0214 Ås (-2019)"	"Eneboliger"	"2018K2"	33979	26
"0214 Ås (-2019)"	"Eneboliger"	"2018K3"	34728	29
"0214 Ås (-2019)"	"Eneboliger"	"2018K4"	35507	19
"0214 Ås (-2019)"	"Eneboliger"	"2019K1"	36022	19
"0214 Ås (-2019)"	"Eneboliger"	"2019K2"	35748	30
"0214 Ås (-2019)"	"Eneboliger"	"2019K3"	36847	32
"0214 Ås (-2019)"	"Eneboliger"	"2019K4"	38946	18
"0214 Ås (-2019)"	"Eneboliger"	"2020K1"	.	.
"0214 Ås (-2019)"	"Eneboliger"	"2020K2"	.	.
"0214 Ås (-2019)"	"Eneboliger"	"2020K3"	.	.
"0214 Ås (-2019)"	"Eneboliger"	"2020K4"	.	.
"0214 Ås (-2019)"	"Eneboliger"	"2021K1"	.	.
"0214 Ås (-2019)"	"Eneboliger"	"2021K2"	.	.
"0214 Ås (-2019)"	"Eneboliger"	"2021K3"	.	.
"0214 Ås (-2019)"	"Eneboliger"	"2021K4"	.	.
"0214 Ås (-2019)"	"Eneboliger"	"2022K1"	.	.
"0214 Ås (-2019)"	"Eneboliger"	"2022K2"	.	.
"0214 Ås (-2019)"	"Eneboliger"	"2022K3"	.	.
"0214 Ås (-2019)"	"Eneboliger"	"2022K4"	.	.
"0214 Ås (-2019)"	"Eneboliger"	"2023K1"	.	.
"0214 Ås (-2019)"	"Eneboliger"	"2023K2"	.	.
"0214 Ås (-2019)"	"Eneboliger"	"2023K3"	.	.
"0214 Ås (-2019)"	"Småhus"	"2006K1"	.	.
"0214 Ås (-2019)"	"Småhus"	"2006K2"	.	.
"0214 Ås (-2019)"	"Småhus"	"2006K3"	.	.
"0214 Ås (-2019)"	"Småhus"	"2006K4"	.	.
"0214 Ås (-2019)"	"Småhus"	"2007K1"	.	.
"0214 Ås (-2019)"	"Småhus"	"2007K2"	.	.
"0214 Ås (-2019)"	"Småhus"	"2007K3"	.	.
"0214 Ås (-2019)"	"Småhus"	"2007K4"	.	.
"0214 Ås (-2019)"	"Småhus"	"2008K1"	.	.
"0214 Ås (-2019)"	"Småhus"	"2008K2"	.	.
"0214 Ås (-2019)"	"Småhus"	"2008K3"	.	.
"0214 Ås (-2019)"	"Småhus"	"2008K4"	.	.
"0214 Ås (-2019)"	"Småhus"	"2009K1"	.	.
"0214 Ås (-2019)"	"Småhus"	"2009K2"	.	.
"0214 Ås (-2019)"	"Småhus"	"2009K3"	.	.
"0214 Ås (-2019)"	"Småhus"	"2009K4"	.	.
"0214 Ås (-2019)"	"Småhus"	"2010K1"	.	.
"0214 Ås (-2019)"	"Småhus"	"2010K2"	.	.
"0214 Ås (-2019)"	"Småhus"	"2010K3"	.	.
"0214 Ås (-2019)"	"Småhus"	"2010K4"	.	.
"0214 Ås (-2019)"	"Småhus"	"2011K1"	.	.
"0214 Ås (-2019)"	"Småhus"	"2011K2"	.	.
"0214 Ås (-2019)"	"Småhus"	"2011K3"	.	.
"0214 Ås (-2019)"	"Småhus"	"2011K4"	.	.
"0214 Ås (-2019)"	"Småhus"	"2012K1"	.	.
"0214 Ås (-2019)"	"Småhus"	"2012K2"	.	.
"0214 Ås (-2019)"	"Småhus"	"2012K3"	.	.
"0214 Ås (-2019)"	"Småhus"	"2012K4"	.	.
"0214 Ås (-2019)"	"Småhus"	"2013K1"	.	.
"0214 Ås (-2019)"	"Småhus"	"2013K2"	.	.
"0214 Ås (-2019)"	"Småhus"	"2013K3"	.	.
"0214 Ås (-2019)"	"Småhus"	"2013K4"	.	.
"0214 Ås (-2019)"	"Småhus"	"2014K1"	.	.
"0214 Ås (-2019)"	"Småhus"	"2014K2"	.	.
"0214 Ås (-2019)"	"Småhus"	"2014K3"	.	.
"0214 Ås (-2019)"	"Småhus"	"2014K4"	.	.
"0214 Ås (-2019)"	"Småhus"	"2015K1"	.	.
"0214 Ås (-2019)"	"Småhus"	"2015K2"	.	.
"0214 Ås (-2019)"	"Småhus"	"2015K3"	.	.
"0214 Ås (-2019)"	"Småhus"	"2015K4"	.	.
"0214 Ås (-2019)"	"Småhus"	"2016K1"	.	.
"0214 Ås (-2019)"	"Småhus"	"2016K2"	.	.
"0214 Ås (-2019)"	"Småhus"	"2016K3"	.	.
"0214 Ås (-2019)"	"Småhus"	"2016K4"	.	.
"0214 Ås (-2019)"	"Småhus"	"2017K1"	.	.
"0214 Ås (-2019)"	"Småhus"	"2017K2"	.	.
"0214 Ås (-2019)"	"Småhus"	"2017K3"	.	.
"0214 Ås (-2019)"	"Småhus"	"2017K4"	.	.
"0214 Ås (-2019)"	"Småhus"	"2018K1"	..	6
"0214 Ås (-2019)"	"Småhus"	"2018K2"	40145	10
"0214 Ås (-2019)"	"Småhus"	"2018K3"	42819	19
"0214 Ås (-2019)"	"Småhus"	"2018K4"	..	8
"0214 Ås (-2019)"	"Småhus"	"2019K1"	35460	11
"0214 Ås (-2019)"	"Småhus"	"2019K2"	41040	17
"0214 Ås (-2019)"	"Småhus"	"2019K3"	43038	17
"0214 Ås (-2019)"	"Småhus"	"2019K4"	36610	10
"0214 Ås (-2019)"	"Småhus"	"2020K1"	.	.
"0214 Ås (-2019)"	"Småhus"	"2020K2"	.	.
"0214 Ås (-2019)"	"Småhus"	"2020K3"	.	.
"0214 Ås (-2019)"	"Småhus"	"2020K4"	.	.
"0214 Ås (-2019)"	"Småhus"	"2021K1"	.	.
"0214 Ås (-2019)"	"Småhus"	"2021K2"	.	.
"0214 Ås (-2019)"	"Småhus"	"2021K3"	.	.
"0214 Ås (-2019)"	"Småhus"	"2021K4"	.	.
"0214 Ås (-2019)"	"Småhus"	"2022K1"	.	.
"0214 Ås (-2019)"	"Småhus"	"2022K2"	.	.
"0214 Ås (-2019)"	"Småhus"	"2022K3"	.	.
"0214 Ås (-2019)"	"Småhus"	"2022K4"	.	.
"0214 Ås (-2019)"	"Småhus"	"2023K1"	.	.
"0214 Ås (-2019)"	"Småhus"	"2023K2"	.	.
"0214 Ås (-2019)"	"Småhus"	"2023K3"	.	.
"0214 Ås (-2019)"	"Blokkleiligheter"	"2006K1"	.	.
"0214 Ås (-2019)"	"Blokkleiligheter"	"2006K2"	.	.
"0214 Ås (-2019)"	"Blokkleiligheter"	"2006K3"	.	.
"0214 Ås (-2019)"	"Blokkleiligheter"	"2006K4"	.	.
"0214 Ås (-2019)"	"Blokkleiligheter"	"2007K1"	.	.
"0214 Ås (-2019)"	"Blokkleiligheter"	"2007K2"	.	.
"0214 Ås (-2019)"	"Blokkleiligheter"	"2007K3"	.	.
"0214 Ås (-2019)"	"Blokkleiligheter"	"2007K4"	.	.
"0214 Ås (-2019)"	"Blokkleiligheter"	"2008K1"	.	.
"0214 Ås (-2019)"	"Blokkleiligheter"	"2008K2"	.	.
"0214 Ås (-2019)"	"Blokkleiligheter"	"2008K3"	.	.
"0214 Ås (-2019)"	"Blokkleiligheter"	"2008K4"	.	.
"0214 Ås (-2019)"	"Blokkleiligheter"	"2009K1"	.	.
"0214 Ås (-2019)"	"Blokkleiligheter"	"2009K2"	.	.
"0214 Ås (-2019)"	"Blokkleiligheter"	"2009K3"	.	.
"0214 Ås (-2019)"	"Blokkleiligheter"	"2009K4"	.	.
"0214 Ås (-2019)"	"Blokkleiligheter"	"2010K1"	.	.
"0214 Ås (-2019)"	"Blokkleiligheter"	"2010K2"	.	.
"0214 Ås (-2019)"	"Blokkleiligheter"	"2010K3"	.	.
"0214 Ås (-2019)"	"Blokkleiligheter"	"2010K4"	.	.
"0214 Ås (-2019)"	"Blokkleiligheter"	"2011K1"	.	.
"0214 Ås (-2019)"	"Blokkleiligheter"	"2011K2"	.	.
"0214 Ås (-2019)"	"Blokkleiligheter"	"2011K3"	.	.
"0214 Ås (-2019)"	"Blokkleiligheter"	"2011K4"	.	.
"0214 Ås (-2019)"	"Blokkleiligheter"	"2012K1"	.	.
"0214 Ås (-2019)"	"Blokkleiligheter"	"2012K2"	.	.
"0214 Ås (-2019)"	"Blokkleiligheter"	"2012K3"	.	.
"0214 Ås (-2019)"	"Blokkleiligheter"	"2012K4"	.	.
"0214 Ås (-2019)"	"Blokkleiligheter"	"2013K1"	.	.
"0214 Ås (-2019)"	"Blokkleiligheter"	"2013K2"	.	.
"0214 Ås (-2019)"	"Blokkleiligheter"	"2013K3"	.	.
"0214 Ås (-2019)"	"Blokkleiligheter"	"2013K4"	.	.
"0214 Ås (-2019)"	"Blokkleiligheter"	"2014K1"	.	.
"0214 Ås (-2019)"	"Blokkleiligheter"	"2014K2"	.	.
"0214 Ås (-2019)"	"Blokkleiligheter"	"2014K3"	.	.
"0214 Ås (-2019)"	"Blokkleiligheter"	"2014K4"	.	.
"0214 Ås (-2019)"	"Blokkleiligheter"	"2015K1"	.	.
"0214 Ås (-2019)"	"Blokkleiligheter"	"2015K2"	.	.
"0214 Ås (-2019)"	"Blokkleiligheter"	"2015K3"	.	.
"0214 Ås (-2019)"	"Blokkleiligheter"	"2015K4"	.	.
"0214 Ås (-2019)"	"Blokkleiligheter"	"2016K1"	.	.
"0214 Ås (-2019)"	"Blokkleiligheter"	"2016K2"	.	.
"0214 Ås (-2019)"	"Blokkleiligheter"	"2016K3"	.	.
"0214 Ås (-2019)"	"Blokkleiligheter"	"2016K4"	.	.
"0214 Ås (-2019)"	"Blokkleiligheter"	"2017K1"	.	.
"0214 Ås (-2019)"	"Blokkleiligheter"	"2017K2"	.	.
"0214 Ås (-2019)"	"Blokkleiligheter"	"2017K3"	.	.
"0214 Ås (-2019)"	"Blokkleiligheter"	"2017K4"	.	.
"0214 Ås (-2019)"	"Blokkleiligheter"	"2018K1"	52427	11
"0214 Ås (-2019)"	"Blokkleiligheter"	"2018K2"	55693	15
"0214 Ås (-2019)"	"Blokkleiligheter"	"2018K3"	..	8
"0214 Ås (-2019)"	"Blokkleiligheter"	"2018K4"	..	8
"0214 Ås (-2019)"	"Blokkleiligheter"	"2019K1"	58524	15
"0214 Ås (-2019)"	"Blokkleiligheter"	"2019K2"	56427	19
"0214 Ås (-2019)"	"Blokkleiligheter"	"2019K3"	56457	13
"0214 Ås (-2019)"	"Blokkleiligheter"	"2019K4"	56990	19
"0214 Ås (-2019)"	"Blokkleiligheter"	"2020K1"	.	.
"0214 Ås (-2019)"	"Blokkleiligheter"	"2020K2"	.	.
"0214 Ås (-2019)"	"Blokkleiligheter"	"2020K3"	.	.
"0214 Ås (-2019)"	"Blokkleiligheter"	"2020K4"	.	.
"0214 Ås (-2019)"	"Blokkleiligheter"	"2021K1"	.	.
"0214 Ås (-2019)"	"Blokkleiligheter"	"2021K2"	.	.
"0214 Ås (-2019)"	"Blokkleiligheter"	"2021K3"	.	.
"0214 Ås (-2019)"	"Blokkleiligheter"	"2021K4"	.	.
"0214 Ås (-2019)"	"Blokkleiligheter"	"2022K1"	.	.
"0214 Ås (-2019)"	"Blokkleiligheter"	"2022K2"	.	.
"0214 Ås (-2019)"	"Blokkleiligheter"	"2022K3"	.	.
"0214 Ås (-2019)"	"Blokkleiligheter"	"2022K4"	.	.
"0214 Ås (-2019)"	"Blokkleiligheter"	"2023K1"	.	.
"0214 Ås (-2019)"	"Blokkleiligheter"	"2023K2"	.	.
"0214 Ås (-2019)"	"Blokkleiligheter"	"2023K3"	.	.
"0217 Oppegård (1915-2019)"	"Eneboliger"	"2006K1"	20271	30
"0217 Oppegård (1915-2019)"	"Eneboliger"	"2006K2"	22128	30
"0217 Oppegård (1915-2019)"	"Eneboliger"	"2006K3"	23398	27
"0217 Oppegård (1915-2019)"	"Eneboliger"	"2006K4"	22745	24
"0217 Oppegård (1915-2019)"	"Eneboliger"	"2007K1"	26712	38
"0217 Oppegård (1915-2019)"	"Eneboliger"	"2007K2"	25331	43
"0217 Oppegård (1915-2019)"	"Eneboliger"	"2007K3"	26209	19
"0217 Oppegård (1915-2019)"	"Eneboliger"	"2007K4"	25281	17
"0217 Oppegård (1915-2019)"	"Eneboliger"	"2008K1"	25292	22
"0217 Oppegård (1915-2019)"	"Eneboliger"	"2008K2"	26581	39
"0217 Oppegård (1915-2019)"	"Eneboliger"	"2008K3"	26034	15
"0217 Oppegård (1915-2019)"	"Eneboliger"	"2008K4"	19675	10
"0217 Oppegård (1915-2019)"	"Eneboliger"	"2009K1"	23735	17
"0217 Oppegård (1915-2019)"	"Eneboliger"	"2009K2"	23973	42
"0217 Oppegård (1915-2019)"	"Eneboliger"	"2009K3"	24987	26
"0217 Oppegård (1915-2019)"	"Eneboliger"	"2009K4"	25789	20
"0217 Oppegård (1915-2019)"	"Eneboliger"	"2010K1"	27934	17
"0217 Oppegård (1915-2019)"	"Eneboliger"	"2010K2"	29912	32
"0217 Oppegård (1915-2019)"	"Eneboliger"	"2010K3"	28698	28
"0217 Oppegård (1915-2019)"	"Eneboliger"	"2010K4"	26460	27
"0217 Oppegård (1915-2019)"	"Eneboliger"	"2011K1"	29820	34
"0217 Oppegård (1915-2019)"	"Eneboliger"	"2011K2"	30165	45
"0217 Oppegård (1915-2019)"	"Eneboliger"	"2011K3"	29720	44
"0217 Oppegård (1915-2019)"	"Eneboliger"	"2011K4"	30136	32
"0217 Oppegård (1915-2019)"	"Eneboliger"	"2012K1"	30520	39
"0217 Oppegård (1915-2019)"	"Eneboliger"	"2012K2"	29857	45
"0217 Oppegård (1915-2019)"	"Eneboliger"	"2012K3"	31793	31
"0217 Oppegård (1915-2019)"	"Eneboliger"	"2012K4"	31177	37
"0217 Oppegård (1915-2019)"	"Eneboliger"	"2013K1"	31130	30
"0217 Oppegård (1915-2019)"	"Eneboliger"	"2013K2"	32162	34
"0217 Oppegård (1915-2019)"	"Eneboliger"	"2013K3"	30212	33
"0217 Oppegård (1915-2019)"	"Eneboliger"	"2013K4"	32797	18
"0217 Oppegård (1915-2019)"	"Eneboliger"	"2014K1"	33603	32
"0217 Oppegård (1915-2019)"	"Eneboliger"	"2014K2"	31566	34
"0217 Oppegård (1915-2019)"	"Eneboliger"	"2014K3"	32129	26
"0217 Oppegård (1915-2019)"	"Eneboliger"	"2014K4"	33169	37
"0217 Oppegård (1915-2019)"	"Eneboliger"	"2015K1"	35018	31
"0217 Oppegård (1915-2019)"	"Eneboliger"	"2015K2"	36040	42
"0217 Oppegård (1915-2019)"	"Eneboliger"	"2015K3"	40544	24
"0217 Oppegård (1915-2019)"	"Eneboliger"	"2015K4"	33799	31
"0217 Oppegård (1915-2019)"	"Eneboliger"	"2016K1"	38470	27
"0217 Oppegård (1915-2019)"	"Eneboliger"	"2016K2"	37983	62
"0217 Oppegård (1915-2019)"	"Eneboliger"	"2016K3"	39274	25
"0217 Oppegård (1915-2019)"	"Eneboliger"	"2016K4"	42471	30
"0217 Oppegård (1915-2019)"	"Eneboliger"	"2017K1"	41509	28
"0217 Oppegård (1915-2019)"	"Eneboliger"	"2017K2"	42063	37
"0217 Oppegård (1915-2019)"	"Eneboliger"	"2017K3"	42682	28
"0217 Oppegård (1915-2019)"	"Eneboliger"	"2017K4"	40812	23
"0217 Oppegård (1915-2019)"	"Eneboliger"	"2018K1"	43251	22
"0217 Oppegård (1915-2019)"	"Eneboliger"	"2018K2"	43156	41
"0217 Oppegård (1915-2019)"	"Eneboliger"	"2018K3"	45091	27
"0217 Oppegård (1915-2019)"	"Eneboliger"	"2018K4"	41300	32
"0217 Oppegård (1915-2019)"	"Eneboliger"	"2019K1"	41966	30
"0217 Oppegård (1915-2019)"	"Eneboliger"	"2019K2"	42837	42
"0217 Oppegård (1915-2019)"	"Eneboliger"	"2019K3"	49819	36
"0217 Oppegård (1915-2019)"	"Eneboliger"	"2019K4"	41070	24
"0217 Oppegård (1915-2019)"	"Eneboliger"	"2020K1"	.	.
"0217 Oppegård (1915-2019)"	"Eneboliger"	"2020K2"	.	.
"0217 Oppegård (1915-2019)"	"Eneboliger"	"2020K3"	.	.
"0217 Oppegård (1915-2019)"	"Eneboliger"	"2020K4"	.	.
"0217 Oppegård (1915-2019)"	"Eneboliger"	"2021K1"	.	.
"0217 Oppegård (1915-2019)"	"Eneboliger"	"2021K2"	.	.
"0217 Oppegård (1915-2019)"	"Eneboliger"	"2021K3"	.	.
"0217 Oppegård (1915-2019)"	"Eneboliger"	"2021K4"	.	.
"0217 Oppegård (1915-2019)"	"Eneboliger"	"2022K1"	.	.
"0217 Oppegård (1915-2019)"	"Eneboliger"	"2022K2"	.	.
"0217 Oppegård (1915-2019)"	"Eneboliger"	"2022K3"	.	.
"0217 Oppegård (1915-2019)"	"Eneboliger"	"2022K4"	.	.
"0217 Oppegård (1915-2019)"	"Eneboliger"	"2023K1"	.	.
"0217 Oppegård (1915-2019)"	"Eneboliger"	"2023K2"	.	.
"0217 Oppegård (1915-2019)"	"Eneboliger"	"2023K3"	.	.
"0217 Oppegård (1915-2019)"	"Småhus"	"2006K1"	21043	28
"0217 Oppegård (1915-2019)"	"Småhus"	"2006K2"	23440	28
"0217 Oppegård (1915-2019)"	"Småhus"	"2006K3"	23568	13
"0217 Oppegård (1915-2019)"	"Småhus"	"2006K4"	25356	19
"0217 Oppegård (1915-2019)"	"Småhus"	"2007K1"	26289	37
"0217 Oppegård (1915-2019)"	"Småhus"	"2007K2"	25075	32
"0217 Oppegård (1915-2019)"	"Småhus"	"2007K3"	25328	19
"0217 Oppegård (1915-2019)"	"Småhus"	"2007K4"	24330	17
"0217 Oppegård (1915-2019)"	"Småhus"	"2008K1"	25811	22
"0217 Oppegård (1915-2019)"	"Småhus"	"2008K2"	25122	33
"0217 Oppegård (1915-2019)"	"Småhus"	"2008K3"	24476	20
"0217 Oppegård (1915-2019)"	"Småhus"	"2008K4"	..	8
"0217 Oppegård (1915-2019)"	"Småhus"	"2009K1"	25492	26
"0217 Oppegård (1915-2019)"	"Småhus"	"2009K2"	25263	19
"0217 Oppegård (1915-2019)"	"Småhus"	"2009K3"	29816	15
"0217 Oppegård (1915-2019)"	"Småhus"	"2009K4"	25876	13
"0217 Oppegård (1915-2019)"	"Småhus"	"2010K1"	28881	16
"0217 Oppegård (1915-2019)"	"Småhus"	"2010K2"	27913	21
"0217 Oppegård (1915-2019)"	"Småhus"	"2010K3"	28079	12
"0217 Oppegård (1915-2019)"	"Småhus"	"2010K4"	28282	17
"0217 Oppegård (1915-2019)"	"Småhus"	"2011K1"	29997	31
"0217 Oppegård (1915-2019)"	"Småhus"	"2011K2"	30583	18
"0217 Oppegård (1915-2019)"	"Småhus"	"2011K3"	30130	33
"0217 Oppegård (1915-2019)"	"Småhus"	"2011K4"	28974	22
"0217 Oppegård (1915-2019)"	"Småhus"	"2012K1"	30717	26
"0217 Oppegård (1915-2019)"	"Småhus"	"2012K2"	31790	23
"0217 Oppegård (1915-2019)"	"Småhus"	"2012K3"	31667	19
"0217 Oppegård (1915-2019)"	"Småhus"	"2012K4"	31985	28
"0217 Oppegård (1915-2019)"	"Småhus"	"2013K1"	33210	29
"0217 Oppegård (1915-2019)"	"Småhus"	"2013K2"	34398	36
"0217 Oppegård (1915-2019)"	"Småhus"	"2013K3"	33463	18
"0217 Oppegård (1915-2019)"	"Småhus"	"2013K4"	33854	20
"0217 Oppegård (1915-2019)"	"Småhus"	"2014K1"	34522	23
"0217 Oppegård (1915-2019)"	"Småhus"	"2014K2"	32871	30
"0217 Oppegård (1915-2019)"	"Småhus"	"2014K3"	34187	24
"0217 Oppegård (1915-2019)"	"Småhus"	"2014K4"	36652	20
"0217 Oppegård (1915-2019)"	"Småhus"	"2015K1"	33591	33
"0217 Oppegård (1915-2019)"	"Småhus"	"2015K2"	36814	26
"0217 Oppegård (1915-2019)"	"Småhus"	"2015K3"	34925	22
"0217 Oppegård (1915-2019)"	"Småhus"	"2015K4"	37550	20
"0217 Oppegård (1915-2019)"	"Småhus"	"2016K1"	38709	22
"0217 Oppegård (1915-2019)"	"Småhus"	"2016K2"	41062	32
"0217 Oppegård (1915-2019)"	"Småhus"	"2016K3"	40628	24
"0217 Oppegård (1915-2019)"	"Småhus"	"2016K4"	44262	19
"0217 Oppegård (1915-2019)"	"Småhus"	"2017K1"	46425	16
"0217 Oppegård (1915-2019)"	"Småhus"	"2017K2"	45425	24
"0217 Oppegård (1915-2019)"	"Småhus"	"2017K3"	47375	19
"0217 Oppegård (1915-2019)"	"Småhus"	"2017K4"	44211	17
"0217 Oppegård (1915-2019)"	"Småhus"	"2018K1"	42027	14
"0217 Oppegård (1915-2019)"	"Småhus"	"2018K2"	43211	40
"0217 Oppegård (1915-2019)"	"Småhus"	"2018K3"	41075	28
"0217 Oppegård (1915-2019)"	"Småhus"	"2018K4"	43826	21
"0217 Oppegård (1915-2019)"	"Småhus"	"2019K1"	44873	35
"0217 Oppegård (1915-2019)"	"Småhus"	"2019K2"	45185	37
"0217 Oppegård (1915-2019)"	"Småhus"	"2019K3"	46483	22
"0217 Oppegård (1915-2019)"	"Småhus"	"2019K4"	42652	22
"0217 Oppegård (1915-2019)"	"Småhus"	"2020K1"	.	.
"0217 Oppegård (1915-2019)"	"Småhus"	"2020K2"	.	.
"0217 Oppegård (1915-2019)"	"Småhus"	"2020K3"	.	.
"0217 Oppegård (1915-2019)"	"Småhus"	"2020K4"	.	.
"0217 Oppegård (1915-2019)"	"Småhus"	"2021K1"	.	.
"0217 Oppegård (1915-2019)"	"Småhus"	"2021K2"	.	.
"0217 Oppegård (1915-2019)"	"Småhus"	"2021K3"	.	.
"0217 Oppegård (1915-2019)"	"Småhus"	"2021K4"	.	.
"0217 Oppegård (1915-2019)"	"Småhus"	"2022K1"	.	.
"0217 Oppegård (1915-2019)"	"Småhus"	"2022K2"	.	.
"0217 Oppegård (1915-2019)"	"Småhus"	"2022K3"	.	.
"0217 Oppegård (1915-2019)"	"Småhus"	"2022K4"	.	.
"0217 Oppegård (1915-2019)"	"Småhus"	"2023K1"	.	.
"0217 Oppegård (1915-2019)"	"Småhus"	"2023K2"	.	.
"0217 Oppegård (1915-2019)"	"Småhus"	"2023K3"	.	.
"0217 Oppegård (1915-2019)"	"Blokkleiligheter"	"2006K1"	24479	33
"0217 Oppegård (1915-2019)"	"Blokkleiligheter"	"2006K2"	25803	33
"0217 Oppegård (1915-2019)"	"Blokkleiligheter"	"2006K3"	26287	18
"0217 Oppegård (1915-2019)"	"Blokkleiligheter"	"2006K4"	29393	22
"0217 Oppegård (1915-2019)"	"Blokkleiligheter"	"2007K1"	31176	29
"0217 Oppegård (1915-2019)"	"Blokkleiligheter"	"2007K2"	29332	30
"0217 Oppegård (1915-2019)"	"Blokkleiligheter"	"2007K3"	29733	25
"0217 Oppegård (1915-2019)"	"Blokkleiligheter"	"2007K4"	31768	21
"0217 Oppegård (1915-2019)"	"Blokkleiligheter"	"2008K1"	31175	22
"0217 Oppegård (1915-2019)"	"Blokkleiligheter"	"2008K2"	31000	30
"0217 Oppegård (1915-2019)"	"Blokkleiligheter"	"2008K3"	29014	16
"0217 Oppegård (1915-2019)"	"Blokkleiligheter"	"2008K4"	29766	16
"0217 Oppegård (1915-2019)"	"Blokkleiligheter"	"2009K1"	27536	18
"0217 Oppegård (1915-2019)"	"Blokkleiligheter"	"2009K2"	29575	32
"0217 Oppegård (1915-2019)"	"Blokkleiligheter"	"2009K3"	30272	31
"0217 Oppegård (1915-2019)"	"Blokkleiligheter"	"2009K4"	32543	27
"0217 Oppegård (1915-2019)"	"Blokkleiligheter"	"2010K1"	32919	27
"0217 Oppegård (1915-2019)"	"Blokkleiligheter"	"2010K2"	31665	39
"0217 Oppegård (1915-2019)"	"Blokkleiligheter"	"2010K3"	33579	28
"0217 Oppegård (1915-2019)"	"Blokkleiligheter"	"2010K4"	33618	37
"0217 Oppegård (1915-2019)"	"Blokkleiligheter"	"2011K1"	35547	37
"0217 Oppegård (1915-2019)"	"Blokkleiligheter"	"2011K2"	36063	43
"0217 Oppegård (1915-2019)"	"Blokkleiligheter"	"2011K3"	38251	30
"0217 Oppegård (1915-2019)"	"Blokkleiligheter"	"2011K4"	34374	34
"0217 Oppegård (1915-2019)"	"Blokkleiligheter"	"2012K1"	39531	36
"0217 Oppegård (1915-2019)"	"Blokkleiligheter"	"2012K2"	37371	45
"0217 Oppegård (1915-2019)"	"Blokkleiligheter"	"2012K3"	40962	30
"0217 Oppegård (1915-2019)"	"Blokkleiligheter"	"2012K4"	37257	17
"0217 Oppegård (1915-2019)"	"Blokkleiligheter"	"2013K1"	41142	48
"0217 Oppegård (1915-2019)"	"Blokkleiligheter"	"2013K2"	41748	34
"0217 Oppegård (1915-2019)"	"Blokkleiligheter"	"2013K3"	40168	37
"0217 Oppegård (1915-2019)"	"Blokkleiligheter"	"2013K4"	41618	26
"0217 Oppegård (1915-2019)"	"Blokkleiligheter"	"2014K1"	40975	33
"0217 Oppegård (1915-2019)"	"Blokkleiligheter"	"2014K2"	40771	33
"0217 Oppegård (1915-2019)"	"Blokkleiligheter"	"2014K3"	44285	31
"0217 Oppegård (1915-2019)"	"Blokkleiligheter"	"2014K4"	42553	44
"0217 Oppegård (1915-2019)"	"Blokkleiligheter"	"2015K1"	45319	46
"0217 Oppegård (1915-2019)"	"Blokkleiligheter"	"2015K2"	47581	38
"0217 Oppegård (1915-2019)"	"Blokkleiligheter"	"2015K3"	45495	32
"0217 Oppegård (1915-2019)"	"Blokkleiligheter"	"2015K4"	44388	38
"0217 Oppegård (1915-2019)"	"Blokkleiligheter"	"2016K1"	45855	30
"0217 Oppegård (1915-2019)"	"Blokkleiligheter"	"2016K2"	46740	41
"0217 Oppegård (1915-2019)"	"Blokkleiligheter"	"2016K3"	53220	36
"0217 Oppegård (1915-2019)"	"Blokkleiligheter"	"2016K4"	54267	35
"0217 Oppegård (1915-2019)"	"Blokkleiligheter"	"2017K1"	49103	20
"0217 Oppegård (1915-2019)"	"Blokkleiligheter"	"2017K2"	51189	42
"0217 Oppegård (1915-2019)"	"Blokkleiligheter"	"2017K3"	53979	26
"0217 Oppegård (1915-2019)"	"Blokkleiligheter"	"2017K4"	55929	34
"0217 Oppegård (1915-2019)"	"Blokkleiligheter"	"2018K1"	53218	25
"0217 Oppegård (1915-2019)"	"Blokkleiligheter"	"2018K2"	52107	50
"0217 Oppegård (1915-2019)"	"Blokkleiligheter"	"2018K3"	55269	36
"0217 Oppegård (1915-2019)"	"Blokkleiligheter"	"2018K4"	54998	25
"0217 Oppegård (1915-2019)"	"Blokkleiligheter"	"2019K1"	54475	41
"0217 Oppegård (1915-2019)"	"Blokkleiligheter"	"2019K2"	53073	48
"0217 Oppegård (1915-2019)"	"Blokkleiligheter"	"2019K3"	57117	38
"0217 Oppegård (1915-2019)"	"Blokkleiligheter"	"2019K4"	54268	35
"0217 Oppegård (1915-2019)"	"Blokkleiligheter"	"2020K1"	.	.
"0217 Oppegård (1915-2019)"	"Blokkleiligheter"	"2020K2"	.	.
"0217 Oppegård (1915-2019)"	"Blokkleiligheter"	"2020K3"	.	.
"0217 Oppegård (1915-2019)"	"Blokkleiligheter"	"2020K4"	.	.
"0217 Oppegård (1915-2019)"	"Blokkleiligheter"	"2021K1"	.	.
"0217 Oppegård (1915-2019)"	"Blokkleiligheter"	"2021K2"	.	.
"0217 Oppegård (1915-2019)"	"Blokkleiligheter"	"2021K3"	.	.
"0217 Oppegård (1915-2019)"	"Blokkleiligheter"	"2021K4"	.	.
"0217 Oppegård (1915-2019)"	"Blokkleiligheter"	"2022K1"	.	.
"0217 Oppegård (1915-2019)"	"Blokkleiligheter"	"2022K2"	.	.
"0217 Oppegård (1915-2019)"	"Blokkleiligheter"	"2022K3"	.	.
"0217 Oppegård (1915-2019)"	"Blokkleiligheter"	"2022K4"	.	.
"0217 Oppegård (1915-2019)"	"Blokkleiligheter"	"2023K1"	.	.
"0217 Oppegård (1915-2019)"	"Blokkleiligheter"	"2023K2"	.	.
"0217 Oppegård (1915-2019)"	"Blokkleiligheter"	"2023K3"	.	.
"0219 Bærum (-2019)"	"Eneboliger"	"2006K1"	25915	75
"0219 Bærum (-2019)"	"Eneboliger"	"2006K2"	27242	122
"0219 Bærum (-2019)"	"Eneboliger"	"2006K3"	28590	84
"0219 Bærum (-2019)"	"Eneboliger"	"2006K4"	28346	102
"0219 Bærum (-2019)"	"Eneboliger"	"2007K1"	28883	84
"0219 Bærum (-2019)"	"Eneboliger"	"2007K2"	32221	131
"0219 Bærum (-2019)"	"Eneboliger"	"2007K3"	28239	70
"0219 Bærum (-2019)"	"Eneboliger"	"2007K4"	30746	81
"0219 Bærum (-2019)"	"Eneboliger"	"2008K1"	31422	62
"0219 Bærum (-2019)"	"Eneboliger"	"2008K2"	31232	115
"0219 Bærum (-2019)"	"Eneboliger"	"2008K3"	29617	51
"0219 Bærum (-2019)"	"Eneboliger"	"2008K4"	28591	48
"0219 Bærum (-2019)"	"Eneboliger"	"2009K1"	28142	75
"0219 Bærum (-2019)"	"Eneboliger"	"2009K2"	30935	134
"0219 Bærum (-2019)"	"Eneboliger"	"2009K3"	31991	84
"0219 Bærum (-2019)"	"Eneboliger"	"2009K4"	31021	111
"0219 Bærum (-2019)"	"Eneboliger"	"2010K1"	31726	74
"0219 Bærum (-2019)"	"Eneboliger"	"2010K2"	33769	135
"0219 Bærum (-2019)"	"Eneboliger"	"2010K3"	34397	102
"0219 Bærum (-2019)"	"Eneboliger"	"2010K4"	33775	88
"0219 Bærum (-2019)"	"Eneboliger"	"2011K1"	36049	89
"0219 Bærum (-2019)"	"Eneboliger"	"2011K2"	35966	141
"0219 Bærum (-2019)"	"Eneboliger"	"2011K3"	34982	106
"0219 Bærum (-2019)"	"Eneboliger"	"2011K4"	34831	104
"0219 Bærum (-2019)"	"Eneboliger"	"2012K1"	36124	104
"0219 Bærum (-2019)"	"Eneboliger"	"2012K2"	36757	160
"0219 Bærum (-2019)"	"Eneboliger"	"2012K3"	39546	91
"0219 Bærum (-2019)"	"Eneboliger"	"2012K4"	36918	96
"0219 Bærum (-2019)"	"Eneboliger"	"2013K1"	38828	109
"0219 Bærum (-2019)"	"Eneboliger"	"2013K2"	39589	150
"0219 Bærum (-2019)"	"Eneboliger"	"2013K3"	36473	108
"0219 Bærum (-2019)"	"Eneboliger"	"2013K4"	39202	81
"0219 Bærum (-2019)"	"Eneboliger"	"2014K1"	38508	88
"0219 Bærum (-2019)"	"Eneboliger"	"2014K2"	39949	137
"0219 Bærum (-2019)"	"Eneboliger"	"2014K3"	41417	102
"0219 Bærum (-2019)"	"Eneboliger"	"2014K4"	39615	96
"0219 Bærum (-2019)"	"Eneboliger"	"2015K1"	40231	118
"0219 Bærum (-2019)"	"Eneboliger"	"2015K2"	42595	148
"0219 Bærum (-2019)"	"Eneboliger"	"2015K3"	41008	103
"0219 Bærum (-2019)"	"Eneboliger"	"2015K4"	42570	77
"0219 Bærum (-2019)"	"Eneboliger"	"2016K1"	44152	93
"0219 Bærum (-2019)"	"Eneboliger"	"2016K2"	46604	141
"0219 Bærum (-2019)"	"Eneboliger"	"2016K3"	48781	99
"0219 Bærum (-2019)"	"Eneboliger"	"2016K4"	48612	85
"0219 Bærum (-2019)"	"Eneboliger"	"2017K1"	50650	88
"0219 Bærum (-2019)"	"Eneboliger"	"2017K2"	52504	133
"0219 Bærum (-2019)"	"Eneboliger"	"2017K3"	51868	76
"0219 Bærum (-2019)"	"Eneboliger"	"2017K4"	50585	68
"0219 Bærum (-2019)"	"Eneboliger"	"2018K1"	53770	51
"0219 Bærum (-2019)"	"Eneboliger"	"2018K2"	55655	143
"0219 Bærum (-2019)"	"Eneboliger"	"2018K3"	54920	81
"0219 Bærum (-2019)"	"Eneboliger"	"2018K4"	54531	62
"0219 Bærum (-2019)"	"Eneboliger"	"2019K1"	54044	95
"0219 Bærum (-2019)"	"Eneboliger"	"2019K2"	56293	152
"0219 Bærum (-2019)"	"Eneboliger"	"2019K3"	55830	102
"0219 Bærum (-2019)"	"Eneboliger"	"2019K4"	53780	97
"0219 Bærum (-2019)"	"Eneboliger"	"2020K1"	.	.
"0219 Bærum (-2019)"	"Eneboliger"	"2020K2"	.	.
"0219 Bærum (-2019)"	"Eneboliger"	"2020K3"	.	.
"0219 Bærum (-2019)"	"Eneboliger"	"2020K4"	.	.
"0219 Bærum (-2019)"	"Eneboliger"	"2021K1"	.	.
"0219 Bærum (-2019)"	"Eneboliger"	"2021K2"	.	.
"0219 Bærum (-2019)"	"Eneboliger"	"2021K3"	.	.
"0219 Bærum (-2019)"	"Eneboliger"	"2021K4"	.	.
"0219 Bærum (-2019)"	"Eneboliger"	"2022K1"	.	.
"0219 Bærum (-2019)"	"Eneboliger"	"2022K2"	.	.
"0219 Bærum (-2019)"	"Eneboliger"	"2022K3"	.	.
"0219 Bærum (-2019)"	"Eneboliger"	"2022K4"	.	.
"0219 Bærum (-2019)"	"Eneboliger"	"2023K1"	.	.
"0219 Bærum (-2019)"	"Eneboliger"	"2023K2"	.	.
"0219 Bærum (-2019)"	"Eneboliger"	"2023K3"	.	.
"0219 Bærum (-2019)"	"Småhus"	"2006K1"	24310	116
"0219 Bærum (-2019)"	"Småhus"	"2006K2"	25710	131
"0219 Bærum (-2019)"	"Småhus"	"2006K3"	26241	80
"0219 Bærum (-2019)"	"Småhus"	"2006K4"	27247	83
"0219 Bærum (-2019)"	"Småhus"	"2007K1"	30294	93
"0219 Bærum (-2019)"	"Småhus"	"2007K2"	30685	150
"0219 Bærum (-2019)"	"Småhus"	"2007K3"	30783	69
"0219 Bærum (-2019)"	"Småhus"	"2007K4"	29841	98
"0219 Bærum (-2019)"	"Småhus"	"2008K1"	29459	73
"0219 Bærum (-2019)"	"Småhus"	"2008K2"	29366	136
"0219 Bærum (-2019)"	"Småhus"	"2008K3"	29020	55
"0219 Bærum (-2019)"	"Småhus"	"2008K4"	26773	61
"0219 Bærum (-2019)"	"Småhus"	"2009K1"	26988	98
"0219 Bærum (-2019)"	"Småhus"	"2009K2"	28541	146
"0219 Bærum (-2019)"	"Småhus"	"2009K3"	30065	106
"0219 Bærum (-2019)"	"Småhus"	"2009K4"	30278	91
"0219 Bærum (-2019)"	"Småhus"	"2010K1"	29985	93
"0219 Bærum (-2019)"	"Småhus"	"2010K2"	33438	150
"0219 Bærum (-2019)"	"Småhus"	"2010K3"	34413	96
"0219 Bærum (-2019)"	"Småhus"	"2010K4"	32891	77
"0219 Bærum (-2019)"	"Småhus"	"2011K1"	34574	86
"0219 Bærum (-2019)"	"Småhus"	"2011K2"	35465	143
"0219 Bærum (-2019)"	"Småhus"	"2011K3"	35060	105
"0219 Bærum (-2019)"	"Småhus"	"2011K4"	34781	108
"0219 Bærum (-2019)"	"Småhus"	"2012K1"	35498	117
"0219 Bærum (-2019)"	"Småhus"	"2012K2"	35727	135
"0219 Bærum (-2019)"	"Småhus"	"2012K3"	38299	102
"0219 Bærum (-2019)"	"Småhus"	"2012K4"	38926	88
"0219 Bærum (-2019)"	"Småhus"	"2013K1"	38196	84
"0219 Bærum (-2019)"	"Småhus"	"2013K2"	38337	147
"0219 Bærum (-2019)"	"Småhus"	"2013K3"	37056	94
"0219 Bærum (-2019)"	"Småhus"	"2013K4"	37645	91
"0219 Bærum (-2019)"	"Småhus"	"2014K1"	37881	83
"0219 Bærum (-2019)"	"Småhus"	"2014K2"	39687	119
"0219 Bærum (-2019)"	"Småhus"	"2014K3"	39532	97
"0219 Bærum (-2019)"	"Småhus"	"2014K4"	39603	102
"0219 Bærum (-2019)"	"Småhus"	"2015K1"	41146	117
"0219 Bærum (-2019)"	"Småhus"	"2015K2"	42048	156
"0219 Bærum (-2019)"	"Småhus"	"2015K3"	41461	76
"0219 Bærum (-2019)"	"Småhus"	"2015K4"	42348	85
"0219 Bærum (-2019)"	"Småhus"	"2016K1"	44057	98
"0219 Bærum (-2019)"	"Småhus"	"2016K2"	46103	176
"0219 Bærum (-2019)"	"Småhus"	"2016K3"	48395	90
"0219 Bærum (-2019)"	"Småhus"	"2016K4"	48974	77
"0219 Bærum (-2019)"	"Småhus"	"2017K1"	51034	109
"0219 Bærum (-2019)"	"Småhus"	"2017K2"	52804	149
"0219 Bærum (-2019)"	"Småhus"	"2017K3"	49951	102
"0219 Bærum (-2019)"	"Småhus"	"2017K4"	52597	81
"0219 Bærum (-2019)"	"Småhus"	"2018K1"	51365	82
"0219 Bærum (-2019)"	"Småhus"	"2018K2"	54422	149
"0219 Bærum (-2019)"	"Småhus"	"2018K3"	51173	92
"0219 Bærum (-2019)"	"Småhus"	"2018K4"	52776	75
"0219 Bærum (-2019)"	"Småhus"	"2019K1"	54333	95
"0219 Bærum (-2019)"	"Småhus"	"2019K2"	55696	146
"0219 Bærum (-2019)"	"Småhus"	"2019K3"	56805	100
"0219 Bærum (-2019)"	"Småhus"	"2019K4"	54053	76
"0219 Bærum (-2019)"	"Småhus"	"2020K1"	.	.
"0219 Bærum (-2019)"	"Småhus"	"2020K2"	.	.
"0219 Bærum (-2019)"	"Småhus"	"2020K3"	.	.
"0219 Bærum (-2019)"	"Småhus"	"2020K4"	.	.
"0219 Bærum (-2019)"	"Småhus"	"2021K1"	.	.
"0219 Bærum (-2019)"	"Småhus"	"2021K2"	.	.
"0219 Bærum (-2019)"	"Småhus"	"2021K3"	.	.
"0219 Bærum (-2019)"	"Småhus"	"2021K4"	.	.
"0219 Bærum (-2019)"	"Småhus"	"2022K1"	.	.
"0219 Bærum (-2019)"	"Småhus"	"2022K2"	.	.
"0219 Bærum (-2019)"	"Småhus"	"2022K3"	.	.
"0219 Bærum (-2019)"	"Småhus"	"2022K4"	.	.
"0219 Bærum (-2019)"	"Småhus"	"2023K1"	.	.
"0219 Bærum (-2019)"	"Småhus"	"2023K2"	.	.
"0219 Bærum (-2019)"	"Småhus"	"2023K3"	.	.
"0219 Bærum (-2019)"	"Blokkleiligheter"	"2006K1"	28714	189
"0219 Bærum (-2019)"	"Blokkleiligheter"	"2006K2"	29925	246
"0219 Bærum (-2019)"	"Blokkleiligheter"	"2006K3"	31167	176
"0219 Bærum (-2019)"	"Blokkleiligheter"	"2006K4"	32235	174
"0219 Bærum (-2019)"	"Blokkleiligheter"	"2007K1"	34234	183
"0219 Bærum (-2019)"	"Blokkleiligheter"	"2007K2"	34748	237
"0219 Bærum (-2019)"	"Blokkleiligheter"	"2007K3"	34087	160
"0219 Bærum (-2019)"	"Blokkleiligheter"	"2007K4"	33673	212
"0219 Bærum (-2019)"	"Blokkleiligheter"	"2008K1"	32825	200
"0219 Bærum (-2019)"	"Blokkleiligheter"	"2008K2"	33087	225
"0219 Bærum (-2019)"	"Blokkleiligheter"	"2008K3"	34058	128
"0219 Bærum (-2019)"	"Blokkleiligheter"	"2008K4"	31102	109
"0219 Bærum (-2019)"	"Blokkleiligheter"	"2009K1"	31900	166
"0219 Bærum (-2019)"	"Blokkleiligheter"	"2009K2"	33480	220
"0219 Bærum (-2019)"	"Blokkleiligheter"	"2009K3"	34021	213
"0219 Bærum (-2019)"	"Blokkleiligheter"	"2009K4"	34709	188
"0219 Bærum (-2019)"	"Blokkleiligheter"	"2010K1"	36172	176
"0219 Bærum (-2019)"	"Blokkleiligheter"	"2010K2"	37822	278
"0219 Bærum (-2019)"	"Blokkleiligheter"	"2010K3"	36401	170
"0219 Bærum (-2019)"	"Blokkleiligheter"	"2010K4"	38666	196
"0219 Bærum (-2019)"	"Blokkleiligheter"	"2011K1"	40720	193
"0219 Bærum (-2019)"	"Blokkleiligheter"	"2011K2"	40313	240
"0219 Bærum (-2019)"	"Blokkleiligheter"	"2011K3"	41340	156
"0219 Bærum (-2019)"	"Blokkleiligheter"	"2011K4"	41590	174
"0219 Bærum (-2019)"	"Blokkleiligheter"	"2012K1"	42625	193
"0219 Bærum (-2019)"	"Blokkleiligheter"	"2012K2"	41443	235
"0219 Bærum (-2019)"	"Blokkleiligheter"	"2012K3"	43288	182
"0219 Bærum (-2019)"	"Blokkleiligheter"	"2012K4"	44361	191
"0219 Bærum (-2019)"	"Blokkleiligheter"	"2013K1"	43686	203
"0219 Bærum (-2019)"	"Blokkleiligheter"	"2013K2"	45911	298
"0219 Bærum (-2019)"	"Blokkleiligheter"	"2013K3"	44981	194
"0219 Bærum (-2019)"	"Blokkleiligheter"	"2013K4"	43234	175
"0219 Bærum (-2019)"	"Blokkleiligheter"	"2014K1"	42911	209
"0219 Bærum (-2019)"	"Blokkleiligheter"	"2014K2"	46499	280
"0219 Bærum (-2019)"	"Blokkleiligheter"	"2014K3"	45258	198
"0219 Bærum (-2019)"	"Blokkleiligheter"	"2014K4"	46549	208
"0219 Bærum (-2019)"	"Blokkleiligheter"	"2015K1"	48286	242
"0219 Bærum (-2019)"	"Blokkleiligheter"	"2015K2"	50431	256
"0219 Bærum (-2019)"	"Blokkleiligheter"	"2015K3"	51624	206
"0219 Bærum (-2019)"	"Blokkleiligheter"	"2015K4"	50303	167
"0219 Bærum (-2019)"	"Blokkleiligheter"	"2016K1"	54284	212
"0219 Bærum (-2019)"	"Blokkleiligheter"	"2016K2"	55111	330
"0219 Bærum (-2019)"	"Blokkleiligheter"	"2016K3"	57276	197
"0219 Bærum (-2019)"	"Blokkleiligheter"	"2016K4"	61144	158
"0219 Bærum (-2019)"	"Blokkleiligheter"	"2017K1"	63316	208
"0219 Bærum (-2019)"	"Blokkleiligheter"	"2017K2"	63593	277
"0219 Bærum (-2019)"	"Blokkleiligheter"	"2017K3"	62977	194
"0219 Bærum (-2019)"	"Blokkleiligheter"	"2017K4"	61489	205
"0219 Bærum (-2019)"	"Blokkleiligheter"	"2018K1"	64591	191
"0219 Bærum (-2019)"	"Blokkleiligheter"	"2018K2"	67259	308
"0219 Bærum (-2019)"	"Blokkleiligheter"	"2018K3"	68169	210
"0219 Bærum (-2019)"	"Blokkleiligheter"	"2018K4"	67216	183
"0219 Bærum (-2019)"	"Blokkleiligheter"	"2019K1"	66420	240
"0219 Bærum (-2019)"	"Blokkleiligheter"	"2019K2"	69382	272
"0219 Bærum (-2019)"	"Blokkleiligheter"	"2019K3"	71502	243
"0219 Bærum (-2019)"	"Blokkleiligheter"	"2019K4"	70515	189
"0219 Bærum (-2019)"	"Blokkleiligheter"	"2020K1"	.	.
"0219 Bærum (-2019)"	"Blokkleiligheter"	"2020K2"	.	.
"0219 Bærum (-2019)"	"Blokkleiligheter"	"2020K3"	.	.
"0219 Bærum (-2019)"	"Blokkleiligheter"	"2020K4"	.	.
"0219 Bærum (-2019)"	"Blokkleiligheter"	"2021K1"	.	.
"0219 Bærum (-2019)"	"Blokkleiligheter"	"2021K2"	.	.
"0219 Bærum (-2019)"	"Blokkleiligheter"	"2021K3"	.	.
"0219 Bærum (-2019)"	"Blokkleiligheter"	"2021K4"	.	.
"0219 Bærum (-2019)"	"Blokkleiligheter"	"2022K1"	.	.
"0219 Bærum (-2019)"	"Blokkleiligheter"	"2022K2"	.	.
"0219 Bærum (-2019)"	"Blokkleiligheter"	"2022K3"	.	.
"0219 Bærum (-2019)"	"Blokkleiligheter"	"2022K4"	.	.
"0219 Bærum (-2019)"	"Blokkleiligheter"	"2023K1"	.	.
"0219 Bærum (-2019)"	"Blokkleiligheter"	"2023K2"	.	.
"0219 Bærum (-2019)"	"Blokkleiligheter"	"2023K3"	.	.
"0220 Asker (-2019)"	"Eneboliger"	"2006K1"	22559	57
"0220 Asker (-2019)"	"Eneboliger"	"2006K2"	24327	73
"0220 Asker (-2019)"	"Eneboliger"	"2006K3"	24145	59
"0220 Asker (-2019)"	"Eneboliger"	"2006K4"	25041	64
"0220 Asker (-2019)"	"Eneboliger"	"2007K1"	25563	66
"0220 Asker (-2019)"	"Eneboliger"	"2007K2"	25638	95
"0220 Asker (-2019)"	"Eneboliger"	"2007K3"	27592	66
"0220 Asker (-2019)"	"Eneboliger"	"2007K4"	25221	66
"0220 Asker (-2019)"	"Eneboliger"	"2008K1"	26414	44
"0220 Asker (-2019)"	"Eneboliger"	"2008K2"	28599	78
"0220 Asker (-2019)"	"Eneboliger"	"2008K3"	24106	41
"0220 Asker (-2019)"	"Eneboliger"	"2008K4"	23950	44
"0220 Asker (-2019)"	"Eneboliger"	"2009K1"	24116	51
"0220 Asker (-2019)"	"Eneboliger"	"2009K2"	27659	59
"0220 Asker (-2019)"	"Eneboliger"	"2009K3"	26691	48
"0220 Asker (-2019)"	"Eneboliger"	"2009K4"	26797	73
"0220 Asker (-2019)"	"Eneboliger"	"2010K1"	27764	49
"0220 Asker (-2019)"	"Eneboliger"	"2010K2"	29296	79
"0220 Asker (-2019)"	"Eneboliger"	"2010K3"	28666	59
"0220 Asker (-2019)"	"Eneboliger"	"2010K4"	29771	65
"0220 Asker (-2019)"	"Eneboliger"	"2011K1"	27326	55
"0220 Asker (-2019)"	"Eneboliger"	"2011K2"	32315	92
"0220 Asker (-2019)"	"Eneboliger"	"2011K3"	30559	81
"0220 Asker (-2019)"	"Eneboliger"	"2011K4"	30517	70
"0220 Asker (-2019)"	"Eneboliger"	"2012K1"	29944	54
"0220 Asker (-2019)"	"Eneboliger"	"2012K2"	32648	133
"0220 Asker (-2019)"	"Eneboliger"	"2012K3"	32221	63
"0220 Asker (-2019)"	"Eneboliger"	"2012K4"	31267	63
"0220 Asker (-2019)"	"Eneboliger"	"2013K1"	32873	60
"0220 Asker (-2019)"	"Eneboliger"	"2013K2"	33909	115
"0220 Asker (-2019)"	"Eneboliger"	"2013K3"	34009	79
"0220 Asker (-2019)"	"Eneboliger"	"2013K4"	32898	58
"0220 Asker (-2019)"	"Eneboliger"	"2014K1"	33636	63
"0220 Asker (-2019)"	"Eneboliger"	"2014K2"	34639	104
"0220 Asker (-2019)"	"Eneboliger"	"2014K3"	34238	78
"0220 Asker (-2019)"	"Eneboliger"	"2014K4"	32043	69
"0220 Asker (-2019)"	"Eneboliger"	"2015K1"	35254	64
"0220 Asker (-2019)"	"Eneboliger"	"2015K2"	36119	109
"0220 Asker (-2019)"	"Eneboliger"	"2015K3"	37306	59
"0220 Asker (-2019)"	"Eneboliger"	"2015K4"	37257	58
"0220 Asker (-2019)"	"Eneboliger"	"2016K1"	39660	55
"0220 Asker (-2019)"	"Eneboliger"	"2016K2"	40087	115
"0220 Asker (-2019)"	"Eneboliger"	"2016K3"	41200	64
"0220 Asker (-2019)"	"Eneboliger"	"2016K4"	42295	49
"0220 Asker (-2019)"	"Eneboliger"	"2017K1"	44553	56
"0220 Asker (-2019)"	"Eneboliger"	"2017K2"	44827	107
"0220 Asker (-2019)"	"Eneboliger"	"2017K3"	41001	54
"0220 Asker (-2019)"	"Eneboliger"	"2017K4"	45614	70
"0220 Asker (-2019)"	"Eneboliger"	"2018K1"	43921	34
"0220 Asker (-2019)"	"Eneboliger"	"2018K2"	47612	108
"0220 Asker (-2019)"	"Eneboliger"	"2018K3"	45964	75
"0220 Asker (-2019)"	"Eneboliger"	"2018K4"	47276	61
"0220 Asker (-2019)"	"Eneboliger"	"2019K1"	48882	74
"0220 Asker (-2019)"	"Eneboliger"	"2019K2"	46656	105
"0220 Asker (-2019)"	"Eneboliger"	"2019K3"	46245	61
"0220 Asker (-2019)"	"Eneboliger"	"2019K4"	47373	68
"0220 Asker (-2019)"	"Eneboliger"	"2020K1"	.	.
"0220 Asker (-2019)"	"Eneboliger"	"2020K2"	.	.
"0220 Asker (-2019)"	"Eneboliger"	"2020K3"	.	.
"0220 Asker (-2019)"	"Eneboliger"	"2020K4"	.	.
"0220 Asker (-2019)"	"Eneboliger"	"2021K1"	.	.
"0220 Asker (-2019)"	"Eneboliger"	"2021K2"	.	.
"0220 Asker (-2019)"	"Eneboliger"	"2021K3"	.	.
"0220 Asker (-2019)"	"Eneboliger"	"2021K4"	.	.
"0220 Asker (-2019)"	"Eneboliger"	"2022K1"	.	.
"0220 Asker (-2019)"	"Eneboliger"	"2022K2"	.	.
"0220 Asker (-2019)"	"Eneboliger"	"2022K3"	.	.
"0220 Asker (-2019)"	"Eneboliger"	"2022K4"	.	.
"0220 Asker (-2019)"	"Eneboliger"	"2023K1"	.	.
"0220 Asker (-2019)"	"Eneboliger"	"2023K2"	.	.
"0220 Asker (-2019)"	"Eneboliger"	"2023K3"	.	.
"0220 Asker (-2019)"	"Småhus"	"2006K1"	22283	38
"0220 Asker (-2019)"	"Småhus"	"2006K2"	23080	58
"0220 Asker (-2019)"	"Småhus"	"2006K3"	23441	43
"0220 Asker (-2019)"	"Småhus"	"2006K4"	22957	29
"0220 Asker (-2019)"	"Småhus"	"2007K1"	26288	49
"0220 Asker (-2019)"	"Småhus"	"2007K2"	25742	66
"0220 Asker (-2019)"	"Småhus"	"2007K3"	25904	49
"0220 Asker (-2019)"	"Småhus"	"2007K4"	25550	49
"0220 Asker (-2019)"	"Småhus"	"2008K1"	25721	30
"0220 Asker (-2019)"	"Småhus"	"2008K2"	26611	64
"0220 Asker (-2019)"	"Småhus"	"2008K3"	25337	31
"0220 Asker (-2019)"	"Småhus"	"2008K4"	22533	30
"0220 Asker (-2019)"	"Småhus"	"2009K1"	24318	44
"0220 Asker (-2019)"	"Småhus"	"2009K2"	25666	63
"0220 Asker (-2019)"	"Småhus"	"2009K3"	25866	37
"0220 Asker (-2019)"	"Småhus"	"2009K4"	27246	48
"0220 Asker (-2019)"	"Småhus"	"2010K1"	27438	43
"0220 Asker (-2019)"	"Småhus"	"2010K2"	28286	65
"0220 Asker (-2019)"	"Småhus"	"2010K3"	28374	44
"0220 Asker (-2019)"	"Småhus"	"2010K4"	28321	47
"0220 Asker (-2019)"	"Småhus"	"2011K1"	30101	44
"0220 Asker (-2019)"	"Småhus"	"2011K2"	30481	63
"0220 Asker (-2019)"	"Småhus"	"2011K3"	28315	50
"0220 Asker (-2019)"	"Småhus"	"2011K4"	32378	64
"0220 Asker (-2019)"	"Småhus"	"2012K1"	31488	62
"0220 Asker (-2019)"	"Småhus"	"2012K2"	32947	76
"0220 Asker (-2019)"	"Småhus"	"2012K3"	31892	42
"0220 Asker (-2019)"	"Småhus"	"2012K4"	32932	41
"0220 Asker (-2019)"	"Småhus"	"2013K1"	33044	51
"0220 Asker (-2019)"	"Småhus"	"2013K2"	33007	72
"0220 Asker (-2019)"	"Småhus"	"2013K3"	33983	42
"0220 Asker (-2019)"	"Småhus"	"2013K4"	33013	54
"0220 Asker (-2019)"	"Småhus"	"2014K1"	33459	49
"0220 Asker (-2019)"	"Småhus"	"2014K2"	32924	85
"0220 Asker (-2019)"	"Småhus"	"2014K3"	31898	63
"0220 Asker (-2019)"	"Småhus"	"2014K4"	34536	55
"0220 Asker (-2019)"	"Småhus"	"2015K1"	34767	53
"0220 Asker (-2019)"	"Småhus"	"2015K2"	36634	77
"0220 Asker (-2019)"	"Småhus"	"2015K3"	38258	41
"0220 Asker (-2019)"	"Småhus"	"2015K4"	37869	34
"0220 Asker (-2019)"	"Småhus"	"2016K1"	38535	35
"0220 Asker (-2019)"	"Småhus"	"2016K2"	39866	80
"0220 Asker (-2019)"	"Småhus"	"2016K3"	41150	40
"0220 Asker (-2019)"	"Småhus"	"2016K4"	42369	36
"0220 Asker (-2019)"	"Småhus"	"2017K1"	45058	46
"0220 Asker (-2019)"	"Småhus"	"2017K2"	46175	51
"0220 Asker (-2019)"	"Småhus"	"2017K3"	46553	32
"0220 Asker (-2019)"	"Småhus"	"2017K4"	44215	45
"0220 Asker (-2019)"	"Småhus"	"2018K1"	45507	36
"0220 Asker (-2019)"	"Småhus"	"2018K2"	47012	98
"0220 Asker (-2019)"	"Småhus"	"2018K3"	45618	65
"0220 Asker (-2019)"	"Småhus"	"2018K4"	46646	55
"0220 Asker (-2019)"	"Småhus"	"2019K1"	47617	47
"0220 Asker (-2019)"	"Småhus"	"2019K2"	48260	65
"0220 Asker (-2019)"	"Småhus"	"2019K3"	49179	59
"0220 Asker (-2019)"	"Småhus"	"2019K4"	45541	47
"0220 Asker (-2019)"	"Småhus"	"2020K1"	.	.
"0220 Asker (-2019)"	"Småhus"	"2020K2"	.	.
"0220 Asker (-2019)"	"Småhus"	"2020K3"	.	.
"0220 Asker (-2019)"	"Småhus"	"2020K4"	.	.
"0220 Asker (-2019)"	"Småhus"	"2021K1"	.	.
"0220 Asker (-2019)"	"Småhus"	"2021K2"	.	.
"0220 Asker (-2019)"	"Småhus"	"2021K3"	.	.
"0220 Asker (-2019)"	"Småhus"	"2021K4"	.	.
"0220 Asker (-2019)"	"Småhus"	"2022K1"	.	.
"0220 Asker (-2019)"	"Småhus"	"2022K2"	.	.
"0220 Asker (-2019)"	"Småhus"	"2022K3"	.	.
"0220 Asker (-2019)"	"Småhus"	"2022K4"	.	.
"0220 Asker (-2019)"	"Småhus"	"2023K1"	.	.
"0220 Asker (-2019)"	"Småhus"	"2023K2"	.	.
"0220 Asker (-2019)"	"Småhus"	"2023K3"	.	.
"0220 Asker (-2019)"	"Blokkleiligheter"	"2006K1"	25558	80
"0220 Asker (-2019)"	"Blokkleiligheter"	"2006K2"	25206	83
"0220 Asker (-2019)"	"Blokkleiligheter"	"2006K3"	27666	58
"0220 Asker (-2019)"	"Blokkleiligheter"	"2006K4"	26725	66
"0220 Asker (-2019)"	"Blokkleiligheter"	"2007K1"	28802	61
"0220 Asker (-2019)"	"Blokkleiligheter"	"2007K2"	29188	79
"0220 Asker (-2019)"	"Blokkleiligheter"	"2007K3"	30547	63
"0220 Asker (-2019)"	"Blokkleiligheter"	"2007K4"	29352	68
"0220 Asker (-2019)"	"Blokkleiligheter"	"2008K1"	29031	49
"0220 Asker (-2019)"	"Blokkleiligheter"	"2008K2"	29316	77
"0220 Asker (-2019)"	"Blokkleiligheter"	"2008K3"	28524	40
"0220 Asker (-2019)"	"Blokkleiligheter"	"2008K4"	27182	36
"0220 Asker (-2019)"	"Blokkleiligheter"	"2009K1"	28915	60
"0220 Asker (-2019)"	"Blokkleiligheter"	"2009K2"	29291	76
"0220 Asker (-2019)"	"Blokkleiligheter"	"2009K3"	30956	67
"0220 Asker (-2019)"	"Blokkleiligheter"	"2009K4"	31655	59
"0220 Asker (-2019)"	"Blokkleiligheter"	"2010K1"	32807	57
"0220 Asker (-2019)"	"Blokkleiligheter"	"2010K2"	33082	77
"0220 Asker (-2019)"	"Blokkleiligheter"	"2010K3"	32744	60
"0220 Asker (-2019)"	"Blokkleiligheter"	"2010K4"	33418	79
"0220 Asker (-2019)"	"Blokkleiligheter"	"2011K1"	36150	86
"0220 Asker (-2019)"	"Blokkleiligheter"	"2011K2"	34974	94
"0220 Asker (-2019)"	"Blokkleiligheter"	"2011K3"	37232	77
"0220 Asker (-2019)"	"Blokkleiligheter"	"2011K4"	35588	75
"0220 Asker (-2019)"	"Blokkleiligheter"	"2012K1"	36979	87
"0220 Asker (-2019)"	"Blokkleiligheter"	"2012K2"	37992	99
"0220 Asker (-2019)"	"Blokkleiligheter"	"2012K3"	36015	79
"0220 Asker (-2019)"	"Blokkleiligheter"	"2012K4"	41146	70
"0220 Asker (-2019)"	"Blokkleiligheter"	"2013K1"	37083	86
"0220 Asker (-2019)"	"Blokkleiligheter"	"2013K2"	39184	131
"0220 Asker (-2019)"	"Blokkleiligheter"	"2013K3"	39930	71
"0220 Asker (-2019)"	"Blokkleiligheter"	"2013K4"	38745	79
"0220 Asker (-2019)"	"Blokkleiligheter"	"2014K1"	37651	92
"0220 Asker (-2019)"	"Blokkleiligheter"	"2014K2"	38119	123
"0220 Asker (-2019)"	"Blokkleiligheter"	"2014K3"	40793	85
"0220 Asker (-2019)"	"Blokkleiligheter"	"2014K4"	40108	71
"0220 Asker (-2019)"	"Blokkleiligheter"	"2015K1"	44103	87
"0220 Asker (-2019)"	"Blokkleiligheter"	"2015K2"	43606	129
"0220 Asker (-2019)"	"Blokkleiligheter"	"2015K3"	45786	73
"0220 Asker (-2019)"	"Blokkleiligheter"	"2015K4"	45663	72
"0220 Asker (-2019)"	"Blokkleiligheter"	"2016K1"	47422	90
"0220 Asker (-2019)"	"Blokkleiligheter"	"2016K2"	48292	112
"0220 Asker (-2019)"	"Blokkleiligheter"	"2016K3"	52637	65
"0220 Asker (-2019)"	"Blokkleiligheter"	"2016K4"	50579	73
"0220 Asker (-2019)"	"Blokkleiligheter"	"2017K1"	52905	65
"0220 Asker (-2019)"	"Blokkleiligheter"	"2017K2"	54056	112
"0220 Asker (-2019)"	"Blokkleiligheter"	"2017K3"	54899	88
"0220 Asker (-2019)"	"Blokkleiligheter"	"2017K4"	53462	67
"0220 Asker (-2019)"	"Blokkleiligheter"	"2018K1"	54966	81
"0220 Asker (-2019)"	"Blokkleiligheter"	"2018K2"	54166	120
"0220 Asker (-2019)"	"Blokkleiligheter"	"2018K3"	54247	81
"0220 Asker (-2019)"	"Blokkleiligheter"	"2018K4"	54503	97
"0220 Asker (-2019)"	"Blokkleiligheter"	"2019K1"	57819	90
"0220 Asker (-2019)"	"Blokkleiligheter"	"2019K2"	54948	110
"0220 Asker (-2019)"	"Blokkleiligheter"	"2019K3"	57159	81
"0220 Asker (-2019)"	"Blokkleiligheter"	"2019K4"	57584	70
"0220 Asker (-2019)"	"Blokkleiligheter"	"2020K1"	.	.
"0220 Asker (-2019)"	"Blokkleiligheter"	"2020K2"	.	.
"0220 Asker (-2019)"	"Blokkleiligheter"	"2020K3"	.	.
"0220 Asker (-2019)"	"Blokkleiligheter"	"2020K4"	.	.
"0220 Asker (-2019)"	"Blokkleiligheter"	"2021K1"	.	.
"0220 Asker (-2019)"	"Blokkleiligheter"	"2021K2"	.	.
"0220 Asker (-2019)"	"Blokkleiligheter"	"2021K3"	.	.
"0220 Asker (-2019)"	"Blokkleiligheter"	"2021K4"	.	.
"0220 Asker (-2019)"	"Blokkleiligheter"	"2022K1"	.	.
"0220 Asker (-2019)"	"Blokkleiligheter"	"2022K2"	.	.
"0220 Asker (-2019)"	"Blokkleiligheter"	"2022K3"	.	.
"0220 Asker (-2019)"	"Blokkleiligheter"	"2022K4"	.	.
"0220 Asker (-2019)"	"Blokkleiligheter"	"2023K1"	.	.
"0220 Asker (-2019)"	"Blokkleiligheter"	"2023K2"	.	.
"0220 Asker (-2019)"	"Blokkleiligheter"	"2023K3"	.	.
"0230 Lørenskog (1908-2019)"	"Eneboliger"	"2006K1"	20006	44
"0230 Lørenskog (1908-2019)"	"Eneboliger"	"2006K2"	20769	53
"0230 Lørenskog (1908-2019)"	"Eneboliger"	"2006K3"	21808	29
"0230 Lørenskog (1908-2019)"	"Eneboliger"	"2006K4"	21744	41
"0230 Lørenskog (1908-2019)"	"Eneboliger"	"2007K1"	24646	31
"0230 Lørenskog (1908-2019)"	"Eneboliger"	"2007K2"	24508	44
"0230 Lørenskog (1908-2019)"	"Eneboliger"	"2007K3"	24821	27
"0230 Lørenskog (1908-2019)"	"Eneboliger"	"2007K4"	23732	30
"0230 Lørenskog (1908-2019)"	"Eneboliger"	"2008K1"	23962	33
"0230 Lørenskog (1908-2019)"	"Eneboliger"	"2008K2"	26532	41
"0230 Lørenskog (1908-2019)"	"Eneboliger"	"2008K3"	23695	28
"0230 Lørenskog (1908-2019)"	"Eneboliger"	"2008K4"	..	5
"0230 Lørenskog (1908-2019)"	"Eneboliger"	"2009K1"	24587	23
"0230 Lørenskog (1908-2019)"	"Eneboliger"	"2009K2"	24040	52
"0230 Lørenskog (1908-2019)"	"Eneboliger"	"2009K3"	26453	38
"0230 Lørenskog (1908-2019)"	"Eneboliger"	"2009K4"	24196	30
"0230 Lørenskog (1908-2019)"	"Eneboliger"	"2010K1"	25579	50
"0230 Lørenskog (1908-2019)"	"Eneboliger"	"2010K2"	25340	53
"0230 Lørenskog (1908-2019)"	"Eneboliger"	"2010K3"	26613	35
"0230 Lørenskog (1908-2019)"	"Eneboliger"	"2010K4"	25446	27
"0230 Lørenskog (1908-2019)"	"Eneboliger"	"2011K1"	28560	27
"0230 Lørenskog (1908-2019)"	"Eneboliger"	"2011K2"	26959	50
"0230 Lørenskog (1908-2019)"	"Eneboliger"	"2011K3"	30081	34
"0230 Lørenskog (1908-2019)"	"Eneboliger"	"2011K4"	28563	41
"0230 Lørenskog (1908-2019)"	"Eneboliger"	"2012K1"	27072	51
"0230 Lørenskog (1908-2019)"	"Eneboliger"	"2012K2"	29224	40
"0230 Lørenskog (1908-2019)"	"Eneboliger"	"2012K3"	29081	27
"0230 Lørenskog (1908-2019)"	"Eneboliger"	"2012K4"	30416	37
"0230 Lørenskog (1908-2019)"	"Eneboliger"	"2013K1"	30371	26
"0230 Lørenskog (1908-2019)"	"Eneboliger"	"2013K2"	29461	51
"0230 Lørenskog (1908-2019)"	"Eneboliger"	"2013K3"	28713	38
"0230 Lørenskog (1908-2019)"	"Eneboliger"	"2013K4"	29930	28
"0230 Lørenskog (1908-2019)"	"Eneboliger"	"2014K1"	30009	31
"0230 Lørenskog (1908-2019)"	"Eneboliger"	"2014K2"	29893	39
"0230 Lørenskog (1908-2019)"	"Eneboliger"	"2014K3"	31840	40
"0230 Lørenskog (1908-2019)"	"Eneboliger"	"2014K4"	32394	25
"0230 Lørenskog (1908-2019)"	"Eneboliger"	"2015K1"	33759	31
"0230 Lørenskog (1908-2019)"	"Eneboliger"	"2015K2"	33982	56
"0230 Lørenskog (1908-2019)"	"Eneboliger"	"2015K3"	33099	38
"0230 Lørenskog (1908-2019)"	"Eneboliger"	"2015K4"	35255	18
"0230 Lørenskog (1908-2019)"	"Eneboliger"	"2016K1"	36300	23
"0230 Lørenskog (1908-2019)"	"Eneboliger"	"2016K2"	37731	51
"0230 Lørenskog (1908-2019)"	"Eneboliger"	"2016K3"	38908	35
"0230 Lørenskog (1908-2019)"	"Eneboliger"	"2016K4"	39930	32
"0230 Lørenskog (1908-2019)"	"Eneboliger"	"2017K1"	41373	48
"0230 Lørenskog (1908-2019)"	"Eneboliger"	"2017K2"	41508	48
"0230 Lørenskog (1908-2019)"	"Eneboliger"	"2017K3"	39121	24
"0230 Lørenskog (1908-2019)"	"Eneboliger"	"2017K4"	39337	31
"0230 Lørenskog (1908-2019)"	"Eneboliger"	"2018K1"	41861	22
"0230 Lørenskog (1908-2019)"	"Eneboliger"	"2018K2"	41370	47
"0230 Lørenskog (1908-2019)"	"Eneboliger"	"2018K3"	42513	33
"0230 Lørenskog (1908-2019)"	"Eneboliger"	"2018K4"	42571	36
"0230 Lørenskog (1908-2019)"	"Eneboliger"	"2019K1"	44836	29
"0230 Lørenskog (1908-2019)"	"Eneboliger"	"2019K2"	41496	56
"0230 Lørenskog (1908-2019)"	"Eneboliger"	"2019K3"	45925	37
"0230 Lørenskog (1908-2019)"	"Eneboliger"	"2019K4"	41563	27
"0230 Lørenskog (1908-2019)"	"Eneboliger"	"2020K1"	.	.
"0230 Lørenskog (1908-2019)"	"Eneboliger"	"2020K2"	.	.
"0230 Lørenskog (1908-2019)"	"Eneboliger"	"2020K3"	.	.
"0230 Lørenskog (1908-2019)"	"Eneboliger"	"2020K4"	.	.
"0230 Lørenskog (1908-2019)"	"Eneboliger"	"2021K1"	.	.
"0230 Lørenskog (1908-2019)"	"Eneboliger"	"2021K2"	.	.
"0230 Lørenskog (1908-2019)"	"Eneboliger"	"2021K3"	.	.
"0230 Lørenskog (1908-2019)"	"Eneboliger"	"2021K4"	.	.
"0230 Lørenskog (1908-2019)"	"Eneboliger"	"2022K1"	.	.
"0230 Lørenskog (1908-2019)"	"Eneboliger"	"2022K2"	.	.
"0230 Lørenskog (1908-2019)"	"Eneboliger"	"2022K3"	.	.
"0230 Lørenskog (1908-2019)"	"Eneboliger"	"2022K4"	.	.
"0230 Lørenskog (1908-2019)"	"Eneboliger"	"2023K1"	.	.
"0230 Lørenskog (1908-2019)"	"Eneboliger"	"2023K2"	.	.
"0230 Lørenskog (1908-2019)"	"Eneboliger"	"2023K3"	.	.
"0230 Lørenskog (1908-2019)"	"Småhus"	"2006K1"	20285	33
"0230 Lørenskog (1908-2019)"	"Småhus"	"2006K2"	20797	36
"0230 Lørenskog (1908-2019)"	"Småhus"	"2006K3"	21893	18
"0230 Lørenskog (1908-2019)"	"Småhus"	"2006K4"	21150	21
"0230 Lørenskog (1908-2019)"	"Småhus"	"2007K1"	25872	20
"0230 Lørenskog (1908-2019)"	"Småhus"	"2007K2"	25317	24
"0230 Lørenskog (1908-2019)"	"Småhus"	"2007K3"	25118	17
"0230 Lørenskog (1908-2019)"	"Småhus"	"2007K4"	24221	31
"0230 Lørenskog (1908-2019)"	"Småhus"	"2008K1"	24710	20
"0230 Lørenskog (1908-2019)"	"Småhus"	"2008K2"	25288	33
"0230 Lørenskog (1908-2019)"	"Småhus"	"2008K3"	24415	15
"0230 Lørenskog (1908-2019)"	"Småhus"	"2008K4"	21622	17
"0230 Lørenskog (1908-2019)"	"Småhus"	"2009K1"	..	6
"0230 Lørenskog (1908-2019)"	"Småhus"	"2009K2"	23604	14
"0230 Lørenskog (1908-2019)"	"Småhus"	"2009K3"	22473	11
"0230 Lørenskog (1908-2019)"	"Småhus"	"2009K4"	..	8
"0230 Lørenskog (1908-2019)"	"Småhus"	"2010K1"	24802	13
"0230 Lørenskog (1908-2019)"	"Småhus"	"2010K2"	25802	18
"0230 Lørenskog (1908-2019)"	"Småhus"	"2010K3"	..	7
"0230 Lørenskog (1908-2019)"	"Småhus"	"2010K4"	..	3
"0230 Lørenskog (1908-2019)"	"Småhus"	"2011K1"	27857	12
"0230 Lørenskog (1908-2019)"	"Småhus"	"2011K2"	25583	14
"0230 Lørenskog (1908-2019)"	"Småhus"	"2011K3"	..	6
"0230 Lørenskog (1908-2019)"	"Småhus"	"2011K4"	29003	13
"0230 Lørenskog (1908-2019)"	"Småhus"	"2012K1"	29921	15
"0230 Lørenskog (1908-2019)"	"Småhus"	"2012K2"	28272	19
"0230 Lørenskog (1908-2019)"	"Småhus"	"2012K3"	28564	22
"0230 Lørenskog (1908-2019)"	"Småhus"	"2012K4"	26009	12
"0230 Lørenskog (1908-2019)"	"Småhus"	"2013K1"	28789	11
"0230 Lørenskog (1908-2019)"	"Småhus"	"2013K2"	28688	19
"0230 Lørenskog (1908-2019)"	"Småhus"	"2013K3"	..	9
"0230 Lørenskog (1908-2019)"	"Småhus"	"2013K4"	31121	10
"0230 Lørenskog (1908-2019)"	"Småhus"	"2014K1"	27632	12
"0230 Lørenskog (1908-2019)"	"Småhus"	"2014K2"	29849	21
"0230 Lørenskog (1908-2019)"	"Småhus"	"2014K3"	32930	12
"0230 Lørenskog (1908-2019)"	"Småhus"	"2014K4"	..	8
"0230 Lørenskog (1908-2019)"	"Småhus"	"2015K1"	29891	10
"0230 Lørenskog (1908-2019)"	"Småhus"	"2015K2"	36465	19
"0230 Lørenskog (1908-2019)"	"Småhus"	"2015K3"	34442	10
"0230 Lørenskog (1908-2019)"	"Småhus"	"2015K4"	32084	13
"0230 Lørenskog (1908-2019)"	"Småhus"	"2016K1"	38309	16
"0230 Lørenskog (1908-2019)"	"Småhus"	"2016K2"	35861	20
"0230 Lørenskog (1908-2019)"	"Småhus"	"2016K3"	45743	11
"0230 Lørenskog (1908-2019)"	"Småhus"	"2016K4"	..	3
"0230 Lørenskog (1908-2019)"	"Småhus"	"2017K1"	44298	13
"0230 Lørenskog (1908-2019)"	"Småhus"	"2017K2"	44510	14
"0230 Lørenskog (1908-2019)"	"Småhus"	"2017K3"	42083	10
"0230 Lørenskog (1908-2019)"	"Småhus"	"2017K4"	..	9
"0230 Lørenskog (1908-2019)"	"Småhus"	"2018K1"	40105	11
"0230 Lørenskog (1908-2019)"	"Småhus"	"2018K2"	40188	18
"0230 Lørenskog (1908-2019)"	"Småhus"	"2018K3"	41605	18
"0230 Lørenskog (1908-2019)"	"Småhus"	"2018K4"	..	9
"0230 Lørenskog (1908-2019)"	"Småhus"	"2019K1"	44987	20
"0230 Lørenskog (1908-2019)"	"Småhus"	"2019K2"	41913	21
"0230 Lørenskog (1908-2019)"	"Småhus"	"2019K3"	45219	15
"0230 Lørenskog (1908-2019)"	"Småhus"	"2019K4"	..	9
"0230 Lørenskog (1908-2019)"	"Småhus"	"2020K1"	.	.
"0230 Lørenskog (1908-2019)"	"Småhus"	"2020K2"	.	.
"0230 Lørenskog (1908-2019)"	"Småhus"	"2020K3"	.	.
"0230 Lørenskog (1908-2019)"	"Småhus"	"2020K4"	.	.
"0230 Lørenskog (1908-2019)"	"Småhus"	"2021K1"	.	.
"0230 Lørenskog (1908-2019)"	"Småhus"	"2021K2"	.	.
"0230 Lørenskog (1908-2019)"	"Småhus"	"2021K3"	.	.
"0230 Lørenskog (1908-2019)"	"Småhus"	"2021K4"	.	.
"0230 Lørenskog (1908-2019)"	"Småhus"	"2022K1"	.	.
"0230 Lørenskog (1908-2019)"	"Småhus"	"2022K2"	.	.
"0230 Lørenskog (1908-2019)"	"Småhus"	"2022K3"	.	.
"0230 Lørenskog (1908-2019)"	"Småhus"	"2022K4"	.	.
"0230 Lørenskog (1908-2019)"	"Småhus"	"2023K1"	.	.
"0230 Lørenskog (1908-2019)"	"Småhus"	"2023K2"	.	.
"0230 Lørenskog (1908-2019)"	"Småhus"	"2023K3"	.	.
"0230 Lørenskog (1908-2019)"	"Blokkleiligheter"	"2006K1"	25789	27
"0230 Lørenskog (1908-2019)"	"Blokkleiligheter"	"2006K2"	26473	30
"0230 Lørenskog (1908-2019)"	"Blokkleiligheter"	"2006K3"	28300	31
"0230 Lørenskog (1908-2019)"	"Blokkleiligheter"	"2006K4"	31691	27
"0230 Lørenskog (1908-2019)"	"Blokkleiligheter"	"2007K1"	30041	17
"0230 Lørenskog (1908-2019)"	"Blokkleiligheter"	"2007K2"	30876	28
"0230 Lørenskog (1908-2019)"	"Blokkleiligheter"	"2007K3"	33572	17
"0230 Lørenskog (1908-2019)"	"Blokkleiligheter"	"2007K4"	29730	39
"0230 Lørenskog (1908-2019)"	"Blokkleiligheter"	"2008K1"	29776	29
"0230 Lørenskog (1908-2019)"	"Blokkleiligheter"	"2008K2"	28580	26
"0230 Lørenskog (1908-2019)"	"Blokkleiligheter"	"2008K3"	30835	20
"0230 Lørenskog (1908-2019)"	"Blokkleiligheter"	"2008K4"	26871	15
"0230 Lørenskog (1908-2019)"	"Blokkleiligheter"	"2009K1"	28226	27
"0230 Lørenskog (1908-2019)"	"Blokkleiligheter"	"2009K2"	29283	31
"0230 Lørenskog (1908-2019)"	"Blokkleiligheter"	"2009K3"	30130	41
"0230 Lørenskog (1908-2019)"	"Blokkleiligheter"	"2009K4"	30303	28
"0230 Lørenskog (1908-2019)"	"Blokkleiligheter"	"2010K1"	32654	28
"0230 Lørenskog (1908-2019)"	"Blokkleiligheter"	"2010K2"	31000	45
"0230 Lørenskog (1908-2019)"	"Blokkleiligheter"	"2010K3"	30194	29
"0230 Lørenskog (1908-2019)"	"Blokkleiligheter"	"2010K4"	34577	21
"0230 Lørenskog (1908-2019)"	"Blokkleiligheter"	"2011K1"	34741	27
"0230 Lørenskog (1908-2019)"	"Blokkleiligheter"	"2011K2"	35855	34
"0230 Lørenskog (1908-2019)"	"Blokkleiligheter"	"2011K3"	36996	32
"0230 Lørenskog (1908-2019)"	"Blokkleiligheter"	"2011K4"	36032	27
"0230 Lørenskog (1908-2019)"	"Blokkleiligheter"	"2012K1"	37121	42
"0230 Lørenskog (1908-2019)"	"Blokkleiligheter"	"2012K2"	37916	38
"0230 Lørenskog (1908-2019)"	"Blokkleiligheter"	"2012K3"	38163	25
"0230 Lørenskog (1908-2019)"	"Blokkleiligheter"	"2012K4"	38298	19
"0230 Lørenskog (1908-2019)"	"Blokkleiligheter"	"2013K1"	38970	21
"0230 Lørenskog (1908-2019)"	"Blokkleiligheter"	"2013K2"	40429	30
"0230 Lørenskog (1908-2019)"	"Blokkleiligheter"	"2013K3"	42933	32
"0230 Lørenskog (1908-2019)"	"Blokkleiligheter"	"2013K4"	40618	30
"0230 Lørenskog (1908-2019)"	"Blokkleiligheter"	"2014K1"	38795	36
"0230 Lørenskog (1908-2019)"	"Blokkleiligheter"	"2014K2"	42143	30
"0230 Lørenskog (1908-2019)"	"Blokkleiligheter"	"2014K3"	42708	32
"0230 Lørenskog (1908-2019)"	"Blokkleiligheter"	"2014K4"	43044	38
"0230 Lørenskog (1908-2019)"	"Blokkleiligheter"	"2015K1"	46090	37
"0230 Lørenskog (1908-2019)"	"Blokkleiligheter"	"2015K2"	43551	32
"0230 Lørenskog (1908-2019)"	"Blokkleiligheter"	"2015K3"	45818	35
"0230 Lørenskog (1908-2019)"	"Blokkleiligheter"	"2015K4"	45795	30
"0230 Lørenskog (1908-2019)"	"Blokkleiligheter"	"2016K1"	44343	25
"0230 Lørenskog (1908-2019)"	"Blokkleiligheter"	"2016K2"	49961	48
"0230 Lørenskog (1908-2019)"	"Blokkleiligheter"	"2016K3"	53820	57
"0230 Lørenskog (1908-2019)"	"Blokkleiligheter"	"2016K4"	52318	43
"0230 Lørenskog (1908-2019)"	"Blokkleiligheter"	"2017K1"	58408	71
"0230 Lørenskog (1908-2019)"	"Blokkleiligheter"	"2017K2"	56158	40
"0230 Lørenskog (1908-2019)"	"Blokkleiligheter"	"2017K3"	54434	47
"0230 Lørenskog (1908-2019)"	"Blokkleiligheter"	"2017K4"	55345	40
"0230 Lørenskog (1908-2019)"	"Blokkleiligheter"	"2018K1"	56069	45
"0230 Lørenskog (1908-2019)"	"Blokkleiligheter"	"2018K2"	55477	53
"0230 Lørenskog (1908-2019)"	"Blokkleiligheter"	"2018K3"	57330	64
"0230 Lørenskog (1908-2019)"	"Blokkleiligheter"	"2018K4"	55221	62
"0230 Lørenskog (1908-2019)"	"Blokkleiligheter"	"2019K1"	57811	73
"0230 Lørenskog (1908-2019)"	"Blokkleiligheter"	"2019K2"	58197	60
"0230 Lørenskog (1908-2019)"	"Blokkleiligheter"	"2019K3"	61151	69
"0230 Lørenskog (1908-2019)"	"Blokkleiligheter"	"2019K4"	60589	51
"0230 Lørenskog (1908-2019)"	"Blokkleiligheter"	"2020K1"	.	.
"0230 Lørenskog (1908-2019)"	"Blokkleiligheter"	"2020K2"	.	.
"0230 Lørenskog (1908-2019)"	"Blokkleiligheter"	"2020K3"	.	.
"0230 Lørenskog (1908-2019)"	"Blokkleiligheter"	"2020K4"	.	.
"0230 Lørenskog (1908-2019)"	"Blokkleiligheter"	"2021K1"	.	.
"0230 Lørenskog (1908-2019)"	"Blokkleiligheter"	"2021K2"	.	.
"0230 Lørenskog (1908-2019)"	"Blokkleiligheter"	"2021K3"	.	.
"0230 Lørenskog (1908-2019)"	"Blokkleiligheter"	"2021K4"	.	.
"0230 Lørenskog (1908-2019)"	"Blokkleiligheter"	"2022K1"	.	.
"0230 Lørenskog (1908-2019)"	"Blokkleiligheter"	"2022K2"	.	.
"0230 Lørenskog (1908-2019)"	"Blokkleiligheter"	"2022K3"	.	.
"0230 Lørenskog (1908-2019)"	"Blokkleiligheter"	"2022K4"	.	.
"0230 Lørenskog (1908-2019)"	"Blokkleiligheter"	"2023K1"	.	.
"0230 Lørenskog (1908-2019)"	"Blokkleiligheter"	"2023K2"	.	.
"0230 Lørenskog (1908-2019)"	"Blokkleiligheter"	"2023K3"	.	.
"0231 Skedsmo (-2019)"	"Eneboliger"	"2006K1"	18846	58
"0231 Skedsmo (-2019)"	"Eneboliger"	"2006K2"	19973	63
"0231 Skedsmo (-2019)"	"Eneboliger"	"2006K3"	20364	63
"0231 Skedsmo (-2019)"	"Eneboliger"	"2006K4"	21036	51
"0231 Skedsmo (-2019)"	"Eneboliger"	"2007K1"	22148	62
"0231 Skedsmo (-2019)"	"Eneboliger"	"2007K2"	23535	67
"0231 Skedsmo (-2019)"	"Eneboliger"	"2007K3"	24963	48
"0231 Skedsmo (-2019)"	"Eneboliger"	"2007K4"	24281	50
"0231 Skedsmo (-2019)"	"Eneboliger"	"2008K1"	23029	59
"0231 Skedsmo (-2019)"	"Eneboliger"	"2008K2"	23974	66
"0231 Skedsmo (-2019)"	"Eneboliger"	"2008K3"	22644	40
"0231 Skedsmo (-2019)"	"Eneboliger"	"2008K4"	20370	31
"0231 Skedsmo (-2019)"	"Eneboliger"	"2009K1"	22481	50
"0231 Skedsmo (-2019)"	"Eneboliger"	"2009K2"	22085	75
"0231 Skedsmo (-2019)"	"Eneboliger"	"2009K3"	23925	64
"0231 Skedsmo (-2019)"	"Eneboliger"	"2009K4"	24689	57
"0231 Skedsmo (-2019)"	"Eneboliger"	"2010K1"	24314	48
"0231 Skedsmo (-2019)"	"Eneboliger"	"2010K2"	23695	66
"0231 Skedsmo (-2019)"	"Eneboliger"	"2010K3"	25238	70
"0231 Skedsmo (-2019)"	"Eneboliger"	"2010K4"	25866	42
"0231 Skedsmo (-2019)"	"Eneboliger"	"2011K1"	25584	60
"0231 Skedsmo (-2019)"	"Eneboliger"	"2011K2"	26602	87
"0231 Skedsmo (-2019)"	"Eneboliger"	"2011K3"	26502	72
"0231 Skedsmo (-2019)"	"Eneboliger"	"2011K4"	26378	65
"0231 Skedsmo (-2019)"	"Eneboliger"	"2012K1"	24650	49
"0231 Skedsmo (-2019)"	"Eneboliger"	"2012K2"	27576	69
"0231 Skedsmo (-2019)"	"Eneboliger"	"2012K3"	27036	58
"0231 Skedsmo (-2019)"	"Eneboliger"	"2012K4"	27789	49
"0231 Skedsmo (-2019)"	"Eneboliger"	"2013K1"	27392	53
"0231 Skedsmo (-2019)"	"Eneboliger"	"2013K2"	27823	80
"0231 Skedsmo (-2019)"	"Eneboliger"	"2013K3"	28393	61
"0231 Skedsmo (-2019)"	"Eneboliger"	"2013K4"	28886	65
"0231 Skedsmo (-2019)"	"Eneboliger"	"2014K1"	29532	53
"0231 Skedsmo (-2019)"	"Eneboliger"	"2014K2"	29510	101
"0231 Skedsmo (-2019)"	"Eneboliger"	"2014K3"	28680	61
"0231 Skedsmo (-2019)"	"Eneboliger"	"2014K4"	31093	47
"0231 Skedsmo (-2019)"	"Eneboliger"	"2015K1"	31590	49
"0231 Skedsmo (-2019)"	"Eneboliger"	"2015K2"	32977	88
"0231 Skedsmo (-2019)"	"Eneboliger"	"2015K3"	31672	53
"0231 Skedsmo (-2019)"	"Eneboliger"	"2015K4"	33314	29
"0231 Skedsmo (-2019)"	"Eneboliger"	"2016K1"	32342	39
"0231 Skedsmo (-2019)"	"Eneboliger"	"2016K2"	35410	75
"0231 Skedsmo (-2019)"	"Eneboliger"	"2016K3"	35377	46
"0231 Skedsmo (-2019)"	"Eneboliger"	"2016K4"	37333	24
"0231 Skedsmo (-2019)"	"Eneboliger"	"2017K1"	39674	57
"0231 Skedsmo (-2019)"	"Eneboliger"	"2017K2"	36726	75
"0231 Skedsmo (-2019)"	"Eneboliger"	"2017K3"	36896	59
"0231 Skedsmo (-2019)"	"Eneboliger"	"2017K4"	36810	31
"0231 Skedsmo (-2019)"	"Eneboliger"	"2018K1"	37202	36
"0231 Skedsmo (-2019)"	"Eneboliger"	"2018K2"	36467	56
"0231 Skedsmo (-2019)"	"Eneboliger"	"2018K3"	37561	56
"0231 Skedsmo (-2019)"	"Eneboliger"	"2018K4"	35856	42
"0231 Skedsmo (-2019)"	"Eneboliger"	"2019K1"	40621	40
"0231 Skedsmo (-2019)"	"Eneboliger"	"2019K2"	39879	61
"0231 Skedsmo (-2019)"	"Eneboliger"	"2019K3"	40130	55
"0231 Skedsmo (-2019)"	"Eneboliger"	"2019K4"	38816	47
"0231 Skedsmo (-2019)"	"Eneboliger"	"2020K1"	.	.
"0231 Skedsmo (-2019)"	"Eneboliger"	"2020K2"	.	.
"0231 Skedsmo (-2019)"	"Eneboliger"	"2020K3"	.	.
"0231 Skedsmo (-2019)"	"Eneboliger"	"2020K4"	.	.
"0231 Skedsmo (-2019)"	"Eneboliger"	"2021K1"	.	.
"0231 Skedsmo (-2019)"	"Eneboliger"	"2021K2"	.	.
"0231 Skedsmo (-2019)"	"Eneboliger"	"2021K3"	.	.
"0231 Skedsmo (-2019)"	"Eneboliger"	"2021K4"	.	.
"0231 Skedsmo (-2019)"	"Eneboliger"	"2022K1"	.	.
"0231 Skedsmo (-2019)"	"Eneboliger"	"2022K2"	.	.
"0231 Skedsmo (-2019)"	"Eneboliger"	"2022K3"	.	.
"0231 Skedsmo (-2019)"	"Eneboliger"	"2022K4"	.	.
"0231 Skedsmo (-2019)"	"Eneboliger"	"2023K1"	.	.
"0231 Skedsmo (-2019)"	"Eneboliger"	"2023K2"	.	.
"0231 Skedsmo (-2019)"	"Eneboliger"	"2023K3"	.	.
"0231 Skedsmo (-2019)"	"Småhus"	"2006K1"	17547	40
"0231 Skedsmo (-2019)"	"Småhus"	"2006K2"	18675	45
"0231 Skedsmo (-2019)"	"Småhus"	"2006K3"	20631	36
"0231 Skedsmo (-2019)"	"Småhus"	"2006K4"	19841	42
"0231 Skedsmo (-2019)"	"Småhus"	"2007K1"	21754	42
"0231 Skedsmo (-2019)"	"Småhus"	"2007K2"	23758	46
"0231 Skedsmo (-2019)"	"Småhus"	"2007K3"	22647	35
"0231 Skedsmo (-2019)"	"Småhus"	"2007K4"	21650	39
"0231 Skedsmo (-2019)"	"Småhus"	"2008K1"	23018	33
"0231 Skedsmo (-2019)"	"Småhus"	"2008K2"	21897	74
"0231 Skedsmo (-2019)"	"Småhus"	"2008K3"	23005	26
"0231 Skedsmo (-2019)"	"Småhus"	"2008K4"	19227	38
"0231 Skedsmo (-2019)"	"Småhus"	"2009K1"	20221	14
"0231 Skedsmo (-2019)"	"Småhus"	"2009K2"	21224	34
"0231 Skedsmo (-2019)"	"Småhus"	"2009K3"	23135	19
"0231 Skedsmo (-2019)"	"Småhus"	"2009K4"	22291	22
"0231 Skedsmo (-2019)"	"Småhus"	"2010K1"	22900	22
"0231 Skedsmo (-2019)"	"Småhus"	"2010K2"	24569	26
"0231 Skedsmo (-2019)"	"Småhus"	"2010K3"	23228	25
"0231 Skedsmo (-2019)"	"Småhus"	"2010K4"	23546	20
"0231 Skedsmo (-2019)"	"Småhus"	"2011K1"	27409	23
"0231 Skedsmo (-2019)"	"Småhus"	"2011K2"	24826	31
"0231 Skedsmo (-2019)"	"Småhus"	"2011K3"	25051	22
"0231 Skedsmo (-2019)"	"Småhus"	"2011K4"	27055	27
"0231 Skedsmo (-2019)"	"Småhus"	"2012K1"	25423	17
"0231 Skedsmo (-2019)"	"Småhus"	"2012K2"	27016	37
"0231 Skedsmo (-2019)"	"Småhus"	"2012K3"	26989	17
"0231 Skedsmo (-2019)"	"Småhus"	"2012K4"	28529	14
"0231 Skedsmo (-2019)"	"Småhus"	"2013K1"	27934	19
"0231 Skedsmo (-2019)"	"Småhus"	"2013K2"	28794	23
"0231 Skedsmo (-2019)"	"Småhus"	"2013K3"	28893	26
"0231 Skedsmo (-2019)"	"Småhus"	"2013K4"	27763	25
"0231 Skedsmo (-2019)"	"Småhus"	"2014K1"	26334	24
"0231 Skedsmo (-2019)"	"Småhus"	"2014K2"	30451	36
"0231 Skedsmo (-2019)"	"Småhus"	"2014K3"	29093	33
"0231 Skedsmo (-2019)"	"Småhus"	"2014K4"	27428	24
"0231 Skedsmo (-2019)"	"Småhus"	"2015K1"	32543	36
"0231 Skedsmo (-2019)"	"Småhus"	"2015K2"	30409	26
"0231 Skedsmo (-2019)"	"Småhus"	"2015K3"	31366	21
"0231 Skedsmo (-2019)"	"Småhus"	"2015K4"	33880	20
"0231 Skedsmo (-2019)"	"Småhus"	"2016K1"	32809	32
"0231 Skedsmo (-2019)"	"Småhus"	"2016K2"	33478	41
"0231 Skedsmo (-2019)"	"Småhus"	"2016K3"	36580	34
"0231 Skedsmo (-2019)"	"Småhus"	"2016K4"	38819	25
"0231 Skedsmo (-2019)"	"Småhus"	"2017K1"	38827	24
"0231 Skedsmo (-2019)"	"Småhus"	"2017K2"	39420	39
"0231 Skedsmo (-2019)"	"Småhus"	"2017K3"	40504	30
"0231 Skedsmo (-2019)"	"Småhus"	"2017K4"	38622	25
"0231 Skedsmo (-2019)"	"Småhus"	"2018K1"	38913	29
"0231 Skedsmo (-2019)"	"Småhus"	"2018K2"	38564	39
"0231 Skedsmo (-2019)"	"Småhus"	"2018K3"	39610	28
"0231 Skedsmo (-2019)"	"Småhus"	"2018K4"	39138	24
"0231 Skedsmo (-2019)"	"Småhus"	"2019K1"	41222	31
"0231 Skedsmo (-2019)"	"Småhus"	"2019K2"	41487	38
"0231 Skedsmo (-2019)"	"Småhus"	"2019K3"	39483	27
"0231 Skedsmo (-2019)"	"Småhus"	"2019K4"	40928	30
"0231 Skedsmo (-2019)"	"Småhus"	"2020K1"	.	.
"0231 Skedsmo (-2019)"	"Småhus"	"2020K2"	.	.
"0231 Skedsmo (-2019)"	"Småhus"	"2020K3"	.	.
"0231 Skedsmo (-2019)"	"Småhus"	"2020K4"	.	.
"0231 Skedsmo (-2019)"	"Småhus"	"2021K1"	.	.
"0231 Skedsmo (-2019)"	"Småhus"	"2021K2"	.	.
"0231 Skedsmo (-2019)"	"Småhus"	"2021K3"	.	.
"0231 Skedsmo (-2019)"	"Småhus"	"2021K4"	.	.
"0231 Skedsmo (-2019)"	"Småhus"	"2022K1"	.	.
"0231 Skedsmo (-2019)"	"Småhus"	"2022K2"	.	.
"0231 Skedsmo (-2019)"	"Småhus"	"2022K3"	.	.
"0231 Skedsmo (-2019)"	"Småhus"	"2022K4"	.	.
"0231 Skedsmo (-2019)"	"Småhus"	"2023K1"	.	.
"0231 Skedsmo (-2019)"	"Småhus"	"2023K2"	.	.
"0231 Skedsmo (-2019)"	"Småhus"	"2023K3"	.	.
"0231 Skedsmo (-2019)"	"Blokkleiligheter"	"2006K1"	27513	36
"0231 Skedsmo (-2019)"	"Blokkleiligheter"	"2006K2"	28601	38
"0231 Skedsmo (-2019)"	"Blokkleiligheter"	"2006K3"	29728	58
"0231 Skedsmo (-2019)"	"Blokkleiligheter"	"2006K4"	29649	47
"0231 Skedsmo (-2019)"	"Blokkleiligheter"	"2007K1"	31718	56
"0231 Skedsmo (-2019)"	"Blokkleiligheter"	"2007K2"	32051	48
"0231 Skedsmo (-2019)"	"Blokkleiligheter"	"2007K3"	34802	43
"0231 Skedsmo (-2019)"	"Blokkleiligheter"	"2007K4"	32923	51
"0231 Skedsmo (-2019)"	"Blokkleiligheter"	"2008K1"	31400	41
"0231 Skedsmo (-2019)"	"Blokkleiligheter"	"2008K2"	32678	54
"0231 Skedsmo (-2019)"	"Blokkleiligheter"	"2008K3"	33759	39
"0231 Skedsmo (-2019)"	"Blokkleiligheter"	"2008K4"	27495	20
"0231 Skedsmo (-2019)"	"Blokkleiligheter"	"2009K1"	30754	52
"0231 Skedsmo (-2019)"	"Blokkleiligheter"	"2009K2"	31939	41
"0231 Skedsmo (-2019)"	"Blokkleiligheter"	"2009K3"	33204	60
"0231 Skedsmo (-2019)"	"Blokkleiligheter"	"2009K4"	32440	50
"0231 Skedsmo (-2019)"	"Blokkleiligheter"	"2010K1"	33791	41
"0231 Skedsmo (-2019)"	"Blokkleiligheter"	"2010K2"	33789	60
"0231 Skedsmo (-2019)"	"Blokkleiligheter"	"2010K3"	35335	71
"0231 Skedsmo (-2019)"	"Blokkleiligheter"	"2010K4"	35589	57
"0231 Skedsmo (-2019)"	"Blokkleiligheter"	"2011K1"	36014	50
"0231 Skedsmo (-2019)"	"Blokkleiligheter"	"2011K2"	38629	73
"0231 Skedsmo (-2019)"	"Blokkleiligheter"	"2011K3"	38960	51
"0231 Skedsmo (-2019)"	"Blokkleiligheter"	"2011K4"	37961	59
"0231 Skedsmo (-2019)"	"Blokkleiligheter"	"2012K1"	39790	60
"0231 Skedsmo (-2019)"	"Blokkleiligheter"	"2012K2"	42246	64
"0231 Skedsmo (-2019)"	"Blokkleiligheter"	"2012K3"	40614	55
"0231 Skedsmo (-2019)"	"Blokkleiligheter"	"2012K4"	42318	50
"0231 Skedsmo (-2019)"	"Blokkleiligheter"	"2013K1"	45709	49
"0231 Skedsmo (-2019)"	"Blokkleiligheter"	"2013K2"	44622	74
"0231 Skedsmo (-2019)"	"Blokkleiligheter"	"2013K3"	46660	41
"0231 Skedsmo (-2019)"	"Blokkleiligheter"	"2013K4"	43154	47
"0231 Skedsmo (-2019)"	"Blokkleiligheter"	"2014K1"	43259	66
"0231 Skedsmo (-2019)"	"Blokkleiligheter"	"2014K2"	49367	54
"0231 Skedsmo (-2019)"	"Blokkleiligheter"	"2014K3"	46901	61
"0231 Skedsmo (-2019)"	"Blokkleiligheter"	"2014K4"	46483	52
"0231 Skedsmo (-2019)"	"Blokkleiligheter"	"2015K1"	47613	50
"0231 Skedsmo (-2019)"	"Blokkleiligheter"	"2015K2"	49557	65
"0231 Skedsmo (-2019)"	"Blokkleiligheter"	"2015K3"	49229	53
"0231 Skedsmo (-2019)"	"Blokkleiligheter"	"2015K4"	50247	47
"0231 Skedsmo (-2019)"	"Blokkleiligheter"	"2016K1"	49586	53
"0231 Skedsmo (-2019)"	"Blokkleiligheter"	"2016K2"	51027	71
"0231 Skedsmo (-2019)"	"Blokkleiligheter"	"2016K3"	55143	59
"0231 Skedsmo (-2019)"	"Blokkleiligheter"	"2016K4"	53669	38
"0231 Skedsmo (-2019)"	"Blokkleiligheter"	"2017K1"	62608	65
"0231 Skedsmo (-2019)"	"Blokkleiligheter"	"2017K2"	60039	54
"0231 Skedsmo (-2019)"	"Blokkleiligheter"	"2017K3"	57903	50
"0231 Skedsmo (-2019)"	"Blokkleiligheter"	"2017K4"	55381	39
"0231 Skedsmo (-2019)"	"Blokkleiligheter"	"2018K1"	59600	53
"0231 Skedsmo (-2019)"	"Blokkleiligheter"	"2018K2"	56790	67
"0231 Skedsmo (-2019)"	"Blokkleiligheter"	"2018K3"	59445	69
"0231 Skedsmo (-2019)"	"Blokkleiligheter"	"2018K4"	56530	56
"0231 Skedsmo (-2019)"	"Blokkleiligheter"	"2019K1"	60657	57
"0231 Skedsmo (-2019)"	"Blokkleiligheter"	"2019K2"	62437	59
"0231 Skedsmo (-2019)"	"Blokkleiligheter"	"2019K3"	62522	59
"0231 Skedsmo (-2019)"	"Blokkleiligheter"	"2019K4"	58814	45
"0231 Skedsmo (-2019)"	"Blokkleiligheter"	"2020K1"	.	.
"0231 Skedsmo (-2019)"	"Blokkleiligheter"	"2020K2"	.	.
"0231 Skedsmo (-2019)"	"Blokkleiligheter"	"2020K3"	.	.
"0231 Skedsmo (-2019)"	"Blokkleiligheter"	"2020K4"	.	.
"0231 Skedsmo (-2019)"	"Blokkleiligheter"	"2021K1"	.	.
"0231 Skedsmo (-2019)"	"Blokkleiligheter"	"2021K2"	.	.
"0231 Skedsmo (-2019)"	"Blokkleiligheter"	"2021K3"	.	.
"0231 Skedsmo (-2019)"	"Blokkleiligheter"	"2021K4"	.	.
"0231 Skedsmo (-2019)"	"Blokkleiligheter"	"2022K1"	.	.
"0231 Skedsmo (-2019)"	"Blokkleiligheter"	"2022K2"	.	.
"0231 Skedsmo (-2019)"	"Blokkleiligheter"	"2022K3"	.	.
"0231 Skedsmo (-2019)"	"Blokkleiligheter"	"2022K4"	.	.
"0231 Skedsmo (-2019)"	"Blokkleiligheter"	"2023K1"	.	.
"0231 Skedsmo (-2019)"	"Blokkleiligheter"	"2023K2"	.	.
"0231 Skedsmo (-2019)"	"Blokkleiligheter"	"2023K3"	.	.
"0233 Nittedal (-2019)"	"Eneboliger"	"2006K1"	.	.
"0233 Nittedal (-2019)"	"Eneboliger"	"2006K2"	.	.
"0233 Nittedal (-2019)"	"Eneboliger"	"2006K3"	.	.
"0233 Nittedal (-2019)"	"Eneboliger"	"2006K4"	.	.
"0233 Nittedal (-2019)"	"Eneboliger"	"2007K1"	.	.
"0233 Nittedal (-2019)"	"Eneboliger"	"2007K2"	.	.
"0233 Nittedal (-2019)"	"Eneboliger"	"2007K3"	.	.
"0233 Nittedal (-2019)"	"Eneboliger"	"2007K4"	.	.
"0233 Nittedal (-2019)"	"Eneboliger"	"2008K1"	.	.
"0233 Nittedal (-2019)"	"Eneboliger"	"2008K2"	.	.
"0233 Nittedal (-2019)"	"Eneboliger"	"2008K3"	.	.
"0233 Nittedal (-2019)"	"Eneboliger"	"2008K4"	.	.
"0233 Nittedal (-2019)"	"Eneboliger"	"2009K1"	18910	15
"0233 Nittedal (-2019)"	"Eneboliger"	"2009K2"	20142	33
"0233 Nittedal (-2019)"	"Eneboliger"	"2009K3"	19476	27
"0233 Nittedal (-2019)"	"Eneboliger"	"2009K4"	21765	22
"0233 Nittedal (-2019)"	"Eneboliger"	"2010K1"	20610	14
"0233 Nittedal (-2019)"	"Eneboliger"	"2010K2"	22826	43
"0233 Nittedal (-2019)"	"Eneboliger"	"2010K3"	22175	26
"0233 Nittedal (-2019)"	"Eneboliger"	"2010K4"	22863	19
"0233 Nittedal (-2019)"	"Eneboliger"	"2011K1"	21755	26
"0233 Nittedal (-2019)"	"Eneboliger"	"2011K2"	22294	33
"0233 Nittedal (-2019)"	"Eneboliger"	"2011K3"	21217	33
"0233 Nittedal (-2019)"	"Eneboliger"	"2011K4"	23889	23
"0233 Nittedal (-2019)"	"Eneboliger"	"2012K1"	25206	23
"0233 Nittedal (-2019)"	"Eneboliger"	"2012K2"	23420	39
"0233 Nittedal (-2019)"	"Eneboliger"	"2012K3"	23207	32
"0233 Nittedal (-2019)"	"Eneboliger"	"2012K4"	23518	28
"0233 Nittedal (-2019)"	"Eneboliger"	"2013K1"	27331	27
"0233 Nittedal (-2019)"	"Eneboliger"	"2013K2"	24625	43
"0233 Nittedal (-2019)"	"Eneboliger"	"2013K3"	26397	34
"0233 Nittedal (-2019)"	"Eneboliger"	"2013K4"	25216	24
"0233 Nittedal (-2019)"	"Eneboliger"	"2014K1"	26871	31
"0233 Nittedal (-2019)"	"Eneboliger"	"2014K2"	26914	40
"0233 Nittedal (-2019)"	"Eneboliger"	"2014K3"	26269	31
"0233 Nittedal (-2019)"	"Eneboliger"	"2014K4"	25472	25
"0233 Nittedal (-2019)"	"Eneboliger"	"2015K1"	27123	27
"0233 Nittedal (-2019)"	"Eneboliger"	"2015K2"	28426	41
"0233 Nittedal (-2019)"	"Eneboliger"	"2015K3"	27954	27
"0233 Nittedal (-2019)"	"Eneboliger"	"2015K4"	27977	30
"0233 Nittedal (-2019)"	"Eneboliger"	"2016K1"	29032	35
"0233 Nittedal (-2019)"	"Eneboliger"	"2016K2"	29101	33
"0233 Nittedal (-2019)"	"Eneboliger"	"2016K3"	32537	38
"0233 Nittedal (-2019)"	"Eneboliger"	"2016K4"	32883	24
"0233 Nittedal (-2019)"	"Eneboliger"	"2017K1"	34367	36
"0233 Nittedal (-2019)"	"Eneboliger"	"2017K2"	33665	41
"0233 Nittedal (-2019)"	"Eneboliger"	"2017K3"	33882	40
"0233 Nittedal (-2019)"	"Eneboliger"	"2017K4"	30408	29
"0233 Nittedal (-2019)"	"Eneboliger"	"2018K1"	35616	16
"0233 Nittedal (-2019)"	"Eneboliger"	"2018K2"	34812	48
"0233 Nittedal (-2019)"	"Eneboliger"	"2018K3"	35762	34
"0233 Nittedal (-2019)"	"Eneboliger"	"2018K4"	34163	28
"0233 Nittedal (-2019)"	"Eneboliger"	"2019K1"	35508	27
"0233 Nittedal (-2019)"	"Eneboliger"	"2019K2"	35871	36
"0233 Nittedal (-2019)"	"Eneboliger"	"2019K3"	34581	35
"0233 Nittedal (-2019)"	"Eneboliger"	"2019K4"	34598	21
"0233 Nittedal (-2019)"	"Eneboliger"	"2020K1"	.	.
"0233 Nittedal (-2019)"	"Eneboliger"	"2020K2"	.	.
"0233 Nittedal (-2019)"	"Eneboliger"	"2020K3"	.	.
"0233 Nittedal (-2019)"	"Eneboliger"	"2020K4"	.	.
"0233 Nittedal (-2019)"	"Eneboliger"	"2021K1"	.	.
"0233 Nittedal (-2019)"	"Eneboliger"	"2021K2"	.	.
"0233 Nittedal (-2019)"	"Eneboliger"	"2021K3"	.	.
"0233 Nittedal (-2019)"	"Eneboliger"	"2021K4"	.	.
"0233 Nittedal (-2019)"	"Eneboliger"	"2022K1"	.	.
"0233 Nittedal (-2019)"	"Eneboliger"	"2022K2"	.	.
"0233 Nittedal (-2019)"	"Eneboliger"	"2022K3"	.	.
"0233 Nittedal (-2019)"	"Eneboliger"	"2022K4"	.	.
"0233 Nittedal (-2019)"	"Eneboliger"	"2023K1"	.	.
"0233 Nittedal (-2019)"	"Eneboliger"	"2023K2"	.	.
"0233 Nittedal (-2019)"	"Eneboliger"	"2023K3"	.	.
"0233 Nittedal (-2019)"	"Småhus"	"2006K1"	.	.
"0233 Nittedal (-2019)"	"Småhus"	"2006K2"	.	.
"0233 Nittedal (-2019)"	"Småhus"	"2006K3"	.	.
"0233 Nittedal (-2019)"	"Småhus"	"2006K4"	.	.
"0233 Nittedal (-2019)"	"Småhus"	"2007K1"	.	.
"0233 Nittedal (-2019)"	"Småhus"	"2007K2"	.	.
"0233 Nittedal (-2019)"	"Småhus"	"2007K3"	.	.
"0233 Nittedal (-2019)"	"Småhus"	"2007K4"	.	.
"0233 Nittedal (-2019)"	"Småhus"	"2008K1"	.	.
"0233 Nittedal (-2019)"	"Småhus"	"2008K2"	.	.
"0233 Nittedal (-2019)"	"Småhus"	"2008K3"	.	.
"0233 Nittedal (-2019)"	"Småhus"	"2008K4"	.	.
"0233 Nittedal (-2019)"	"Småhus"	"2009K1"	19012	12
"0233 Nittedal (-2019)"	"Småhus"	"2009K2"	20097	17
"0233 Nittedal (-2019)"	"Småhus"	"2009K3"	22383	13
"0233 Nittedal (-2019)"	"Småhus"	"2009K4"	20171	10
"0233 Nittedal (-2019)"	"Småhus"	"2010K1"	..	6
"0233 Nittedal (-2019)"	"Småhus"	"2010K2"	21610	19
"0233 Nittedal (-2019)"	"Småhus"	"2010K3"	..	9
"0233 Nittedal (-2019)"	"Småhus"	"2010K4"	..	8
"0233 Nittedal (-2019)"	"Småhus"	"2011K1"	24031	14
"0233 Nittedal (-2019)"	"Småhus"	"2011K2"	23995	12
"0233 Nittedal (-2019)"	"Småhus"	"2011K3"	..	7
"0233 Nittedal (-2019)"	"Småhus"	"2011K4"	25921	10
"0233 Nittedal (-2019)"	"Småhus"	"2012K1"	27692	10
"0233 Nittedal (-2019)"	"Småhus"	"2012K2"	26238	16
"0233 Nittedal (-2019)"	"Småhus"	"2012K3"	23707	11
"0233 Nittedal (-2019)"	"Småhus"	"2012K4"	..	9
"0233 Nittedal (-2019)"	"Småhus"	"2013K1"	28045	11
"0233 Nittedal (-2019)"	"Småhus"	"2013K2"	24646	12
"0233 Nittedal (-2019)"	"Småhus"	"2013K3"	..	7
"0233 Nittedal (-2019)"	"Småhus"	"2013K4"	..	9
"0233 Nittedal (-2019)"	"Småhus"	"2014K1"	..	8
"0233 Nittedal (-2019)"	"Småhus"	"2014K2"	..	7
"0233 Nittedal (-2019)"	"Småhus"	"2014K3"	26742	16
"0233 Nittedal (-2019)"	"Småhus"	"2014K4"	..	4
"0233 Nittedal (-2019)"	"Småhus"	"2015K1"	26087	12
"0233 Nittedal (-2019)"	"Småhus"	"2015K2"	29988	17
"0233 Nittedal (-2019)"	"Småhus"	"2015K3"	28525	12
"0233 Nittedal (-2019)"	"Småhus"	"2015K4"	..	9
"0233 Nittedal (-2019)"	"Småhus"	"2016K1"	29384	12
"0233 Nittedal (-2019)"	"Småhus"	"2016K2"	29223	15
"0233 Nittedal (-2019)"	"Småhus"	"2016K3"	31765	14
"0233 Nittedal (-2019)"	"Småhus"	"2016K4"	33620	11
"0233 Nittedal (-2019)"	"Småhus"	"2017K1"	37879	14
"0233 Nittedal (-2019)"	"Småhus"	"2017K2"	36063	17
"0233 Nittedal (-2019)"	"Småhus"	"2017K3"	36883	17
"0233 Nittedal (-2019)"	"Småhus"	"2017K4"	36571	13
"0233 Nittedal (-2019)"	"Småhus"	"2018K1"	..	6
"0233 Nittedal (-2019)"	"Småhus"	"2018K2"	35307	19
"0233 Nittedal (-2019)"	"Småhus"	"2018K3"	35444	18
"0233 Nittedal (-2019)"	"Småhus"	"2018K4"	..	9
"0233 Nittedal (-2019)"	"Småhus"	"2019K1"	39604	11
"0233 Nittedal (-2019)"	"Småhus"	"2019K2"	34063	15
"0233 Nittedal (-2019)"	"Småhus"	"2019K3"	36292	14
"0233 Nittedal (-2019)"	"Småhus"	"2019K4"	..	9
"0233 Nittedal (-2019)"	"Småhus"	"2020K1"	.	.
"0233 Nittedal (-2019)"	"Småhus"	"2020K2"	.	.
"0233 Nittedal (-2019)"	"Småhus"	"2020K3"	.	.
"0233 Nittedal (-2019)"	"Småhus"	"2020K4"	.	.
"0233 Nittedal (-2019)"	"Småhus"	"2021K1"	.	.
"0233 Nittedal (-2019)"	"Småhus"	"2021K2"	.	.
"0233 Nittedal (-2019)"	"Småhus"	"2021K3"	.	.
"0233 Nittedal (-2019)"	"Småhus"	"2021K4"	.	.
"0233 Nittedal (-2019)"	"Småhus"	"2022K1"	.	.
"0233 Nittedal (-2019)"	"Småhus"	"2022K2"	.	.
"0233 Nittedal (-2019)"	"Småhus"	"2022K3"	.	.
"0233 Nittedal (-2019)"	"Småhus"	"2022K4"	.	.
"0233 Nittedal (-2019)"	"Småhus"	"2023K1"	.	.
"0233 Nittedal (-2019)"	"Småhus"	"2023K2"	.	.
"0233 Nittedal (-2019)"	"Småhus"	"2023K3"	.	.
"0233 Nittedal (-2019)"	"Blokkleiligheter"	"2006K1"	.	.
"0233 Nittedal (-2019)"	"Blokkleiligheter"	"2006K2"	.	.
"0233 Nittedal (-2019)"	"Blokkleiligheter"	"2006K3"	.	.
"0233 Nittedal (-2019)"	"Blokkleiligheter"	"2006K4"	.	.
"0233 Nittedal (-2019)"	"Blokkleiligheter"	"2007K1"	.	.
"0233 Nittedal (-2019)"	"Blokkleiligheter"	"2007K2"	.	.
"0233 Nittedal (-2019)"	"Blokkleiligheter"	"2007K3"	.	.
"0233 Nittedal (-2019)"	"Blokkleiligheter"	"2007K4"	.	.
"0233 Nittedal (-2019)"	"Blokkleiligheter"	"2008K1"	.	.
"0233 Nittedal (-2019)"	"Blokkleiligheter"	"2008K2"	.	.
"0233 Nittedal (-2019)"	"Blokkleiligheter"	"2008K3"	.	.
"0233 Nittedal (-2019)"	"Blokkleiligheter"	"2008K4"	.	.
"0233 Nittedal (-2019)"	"Blokkleiligheter"	"2009K1"	..	6
"0233 Nittedal (-2019)"	"Blokkleiligheter"	"2009K2"	..	4
"0233 Nittedal (-2019)"	"Blokkleiligheter"	"2009K3"	..	6
"0233 Nittedal (-2019)"	"Blokkleiligheter"	"2009K4"	..	5
"0233 Nittedal (-2019)"	"Blokkleiligheter"	"2010K1"	23616	11
"0233 Nittedal (-2019)"	"Blokkleiligheter"	"2010K2"	..	4
"0233 Nittedal (-2019)"	"Blokkleiligheter"	"2010K3"	..	5
"0233 Nittedal (-2019)"	"Blokkleiligheter"	"2010K4"	..	4
"0233 Nittedal (-2019)"	"Blokkleiligheter"	"2011K1"	..	5
"0233 Nittedal (-2019)"	"Blokkleiligheter"	"2011K2"	28833	14
"0233 Nittedal (-2019)"	"Blokkleiligheter"	"2011K3"	..	5
"0233 Nittedal (-2019)"	"Blokkleiligheter"	"2011K4"	..	6
"0233 Nittedal (-2019)"	"Blokkleiligheter"	"2012K1"	..	4
"0233 Nittedal (-2019)"	"Blokkleiligheter"	"2012K2"	..	4
"0233 Nittedal (-2019)"	"Blokkleiligheter"	"2012K3"	..	4
"0233 Nittedal (-2019)"	"Blokkleiligheter"	"2012K4"	..	6
"0233 Nittedal (-2019)"	"Blokkleiligheter"	"2013K1"	..	8
"0233 Nittedal (-2019)"	"Blokkleiligheter"	"2013K2"	..	2
"0233 Nittedal (-2019)"	"Blokkleiligheter"	"2013K3"	..	8
"0233 Nittedal (-2019)"	"Blokkleiligheter"	"2013K4"	..	7
"0233 Nittedal (-2019)"	"Blokkleiligheter"	"2014K1"	..	8
"0233 Nittedal (-2019)"	"Blokkleiligheter"	"2014K2"	32668	10
"0233 Nittedal (-2019)"	"Blokkleiligheter"	"2014K3"	..	7
"0233 Nittedal (-2019)"	"Blokkleiligheter"	"2014K4"	..	7
"0233 Nittedal (-2019)"	"Blokkleiligheter"	"2015K1"	..	6
"0233 Nittedal (-2019)"	"Blokkleiligheter"	"2015K2"	37405	13
"0233 Nittedal (-2019)"	"Blokkleiligheter"	"2015K3"	..	9
"0233 Nittedal (-2019)"	"Blokkleiligheter"	"2015K4"	..	8
"0233 Nittedal (-2019)"	"Blokkleiligheter"	"2016K1"	36738	13
"0233 Nittedal (-2019)"	"Blokkleiligheter"	"2016K2"	37468	17
"0233 Nittedal (-2019)"	"Blokkleiligheter"	"2016K3"	..	8
"0233 Nittedal (-2019)"	"Blokkleiligheter"	"2016K4"	..	5
"0233 Nittedal (-2019)"	"Blokkleiligheter"	"2017K1"	..	9
"0233 Nittedal (-2019)"	"Blokkleiligheter"	"2017K2"	42788	13
"0233 Nittedal (-2019)"	"Blokkleiligheter"	"2017K3"	..	9
"0233 Nittedal (-2019)"	"Blokkleiligheter"	"2017K4"	..	6
"0233 Nittedal (-2019)"	"Blokkleiligheter"	"2018K1"	..	6
"0233 Nittedal (-2019)"	"Blokkleiligheter"	"2018K2"	42649	11
"0233 Nittedal (-2019)"	"Blokkleiligheter"	"2018K3"	44826	16
"0233 Nittedal (-2019)"	"Blokkleiligheter"	"2018K4"	..	7
"0233 Nittedal (-2019)"	"Blokkleiligheter"	"2019K1"	..	9
"0233 Nittedal (-2019)"	"Blokkleiligheter"	"2019K2"	47048	22
"0233 Nittedal (-2019)"	"Blokkleiligheter"	"2019K3"	49532	12
"0233 Nittedal (-2019)"	"Blokkleiligheter"	"2019K4"	..	8
"0233 Nittedal (-2019)"	"Blokkleiligheter"	"2020K1"	.	.
"0233 Nittedal (-2019)"	"Blokkleiligheter"	"2020K2"	.	.
"0233 Nittedal (-2019)"	"Blokkleiligheter"	"2020K3"	.	.
"0233 Nittedal (-2019)"	"Blokkleiligheter"	"2020K4"	.	.
"0233 Nittedal (-2019)"	"Blokkleiligheter"	"2021K1"	.	.
"0233 Nittedal (-2019)"	"Blokkleiligheter"	"2021K2"	.	.
"0233 Nittedal (-2019)"	"Blokkleiligheter"	"2021K3"	.	.
"0233 Nittedal (-2019)"	"Blokkleiligheter"	"2021K4"	.	.
"0233 Nittedal (-2019)"	"Blokkleiligheter"	"2022K1"	.	.
"0233 Nittedal (-2019)"	"Blokkleiligheter"	"2022K2"	.	.
"0233 Nittedal (-2019)"	"Blokkleiligheter"	"2022K3"	.	.
"0233 Nittedal (-2019)"	"Blokkleiligheter"	"2022K4"	.	.
"0233 Nittedal (-2019)"	"Blokkleiligheter"	"2023K1"	.	.
"0233 Nittedal (-2019)"	"Blokkleiligheter"	"2023K2"	.	.
"0233 Nittedal (-2019)"	"Blokkleiligheter"	"2023K3"	.	.
"0235 Ullensaker (-2019)"	"Eneboliger"	"2006K1"	14251	43
"0235 Ullensaker (-2019)"	"Eneboliger"	"2006K2"	16230	46
"0235 Ullensaker (-2019)"	"Eneboliger"	"2006K3"	16341	38
"0235 Ullensaker (-2019)"	"Eneboliger"	"2006K4"	16401	40
"0235 Ullensaker (-2019)"	"Eneboliger"	"2007K1"	17634	53
"0235 Ullensaker (-2019)"	"Eneboliger"	"2007K2"	19252	77
"0235 Ullensaker (-2019)"	"Eneboliger"	"2007K3"	19610	50
"0235 Ullensaker (-2019)"	"Eneboliger"	"2007K4"	18568	41
"0235 Ullensaker (-2019)"	"Eneboliger"	"2008K1"	18935	41
"0235 Ullensaker (-2019)"	"Eneboliger"	"2008K2"	19298	59
"0235 Ullensaker (-2019)"	"Eneboliger"	"2008K3"	19346	42
"0235 Ullensaker (-2019)"	"Eneboliger"	"2008K4"	16794	20
"0235 Ullensaker (-2019)"	"Eneboliger"	"2009K1"	18413	40
"0235 Ullensaker (-2019)"	"Eneboliger"	"2009K2"	18281	58
"0235 Ullensaker (-2019)"	"Eneboliger"	"2009K3"	19303	46
"0235 Ullensaker (-2019)"	"Eneboliger"	"2009K4"	20201	45
"0235 Ullensaker (-2019)"	"Eneboliger"	"2010K1"	21093	50
"0235 Ullensaker (-2019)"	"Eneboliger"	"2010K2"	19884	66
"0235 Ullensaker (-2019)"	"Eneboliger"	"2010K3"	19298	70
"0235 Ullensaker (-2019)"	"Eneboliger"	"2010K4"	18874	52
"0235 Ullensaker (-2019)"	"Eneboliger"	"2011K1"	21695	52
"0235 Ullensaker (-2019)"	"Eneboliger"	"2011K2"	21507	62
"0235 Ullensaker (-2019)"	"Eneboliger"	"2011K3"	20942	57
"0235 Ullensaker (-2019)"	"Eneboliger"	"2011K4"	22061	49
"0235 Ullensaker (-2019)"	"Eneboliger"	"2012K1"	21565	38
"0235 Ullensaker (-2019)"	"Eneboliger"	"2012K2"	22679	67
"0235 Ullensaker (-2019)"	"Eneboliger"	"2012K3"	23598	53
"0235 Ullensaker (-2019)"	"Eneboliger"	"2012K4"	23854	51
"0235 Ullensaker (-2019)"	"Eneboliger"	"2013K1"	23897	61
"0235 Ullensaker (-2019)"	"Eneboliger"	"2013K2"	23012	72
"0235 Ullensaker (-2019)"	"Eneboliger"	"2013K3"	25283	45
"0235 Ullensaker (-2019)"	"Eneboliger"	"2013K4"	23126	41
"0235 Ullensaker (-2019)"	"Eneboliger"	"2014K1"	24530	49
"0235 Ullensaker (-2019)"	"Eneboliger"	"2014K2"	25512	74
"0235 Ullensaker (-2019)"	"Eneboliger"	"2014K3"	24468	43
"0235 Ullensaker (-2019)"	"Eneboliger"	"2014K4"	27167	38
"0235 Ullensaker (-2019)"	"Eneboliger"	"2015K1"	25939	36
"0235 Ullensaker (-2019)"	"Eneboliger"	"2015K2"	26571	59
"0235 Ullensaker (-2019)"	"Eneboliger"	"2015K3"	27836	51
"0235 Ullensaker (-2019)"	"Eneboliger"	"2015K4"	27129	27
"0235 Ullensaker (-2019)"	"Eneboliger"	"2016K1"	28713	39
"0235 Ullensaker (-2019)"	"Eneboliger"	"2016K2"	27424	67
"0235 Ullensaker (-2019)"	"Eneboliger"	"2016K3"	30021	50
"0235 Ullensaker (-2019)"	"Eneboliger"	"2016K4"	30124	36
"0235 Ullensaker (-2019)"	"Eneboliger"	"2017K1"	32739	68
"0235 Ullensaker (-2019)"	"Eneboliger"	"2017K2"	33418	71
"0235 Ullensaker (-2019)"	"Eneboliger"	"2017K3"	32125	59
"0235 Ullensaker (-2019)"	"Eneboliger"	"2017K4"	31139	35
"0235 Ullensaker (-2019)"	"Eneboliger"	"2018K1"	31801	43
"0235 Ullensaker (-2019)"	"Eneboliger"	"2018K2"	31780	86
"0235 Ullensaker (-2019)"	"Eneboliger"	"2018K3"	32621	51
"0235 Ullensaker (-2019)"	"Eneboliger"	"2018K4"	33806	45
"0235 Ullensaker (-2019)"	"Eneboliger"	"2019K1"	32323	65
"0235 Ullensaker (-2019)"	"Eneboliger"	"2019K2"	33378	64
"0235 Ullensaker (-2019)"	"Eneboliger"	"2019K3"	33490	55
"0235 Ullensaker (-2019)"	"Eneboliger"	"2019K4"	30366	45
"0235 Ullensaker (-2019)"	"Eneboliger"	"2020K1"	.	.
"0235 Ullensaker (-2019)"	"Eneboliger"	"2020K2"	.	.
"0235 Ullensaker (-2019)"	"Eneboliger"	"2020K3"	.	.
"0235 Ullensaker (-2019)"	"Eneboliger"	"2020K4"	.	.
"0235 Ullensaker (-2019)"	"Eneboliger"	"2021K1"	.	.
"0235 Ullensaker (-2019)"	"Eneboliger"	"2021K2"	.	.
"0235 Ullensaker (-2019)"	"Eneboliger"	"2021K3"	.	.
"0235 Ullensaker (-2019)"	"Eneboliger"	"2021K4"	.	.
"0235 Ullensaker (-2019)"	"Eneboliger"	"2022K1"	.	.
"0235 Ullensaker (-2019)"	"Eneboliger"	"2022K2"	.	.
"0235 Ullensaker (-2019)"	"Eneboliger"	"2022K3"	.	.
"0235 Ullensaker (-2019)"	"Eneboliger"	"2022K4"	.	.
"0235 Ullensaker (-2019)"	"Eneboliger"	"2023K1"	.	.
"0235 Ullensaker (-2019)"	"Eneboliger"	"2023K2"	.	.
"0235 Ullensaker (-2019)"	"Eneboliger"	"2023K3"	.	.
"0235 Ullensaker (-2019)"	"Småhus"	"2006K1"	16521	22
"0235 Ullensaker (-2019)"	"Småhus"	"2006K2"	18742	16
"0235 Ullensaker (-2019)"	"Småhus"	"2006K3"	18167	17
"0235 Ullensaker (-2019)"	"Småhus"	"2006K4"	18065	25
"0235 Ullensaker (-2019)"	"Småhus"	"2007K1"	19123	26
"0235 Ullensaker (-2019)"	"Småhus"	"2007K2"	20358	28
"0235 Ullensaker (-2019)"	"Småhus"	"2007K3"	20412	28
"0235 Ullensaker (-2019)"	"Småhus"	"2007K4"	19497	20
"0235 Ullensaker (-2019)"	"Småhus"	"2008K1"	20001	17
"0235 Ullensaker (-2019)"	"Småhus"	"2008K2"	21290	24
"0235 Ullensaker (-2019)"	"Småhus"	"2008K3"	19740	21
"0235 Ullensaker (-2019)"	"Småhus"	"2008K4"	18235	13
"0235 Ullensaker (-2019)"	"Småhus"	"2009K1"	20536	18
"0235 Ullensaker (-2019)"	"Småhus"	"2009K2"	20359	21
"0235 Ullensaker (-2019)"	"Småhus"	"2009K3"	20375	22
"0235 Ullensaker (-2019)"	"Småhus"	"2009K4"	21752	22
"0235 Ullensaker (-2019)"	"Småhus"	"2010K1"	20950	17
"0235 Ullensaker (-2019)"	"Småhus"	"2010K2"	22115	24
"0235 Ullensaker (-2019)"	"Småhus"	"2010K3"	22062	21
"0235 Ullensaker (-2019)"	"Småhus"	"2010K4"	21374	16
"0235 Ullensaker (-2019)"	"Småhus"	"2011K1"	23137	23
"0235 Ullensaker (-2019)"	"Småhus"	"2011K2"	23450	17
"0235 Ullensaker (-2019)"	"Småhus"	"2011K3"	24766	20
"0235 Ullensaker (-2019)"	"Småhus"	"2011K4"	26297	13
"0235 Ullensaker (-2019)"	"Småhus"	"2012K1"	24493	13
"0235 Ullensaker (-2019)"	"Småhus"	"2012K2"	25935	19
"0235 Ullensaker (-2019)"	"Småhus"	"2012K3"	27189	21
"0235 Ullensaker (-2019)"	"Småhus"	"2012K4"	27080	18
"0235 Ullensaker (-2019)"	"Småhus"	"2013K1"	27614	23
"0235 Ullensaker (-2019)"	"Småhus"	"2013K2"	26652	25
"0235 Ullensaker (-2019)"	"Småhus"	"2013K3"	28552	24
"0235 Ullensaker (-2019)"	"Småhus"	"2013K4"	28022	19
"0235 Ullensaker (-2019)"	"Småhus"	"2014K1"	27951	30
"0235 Ullensaker (-2019)"	"Småhus"	"2014K2"	28189	29
"0235 Ullensaker (-2019)"	"Småhus"	"2014K3"	25639	14
"0235 Ullensaker (-2019)"	"Småhus"	"2014K4"	28364	18
"0235 Ullensaker (-2019)"	"Småhus"	"2015K1"	28525	20
"0235 Ullensaker (-2019)"	"Småhus"	"2015K2"	30904	19
"0235 Ullensaker (-2019)"	"Småhus"	"2015K3"	30892	20
"0235 Ullensaker (-2019)"	"Småhus"	"2015K4"	29950	17
"0235 Ullensaker (-2019)"	"Småhus"	"2016K1"	32554	25
"0235 Ullensaker (-2019)"	"Småhus"	"2016K2"	33124	27
"0235 Ullensaker (-2019)"	"Småhus"	"2016K3"	33764	20
"0235 Ullensaker (-2019)"	"Småhus"	"2016K4"	35150	10
"0235 Ullensaker (-2019)"	"Småhus"	"2017K1"	33703	19
"0235 Ullensaker (-2019)"	"Småhus"	"2017K2"	35031	24
"0235 Ullensaker (-2019)"	"Småhus"	"2017K3"	35970	13
"0235 Ullensaker (-2019)"	"Småhus"	"2017K4"	35382	19
"0235 Ullensaker (-2019)"	"Småhus"	"2018K1"	34752	26
"0235 Ullensaker (-2019)"	"Småhus"	"2018K2"	35582	31
"0235 Ullensaker (-2019)"	"Småhus"	"2018K3"	35861	25
"0235 Ullensaker (-2019)"	"Småhus"	"2018K4"	34225	17
"0235 Ullensaker (-2019)"	"Småhus"	"2019K1"	37298	36
"0235 Ullensaker (-2019)"	"Småhus"	"2019K2"	35349	39
"0235 Ullensaker (-2019)"	"Småhus"	"2019K3"	38577	29
"0235 Ullensaker (-2019)"	"Småhus"	"2019K4"	32551	18
"0235 Ullensaker (-2019)"	"Småhus"	"2020K1"	.	.
"0235 Ullensaker (-2019)"	"Småhus"	"2020K2"	.	.
"0235 Ullensaker (-2019)"	"Småhus"	"2020K3"	.	.
"0235 Ullensaker (-2019)"	"Småhus"	"2020K4"	.	.
"0235 Ullensaker (-2019)"	"Småhus"	"2021K1"	.	.
"0235 Ullensaker (-2019)"	"Småhus"	"2021K2"	.	.
"0235 Ullensaker (-2019)"	"Småhus"	"2021K3"	.	.
"0235 Ullensaker (-2019)"	"Småhus"	"2021K4"	.	.
"0235 Ullensaker (-2019)"	"Småhus"	"2022K1"	.	.
"0235 Ullensaker (-2019)"	"Småhus"	"2022K2"	.	.
"0235 Ullensaker (-2019)"	"Småhus"	"2022K3"	.	.
"0235 Ullensaker (-2019)"	"Småhus"	"2022K4"	.	.
"0235 Ullensaker (-2019)"	"Småhus"	"2023K1"	.	.
"0235 Ullensaker (-2019)"	"Småhus"	"2023K2"	.	.
"0235 Ullensaker (-2019)"	"Småhus"	"2023K3"	.	.
"0235 Ullensaker (-2019)"	"Blokkleiligheter"	"2006K1"	20779	41
"0235 Ullensaker (-2019)"	"Blokkleiligheter"	"2006K2"	22724	39
"0235 Ullensaker (-2019)"	"Blokkleiligheter"	"2006K3"	22763	34
"0235 Ullensaker (-2019)"	"Blokkleiligheter"	"2006K4"	23182	44
"0235 Ullensaker (-2019)"	"Blokkleiligheter"	"2007K1"	26061	56
"0235 Ullensaker (-2019)"	"Blokkleiligheter"	"2007K2"	27034	65
"0235 Ullensaker (-2019)"	"Blokkleiligheter"	"2007K3"	26390	47
"0235 Ullensaker (-2019)"	"Blokkleiligheter"	"2007K4"	25318	58
"0235 Ullensaker (-2019)"	"Blokkleiligheter"	"2008K1"	26604	53
"0235 Ullensaker (-2019)"	"Blokkleiligheter"	"2008K2"	25792	64
"0235 Ullensaker (-2019)"	"Blokkleiligheter"	"2008K3"	25095	46
"0235 Ullensaker (-2019)"	"Blokkleiligheter"	"2008K4"	23653	28
"0235 Ullensaker (-2019)"	"Blokkleiligheter"	"2009K1"	25390	52
"0235 Ullensaker (-2019)"	"Blokkleiligheter"	"2009K2"	26207	41
"0235 Ullensaker (-2019)"	"Blokkleiligheter"	"2009K3"	25397	51
"0235 Ullensaker (-2019)"	"Blokkleiligheter"	"2009K4"	26056	47
"0235 Ullensaker (-2019)"	"Blokkleiligheter"	"2010K1"	27567	60
"0235 Ullensaker (-2019)"	"Blokkleiligheter"	"2010K2"	26466	61
"0235 Ullensaker (-2019)"	"Blokkleiligheter"	"2010K3"	27385	70
"0235 Ullensaker (-2019)"	"Blokkleiligheter"	"2010K4"	27993	46
"0235 Ullensaker (-2019)"	"Blokkleiligheter"	"2011K1"	29967	58
"0235 Ullensaker (-2019)"	"Blokkleiligheter"	"2011K2"	30390	59
"0235 Ullensaker (-2019)"	"Blokkleiligheter"	"2011K3"	32974	43
"0235 Ullensaker (-2019)"	"Blokkleiligheter"	"2011K4"	33810	58
"0235 Ullensaker (-2019)"	"Blokkleiligheter"	"2012K1"	32298	62
"0235 Ullensaker (-2019)"	"Blokkleiligheter"	"2012K2"	34605	75
"0235 Ullensaker (-2019)"	"Blokkleiligheter"	"2012K3"	34530	49
"0235 Ullensaker (-2019)"	"Blokkleiligheter"	"2012K4"	36080	46
"0235 Ullensaker (-2019)"	"Blokkleiligheter"	"2013K1"	36501	71
"0235 Ullensaker (-2019)"	"Blokkleiligheter"	"2013K2"	35686	68
"0235 Ullensaker (-2019)"	"Blokkleiligheter"	"2013K3"	35884	55
"0235 Ullensaker (-2019)"	"Blokkleiligheter"	"2013K4"	33412	56
"0235 Ullensaker (-2019)"	"Blokkleiligheter"	"2014K1"	35087	61
"0235 Ullensaker (-2019)"	"Blokkleiligheter"	"2014K2"	35313	75
"0235 Ullensaker (-2019)"	"Blokkleiligheter"	"2014K3"	37683	51
"0235 Ullensaker (-2019)"	"Blokkleiligheter"	"2014K4"	36868	46
"0235 Ullensaker (-2019)"	"Blokkleiligheter"	"2015K1"	38267	68
"0235 Ullensaker (-2019)"	"Blokkleiligheter"	"2015K2"	38726	60
"0235 Ullensaker (-2019)"	"Blokkleiligheter"	"2015K3"	41335	66
"0235 Ullensaker (-2019)"	"Blokkleiligheter"	"2015K4"	39597	50
"0235 Ullensaker (-2019)"	"Blokkleiligheter"	"2016K1"	40952	64
"0235 Ullensaker (-2019)"	"Blokkleiligheter"	"2016K2"	44275	61
"0235 Ullensaker (-2019)"	"Blokkleiligheter"	"2016K3"	44293	53
"0235 Ullensaker (-2019)"	"Blokkleiligheter"	"2016K4"	45527	47
"0235 Ullensaker (-2019)"	"Blokkleiligheter"	"2017K1"	48981	88
"0235 Ullensaker (-2019)"	"Blokkleiligheter"	"2017K2"	47353	84
"0235 Ullensaker (-2019)"	"Blokkleiligheter"	"2017K3"	46290	73
"0235 Ullensaker (-2019)"	"Blokkleiligheter"	"2017K4"	46938	58
"0235 Ullensaker (-2019)"	"Blokkleiligheter"	"2018K1"	46281	52
"0235 Ullensaker (-2019)"	"Blokkleiligheter"	"2018K2"	46824	86
"0235 Ullensaker (-2019)"	"Blokkleiligheter"	"2018K3"	50255	68
"0235 Ullensaker (-2019)"	"Blokkleiligheter"	"2018K4"	46864	54
"0235 Ullensaker (-2019)"	"Blokkleiligheter"	"2019K1"	46180	76
"0235 Ullensaker (-2019)"	"Blokkleiligheter"	"2019K2"	49228	75
"0235 Ullensaker (-2019)"	"Blokkleiligheter"	"2019K3"	51653	107
"0235 Ullensaker (-2019)"	"Blokkleiligheter"	"2019K4"	48460	72
"0235 Ullensaker (-2019)"	"Blokkleiligheter"	"2020K1"	.	.
"0235 Ullensaker (-2019)"	"Blokkleiligheter"	"2020K2"	.	.
"0235 Ullensaker (-2019)"	"Blokkleiligheter"	"2020K3"	.	.
"0235 Ullensaker (-2019)"	"Blokkleiligheter"	"2020K4"	.	.
"0235 Ullensaker (-2019)"	"Blokkleiligheter"	"2021K1"	.	.
"0235 Ullensaker (-2019)"	"Blokkleiligheter"	"2021K2"	.	.
"0235 Ullensaker (-2019)"	"Blokkleiligheter"	"2021K3"	.	.
"0235 Ullensaker (-2019)"	"Blokkleiligheter"	"2021K4"	.	.
"0235 Ullensaker (-2019)"	"Blokkleiligheter"	"2022K1"	.	.
"0235 Ullensaker (-2019)"	"Blokkleiligheter"	"2022K2"	.	.
"0235 Ullensaker (-2019)"	"Blokkleiligheter"	"2022K3"	.	.
"0235 Ullensaker (-2019)"	"Blokkleiligheter"	"2022K4"	.	.
"0235 Ullensaker (-2019)"	"Blokkleiligheter"	"2023K1"	.	.
"0235 Ullensaker (-2019)"	"Blokkleiligheter"	"2023K2"	.	.
"0235 Ullensaker (-2019)"	"Blokkleiligheter"	"2023K3"	.	.
"0236 Nes (Akershus) (-2019)"	"Eneboliger"	"2006K1"	.	.
"0236 Nes (Akershus) (-2019)"	"Eneboliger"	"2006K2"	.	.
"0236 Nes (Akershus) (-2019)"	"Eneboliger"	"2006K3"	.	.
"0236 Nes (Akershus) (-2019)"	"Eneboliger"	"2006K4"	.	.
"0236 Nes (Akershus) (-2019)"	"Eneboliger"	"2007K1"	.	.
"0236 Nes (Akershus) (-2019)"	"Eneboliger"	"2007K2"	.	.
"0236 Nes (Akershus) (-2019)"	"Eneboliger"	"2007K3"	.	.
"0236 Nes (Akershus) (-2019)"	"Eneboliger"	"2007K4"	.	.
"0236 Nes (Akershus) (-2019)"	"Eneboliger"	"2008K1"	.	.
"0236 Nes (Akershus) (-2019)"	"Eneboliger"	"2008K2"	.	.
"0236 Nes (Akershus) (-2019)"	"Eneboliger"	"2008K3"	.	.
"0236 Nes (Akershus) (-2019)"	"Eneboliger"	"2008K4"	.	.
"0236 Nes (Akershus) (-2019)"	"Eneboliger"	"2009K1"	.	.
"0236 Nes (Akershus) (-2019)"	"Eneboliger"	"2009K2"	.	.
"0236 Nes (Akershus) (-2019)"	"Eneboliger"	"2009K3"	.	.
"0236 Nes (Akershus) (-2019)"	"Eneboliger"	"2009K4"	.	.
"0236 Nes (Akershus) (-2019)"	"Eneboliger"	"2010K1"	.	.
"0236 Nes (Akershus) (-2019)"	"Eneboliger"	"2010K2"	.	.
"0236 Nes (Akershus) (-2019)"	"Eneboliger"	"2010K3"	.	.
"0236 Nes (Akershus) (-2019)"	"Eneboliger"	"2010K4"	.	.
"0236 Nes (Akershus) (-2019)"	"Eneboliger"	"2011K1"	.	.
"0236 Nes (Akershus) (-2019)"	"Eneboliger"	"2011K2"	.	.
"0236 Nes (Akershus) (-2019)"	"Eneboliger"	"2011K3"	.	.
"0236 Nes (Akershus) (-2019)"	"Eneboliger"	"2011K4"	.	.
"0236 Nes (Akershus) (-2019)"	"Eneboliger"	"2012K1"	.	.
"0236 Nes (Akershus) (-2019)"	"Eneboliger"	"2012K2"	.	.
"0236 Nes (Akershus) (-2019)"	"Eneboliger"	"2012K3"	.	.
"0236 Nes (Akershus) (-2019)"	"Eneboliger"	"2012K4"	.	.
"0236 Nes (Akershus) (-2019)"	"Eneboliger"	"2013K1"	.	.
"0236 Nes (Akershus) (-2019)"	"Eneboliger"	"2013K2"	.	.
"0236 Nes (Akershus) (-2019)"	"Eneboliger"	"2013K3"	.	.
"0236 Nes (Akershus) (-2019)"	"Eneboliger"	"2013K4"	.	.
"0236 Nes (Akershus) (-2019)"	"Eneboliger"	"2014K1"	17248	30
"0236 Nes (Akershus) (-2019)"	"Eneboliger"	"2014K2"	18369	40
"0236 Nes (Akershus) (-2019)"	"Eneboliger"	"2014K3"	17699	43
"0236 Nes (Akershus) (-2019)"	"Eneboliger"	"2014K4"	17589	47
"0236 Nes (Akershus) (-2019)"	"Eneboliger"	"2015K1"	18132	46
"0236 Nes (Akershus) (-2019)"	"Eneboliger"	"2015K2"	19302	56
"0236 Nes (Akershus) (-2019)"	"Eneboliger"	"2015K3"	19959	46
"0236 Nes (Akershus) (-2019)"	"Eneboliger"	"2015K4"	18946	43
"0236 Nes (Akershus) (-2019)"	"Eneboliger"	"2016K1"	20354	36
"0236 Nes (Akershus) (-2019)"	"Eneboliger"	"2016K2"	21472	57
"0236 Nes (Akershus) (-2019)"	"Eneboliger"	"2016K3"	21441	66
"0236 Nes (Akershus) (-2019)"	"Eneboliger"	"2016K4"	21271	40
"0236 Nes (Akershus) (-2019)"	"Eneboliger"	"2017K1"	21907	37
"0236 Nes (Akershus) (-2019)"	"Eneboliger"	"2017K2"	22322	53
"0236 Nes (Akershus) (-2019)"	"Eneboliger"	"2017K3"	21508	53
"0236 Nes (Akershus) (-2019)"	"Eneboliger"	"2017K4"	22070	37
"0236 Nes (Akershus) (-2019)"	"Eneboliger"	"2018K1"	22929	31
"0236 Nes (Akershus) (-2019)"	"Eneboliger"	"2018K2"	23595	62
"0236 Nes (Akershus) (-2019)"	"Eneboliger"	"2018K3"	23528	51
"0236 Nes (Akershus) (-2019)"	"Eneboliger"	"2018K4"	22127	48
"0236 Nes (Akershus) (-2019)"	"Eneboliger"	"2019K1"	22897	42
"0236 Nes (Akershus) (-2019)"	"Eneboliger"	"2019K2"	23453	72
"0236 Nes (Akershus) (-2019)"	"Eneboliger"	"2019K3"	25266	65
"0236 Nes (Akershus) (-2019)"	"Eneboliger"	"2019K4"	24093	55
"0236 Nes (Akershus) (-2019)"	"Eneboliger"	"2020K1"	.	.
"0236 Nes (Akershus) (-2019)"	"Eneboliger"	"2020K2"	.	.
"0236 Nes (Akershus) (-2019)"	"Eneboliger"	"2020K3"	.	.
"0236 Nes (Akershus) (-2019)"	"Eneboliger"	"2020K4"	.	.
"0236 Nes (Akershus) (-2019)"	"Eneboliger"	"2021K1"	.	.
"0236 Nes (Akershus) (-2019)"	"Eneboliger"	"2021K2"	.	.
"0236 Nes (Akershus) (-2019)"	"Eneboliger"	"2021K3"	.	.
"0236 Nes (Akershus) (-2019)"	"Eneboliger"	"2021K4"	.	.
"0236 Nes (Akershus) (-2019)"	"Eneboliger"	"2022K1"	.	.
"0236 Nes (Akershus) (-2019)"	"Eneboliger"	"2022K2"	.	.
"0236 Nes (Akershus) (-2019)"	"Eneboliger"	"2022K3"	.	.
"0236 Nes (Akershus) (-2019)"	"Eneboliger"	"2022K4"	.	.
"0236 Nes (Akershus) (-2019)"	"Eneboliger"	"2023K1"	.	.
"0236 Nes (Akershus) (-2019)"	"Eneboliger"	"2023K2"	.	.
"0236 Nes (Akershus) (-2019)"	"Eneboliger"	"2023K3"	.	.
"0236 Nes (Akershus) (-2019)"	"Småhus"	"2006K1"	.	.
"0236 Nes (Akershus) (-2019)"	"Småhus"	"2006K2"	.	.
"0236 Nes (Akershus) (-2019)"	"Småhus"	"2006K3"	.	.
"0236 Nes (Akershus) (-2019)"	"Småhus"	"2006K4"	.	.
"0236 Nes (Akershus) (-2019)"	"Småhus"	"2007K1"	.	.
"0236 Nes (Akershus) (-2019)"	"Småhus"	"2007K2"	.	.
"0236 Nes (Akershus) (-2019)"	"Småhus"	"2007K3"	.	.
"0236 Nes (Akershus) (-2019)"	"Småhus"	"2007K4"	.	.
"0236 Nes (Akershus) (-2019)"	"Småhus"	"2008K1"	.	.
"0236 Nes (Akershus) (-2019)"	"Småhus"	"2008K2"	.	.
"0236 Nes (Akershus) (-2019)"	"Småhus"	"2008K3"	.	.
"0236 Nes (Akershus) (-2019)"	"Småhus"	"2008K4"	.	.
"0236 Nes (Akershus) (-2019)"	"Småhus"	"2009K1"	.	.
"0236 Nes (Akershus) (-2019)"	"Småhus"	"2009K2"	.	.
"0236 Nes (Akershus) (-2019)"	"Småhus"	"2009K3"	.	.
"0236 Nes (Akershus) (-2019)"	"Småhus"	"2009K4"	.	.
"0236 Nes (Akershus) (-2019)"	"Småhus"	"2010K1"	.	.
"0236 Nes (Akershus) (-2019)"	"Småhus"	"2010K2"	.	.
"0236 Nes (Akershus) (-2019)"	"Småhus"	"2010K3"	.	.
"0236 Nes (Akershus) (-2019)"	"Småhus"	"2010K4"	.	.
"0236 Nes (Akershus) (-2019)"	"Småhus"	"2011K1"	.	.
"0236 Nes (Akershus) (-2019)"	"Småhus"	"2011K2"	.	.
"0236 Nes (Akershus) (-2019)"	"Småhus"	"2011K3"	.	.
"0236 Nes (Akershus) (-2019)"	"Småhus"	"2011K4"	.	.
"0236 Nes (Akershus) (-2019)"	"Småhus"	"2012K1"	.	.
"0236 Nes (Akershus) (-2019)"	"Småhus"	"2012K2"	.	.
"0236 Nes (Akershus) (-2019)"	"Småhus"	"2012K3"	.	.
"0236 Nes (Akershus) (-2019)"	"Småhus"	"2012K4"	.	.
"0236 Nes (Akershus) (-2019)"	"Småhus"	"2013K1"	.	.
"0236 Nes (Akershus) (-2019)"	"Småhus"	"2013K2"	.	.
"0236 Nes (Akershus) (-2019)"	"Småhus"	"2013K3"	.	.
"0236 Nes (Akershus) (-2019)"	"Småhus"	"2013K4"	.	.
"0236 Nes (Akershus) (-2019)"	"Småhus"	"2014K1"	19093	14
"0236 Nes (Akershus) (-2019)"	"Småhus"	"2014K2"	21536	12
"0236 Nes (Akershus) (-2019)"	"Småhus"	"2014K3"	..	5
"0236 Nes (Akershus) (-2019)"	"Småhus"	"2014K4"	..	8
"0236 Nes (Akershus) (-2019)"	"Småhus"	"2015K1"	18809	11
"0236 Nes (Akershus) (-2019)"	"Småhus"	"2015K2"	20411	13
"0236 Nes (Akershus) (-2019)"	"Småhus"	"2015K3"	..	7
"0236 Nes (Akershus) (-2019)"	"Småhus"	"2015K4"	..	4
"0236 Nes (Akershus) (-2019)"	"Småhus"	"2016K1"	..	6
"0236 Nes (Akershus) (-2019)"	"Småhus"	"2016K2"	26373	11
"0236 Nes (Akershus) (-2019)"	"Småhus"	"2016K3"	22595	11
"0236 Nes (Akershus) (-2019)"	"Småhus"	"2016K4"	..	6
"0236 Nes (Akershus) (-2019)"	"Småhus"	"2017K1"	..	6
"0236 Nes (Akershus) (-2019)"	"Småhus"	"2017K2"	..	4
"0236 Nes (Akershus) (-2019)"	"Småhus"	"2017K3"	..	6
"0236 Nes (Akershus) (-2019)"	"Småhus"	"2017K4"	..	8
"0236 Nes (Akershus) (-2019)"	"Småhus"	"2018K1"	..	8
"0236 Nes (Akershus) (-2019)"	"Småhus"	"2018K2"	..	5
"0236 Nes (Akershus) (-2019)"	"Småhus"	"2018K3"	26798	10
"0236 Nes (Akershus) (-2019)"	"Småhus"	"2018K4"	..	5
"0236 Nes (Akershus) (-2019)"	"Småhus"	"2019K1"	28210	15
"0236 Nes (Akershus) (-2019)"	"Småhus"	"2019K2"	..	7
"0236 Nes (Akershus) (-2019)"	"Småhus"	"2019K3"	..	8
"0236 Nes (Akershus) (-2019)"	"Småhus"	"2019K4"	..	2
"0236 Nes (Akershus) (-2019)"	"Småhus"	"2020K1"	.	.
"0236 Nes (Akershus) (-2019)"	"Småhus"	"2020K2"	.	.
"0236 Nes (Akershus) (-2019)"	"Småhus"	"2020K3"	.	.
"0236 Nes (Akershus) (-2019)"	"Småhus"	"2020K4"	.	.
"0236 Nes (Akershus) (-2019)"	"Småhus"	"2021K1"	.	.
"0236 Nes (Akershus) (-2019)"	"Småhus"	"2021K2"	.	.
"0236 Nes (Akershus) (-2019)"	"Småhus"	"2021K3"	.	.
"0236 Nes (Akershus) (-2019)"	"Småhus"	"2021K4"	.	.
"0236 Nes (Akershus) (-2019)"	"Småhus"	"2022K1"	.	.
"0236 Nes (Akershus) (-2019)"	"Småhus"	"2022K2"	.	.
"0236 Nes (Akershus) (-2019)"	"Småhus"	"2022K3"	.	.
"0236 Nes (Akershus) (-2019)"	"Småhus"	"2022K4"	.	.
"0236 Nes (Akershus) (-2019)"	"Småhus"	"2023K1"	.	.
"0236 Nes (Akershus) (-2019)"	"Småhus"	"2023K2"	.	.
"0236 Nes (Akershus) (-2019)"	"Småhus"	"2023K3"	.	.
"0236 Nes (Akershus) (-2019)"	"Blokkleiligheter"	"2006K1"	.	.
"0236 Nes (Akershus) (-2019)"	"Blokkleiligheter"	"2006K2"	.	.
"0236 Nes (Akershus) (-2019)"	"Blokkleiligheter"	"2006K3"	.	.
"0236 Nes (Akershus) (-2019)"	"Blokkleiligheter"	"2006K4"	.	.
"0236 Nes (Akershus) (-2019)"	"Blokkleiligheter"	"2007K1"	.	.
"0236 Nes (Akershus) (-2019)"	"Blokkleiligheter"	"2007K2"	.	.
"0236 Nes (Akershus) (-2019)"	"Blokkleiligheter"	"2007K3"	.	.
"0236 Nes (Akershus) (-2019)"	"Blokkleiligheter"	"2007K4"	.	.
"0236 Nes (Akershus) (-2019)"	"Blokkleiligheter"	"2008K1"	.	.
"0236 Nes (Akershus) (-2019)"	"Blokkleiligheter"	"2008K2"	.	.
"0236 Nes (Akershus) (-2019)"	"Blokkleiligheter"	"2008K3"	.	.
"0236 Nes (Akershus) (-2019)"	"Blokkleiligheter"	"2008K4"	.	.
"0236 Nes (Akershus) (-2019)"	"Blokkleiligheter"	"2009K1"	.	.
"0236 Nes (Akershus) (-2019)"	"Blokkleiligheter"	"2009K2"	.	.
"0236 Nes (Akershus) (-2019)"	"Blokkleiligheter"	"2009K3"	.	.
"0236 Nes (Akershus) (-2019)"	"Blokkleiligheter"	"2009K4"	.	.
"0236 Nes (Akershus) (-2019)"	"Blokkleiligheter"	"2010K1"	.	.
"0236 Nes (Akershus) (-2019)"	"Blokkleiligheter"	"2010K2"	.	.
"0236 Nes (Akershus) (-2019)"	"Blokkleiligheter"	"2010K3"	.	.
"0236 Nes (Akershus) (-2019)"	"Blokkleiligheter"	"2010K4"	.	.
"0236 Nes (Akershus) (-2019)"	"Blokkleiligheter"	"2011K1"	.	.
"0236 Nes (Akershus) (-2019)"	"Blokkleiligheter"	"2011K2"	.	.
"0236 Nes (Akershus) (-2019)"	"Blokkleiligheter"	"2011K3"	.	.
"0236 Nes (Akershus) (-2019)"	"Blokkleiligheter"	"2011K4"	.	.
"0236 Nes (Akershus) (-2019)"	"Blokkleiligheter"	"2012K1"	.	.
"0236 Nes (Akershus) (-2019)"	"Blokkleiligheter"	"2012K2"	.	.
"0236 Nes (Akershus) (-2019)"	"Blokkleiligheter"	"2012K3"	.	.
"0236 Nes (Akershus) (-2019)"	"Blokkleiligheter"	"2012K4"	.	.
"0236 Nes (Akershus) (-2019)"	"Blokkleiligheter"	"2013K1"	.	.
"0236 Nes (Akershus) (-2019)"	"Blokkleiligheter"	"2013K2"	.	.
"0236 Nes (Akershus) (-2019)"	"Blokkleiligheter"	"2013K3"	.	.
"0236 Nes (Akershus) (-2019)"	"Blokkleiligheter"	"2013K4"	.	.
"0236 Nes (Akershus) (-2019)"	"Blokkleiligheter"	"2014K1"	27666	13
"0236 Nes (Akershus) (-2019)"	"Blokkleiligheter"	"2014K2"	28205	14
"0236 Nes (Akershus) (-2019)"	"Blokkleiligheter"	"2014K3"	31435	11
"0236 Nes (Akershus) (-2019)"	"Blokkleiligheter"	"2014K4"	..	9
"0236 Nes (Akershus) (-2019)"	"Blokkleiligheter"	"2015K1"	31861	15
"0236 Nes (Akershus) (-2019)"	"Blokkleiligheter"	"2015K2"	32785	19
"0236 Nes (Akershus) (-2019)"	"Blokkleiligheter"	"2015K3"	31842	14
"0236 Nes (Akershus) (-2019)"	"Blokkleiligheter"	"2015K4"	29067	12
"0236 Nes (Akershus) (-2019)"	"Blokkleiligheter"	"2016K1"	33606	16
"0236 Nes (Akershus) (-2019)"	"Blokkleiligheter"	"2016K2"	34105	11
"0236 Nes (Akershus) (-2019)"	"Blokkleiligheter"	"2016K3"	36755	18
"0236 Nes (Akershus) (-2019)"	"Blokkleiligheter"	"2016K4"	..	8
"0236 Nes (Akershus) (-2019)"	"Blokkleiligheter"	"2017K1"	38749	14
"0236 Nes (Akershus) (-2019)"	"Blokkleiligheter"	"2017K2"	40046	15
"0236 Nes (Akershus) (-2019)"	"Blokkleiligheter"	"2017K3"	41220	10
"0236 Nes (Akershus) (-2019)"	"Blokkleiligheter"	"2017K4"	41643	11
"0236 Nes (Akershus) (-2019)"	"Blokkleiligheter"	"2018K1"	41697	15
"0236 Nes (Akershus) (-2019)"	"Blokkleiligheter"	"2018K2"	36692	14
"0236 Nes (Akershus) (-2019)"	"Blokkleiligheter"	"2018K3"	41281	15
"0236 Nes (Akershus) (-2019)"	"Blokkleiligheter"	"2018K4"	40254	16
"0236 Nes (Akershus) (-2019)"	"Blokkleiligheter"	"2019K1"	38931	19
"0236 Nes (Akershus) (-2019)"	"Blokkleiligheter"	"2019K2"	42812	19
"0236 Nes (Akershus) (-2019)"	"Blokkleiligheter"	"2019K3"	40094	19
"0236 Nes (Akershus) (-2019)"	"Blokkleiligheter"	"2019K4"	40717	21
"0236 Nes (Akershus) (-2019)"	"Blokkleiligheter"	"2020K1"	.	.
"0236 Nes (Akershus) (-2019)"	"Blokkleiligheter"	"2020K2"	.	.
"0236 Nes (Akershus) (-2019)"	"Blokkleiligheter"	"2020K3"	.	.
"0236 Nes (Akershus) (-2019)"	"Blokkleiligheter"	"2020K4"	.	.
"0236 Nes (Akershus) (-2019)"	"Blokkleiligheter"	"2021K1"	.	.
"0236 Nes (Akershus) (-2019)"	"Blokkleiligheter"	"2021K2"	.	.
"0236 Nes (Akershus) (-2019)"	"Blokkleiligheter"	"2021K3"	.	.
"0236 Nes (Akershus) (-2019)"	"Blokkleiligheter"	"2021K4"	.	.
"0236 Nes (Akershus) (-2019)"	"Blokkleiligheter"	"2022K1"	.	.
"0236 Nes (Akershus) (-2019)"	"Blokkleiligheter"	"2022K2"	.	.
"0236 Nes (Akershus) (-2019)"	"Blokkleiligheter"	"2022K3"	.	.
"0236 Nes (Akershus) (-2019)"	"Blokkleiligheter"	"2022K4"	.	.
"0236 Nes (Akershus) (-2019)"	"Blokkleiligheter"	"2023K1"	.	.
"0236 Nes (Akershus) (-2019)"	"Blokkleiligheter"	"2023K2"	.	.
"0236 Nes (Akershus) (-2019)"	"Blokkleiligheter"	"2023K3"	.	.
"0237 Eidsvoll (-2019)"	"Eneboliger"	"2006K1"	.	.
"0237 Eidsvoll (-2019)"	"Eneboliger"	"2006K2"	.	.
"0237 Eidsvoll (-2019)"	"Eneboliger"	"2006K3"	.	.
"0237 Eidsvoll (-2019)"	"Eneboliger"	"2006K4"	.	.
"0237 Eidsvoll (-2019)"	"Eneboliger"	"2007K1"	.	.
"0237 Eidsvoll (-2019)"	"Eneboliger"	"2007K2"	.	.
"0237 Eidsvoll (-2019)"	"Eneboliger"	"2007K3"	.	.
"0237 Eidsvoll (-2019)"	"Eneboliger"	"2007K4"	.	.
"0237 Eidsvoll (-2019)"	"Eneboliger"	"2008K1"	.	.
"0237 Eidsvoll (-2019)"	"Eneboliger"	"2008K2"	.	.
"0237 Eidsvoll (-2019)"	"Eneboliger"	"2008K3"	.	.
"0237 Eidsvoll (-2019)"	"Eneboliger"	"2008K4"	.	.
"0237 Eidsvoll (-2019)"	"Eneboliger"	"2009K1"	13670	38
"0237 Eidsvoll (-2019)"	"Eneboliger"	"2009K2"	13907	45
"0237 Eidsvoll (-2019)"	"Eneboliger"	"2009K3"	12534	53
"0237 Eidsvoll (-2019)"	"Eneboliger"	"2009K4"	13580	49
"0237 Eidsvoll (-2019)"	"Eneboliger"	"2010K1"	14184	46
"0237 Eidsvoll (-2019)"	"Eneboliger"	"2010K2"	14625	66
"0237 Eidsvoll (-2019)"	"Eneboliger"	"2010K3"	13898	63
"0237 Eidsvoll (-2019)"	"Eneboliger"	"2010K4"	13260	48
"0237 Eidsvoll (-2019)"	"Eneboliger"	"2011K1"	14391	51
"0237 Eidsvoll (-2019)"	"Eneboliger"	"2011K2"	15212	54
"0237 Eidsvoll (-2019)"	"Eneboliger"	"2011K3"	15412	40
"0237 Eidsvoll (-2019)"	"Eneboliger"	"2011K4"	15436	50
"0237 Eidsvoll (-2019)"	"Eneboliger"	"2012K1"	15751	36
"0237 Eidsvoll (-2019)"	"Eneboliger"	"2012K2"	16444	55
"0237 Eidsvoll (-2019)"	"Eneboliger"	"2012K3"	15524	55
"0237 Eidsvoll (-2019)"	"Eneboliger"	"2012K4"	17696	29
"0237 Eidsvoll (-2019)"	"Eneboliger"	"2013K1"	17039	28
"0237 Eidsvoll (-2019)"	"Eneboliger"	"2013K2"	16765	49
"0237 Eidsvoll (-2019)"	"Eneboliger"	"2013K3"	16725	72
"0237 Eidsvoll (-2019)"	"Eneboliger"	"2013K4"	17199	36
"0237 Eidsvoll (-2019)"	"Eneboliger"	"2014K1"	17362	36
"0237 Eidsvoll (-2019)"	"Eneboliger"	"2014K2"	16880	55
"0237 Eidsvoll (-2019)"	"Eneboliger"	"2014K3"	18195	53
"0237 Eidsvoll (-2019)"	"Eneboliger"	"2014K4"	19083	51
"0237 Eidsvoll (-2019)"	"Eneboliger"	"2015K1"	19196	36
"0237 Eidsvoll (-2019)"	"Eneboliger"	"2015K2"	17774	55
"0237 Eidsvoll (-2019)"	"Eneboliger"	"2015K3"	19730	46
"0237 Eidsvoll (-2019)"	"Eneboliger"	"2015K4"	18655	28
"0237 Eidsvoll (-2019)"	"Eneboliger"	"2016K1"	19519	43
"0237 Eidsvoll (-2019)"	"Eneboliger"	"2016K2"	21285	62
"0237 Eidsvoll (-2019)"	"Eneboliger"	"2016K3"	22085	52
"0237 Eidsvoll (-2019)"	"Eneboliger"	"2016K4"	21574	44
"0237 Eidsvoll (-2019)"	"Eneboliger"	"2017K1"	24179	36
"0237 Eidsvoll (-2019)"	"Eneboliger"	"2017K2"	24343	67
"0237 Eidsvoll (-2019)"	"Eneboliger"	"2017K3"	24413	39
"0237 Eidsvoll (-2019)"	"Eneboliger"	"2017K4"	21662	43
"0237 Eidsvoll (-2019)"	"Eneboliger"	"2018K1"	20292	25
"0237 Eidsvoll (-2019)"	"Eneboliger"	"2018K2"	24725	82
"0237 Eidsvoll (-2019)"	"Eneboliger"	"2018K3"	23926	52
"0237 Eidsvoll (-2019)"	"Eneboliger"	"2018K4"	24223	52
"0237 Eidsvoll (-2019)"	"Eneboliger"	"2019K1"	23288	47
"0237 Eidsvoll (-2019)"	"Eneboliger"	"2019K2"	24791	65
"0237 Eidsvoll (-2019)"	"Eneboliger"	"2019K3"	25204	53
"0237 Eidsvoll (-2019)"	"Eneboliger"	"2019K4"	23906	41
"0237 Eidsvoll (-2019)"	"Eneboliger"	"2020K1"	.	.
"0237 Eidsvoll (-2019)"	"Eneboliger"	"2020K2"	.	.
"0237 Eidsvoll (-2019)"	"Eneboliger"	"2020K3"	.	.
"0237 Eidsvoll (-2019)"	"Eneboliger"	"2020K4"	.	.
"0237 Eidsvoll (-2019)"	"Eneboliger"	"2021K1"	.	.
"0237 Eidsvoll (-2019)"	"Eneboliger"	"2021K2"	.	.
"0237 Eidsvoll (-2019)"	"Eneboliger"	"2021K3"	.	.
"0237 Eidsvoll (-2019)"	"Eneboliger"	"2021K4"	.	.
"0237 Eidsvoll (-2019)"	"Eneboliger"	"2022K1"	.	.
"0237 Eidsvoll (-2019)"	"Eneboliger"	"2022K2"	.	.
"0237 Eidsvoll (-2019)"	"Eneboliger"	"2022K3"	.	.
"0237 Eidsvoll (-2019)"	"Eneboliger"	"2022K4"	.	.
"0237 Eidsvoll (-2019)"	"Eneboliger"	"2023K1"	.	.
"0237 Eidsvoll (-2019)"	"Eneboliger"	"2023K2"	.	.
"0237 Eidsvoll (-2019)"	"Eneboliger"	"2023K3"	.	.
"0237 Eidsvoll (-2019)"	"Småhus"	"2006K1"	.	.
"0237 Eidsvoll (-2019)"	"Småhus"	"2006K2"	.	.
"0237 Eidsvoll (-2019)"	"Småhus"	"2006K3"	.	.
"0237 Eidsvoll (-2019)"	"Småhus"	"2006K4"	.	.
"0237 Eidsvoll (-2019)"	"Småhus"	"2007K1"	.	.
"0237 Eidsvoll (-2019)"	"Småhus"	"2007K2"	.	.
"0237 Eidsvoll (-2019)"	"Småhus"	"2007K3"	.	.
"0237 Eidsvoll (-2019)"	"Småhus"	"2007K4"	.	.
"0237 Eidsvoll (-2019)"	"Småhus"	"2008K1"	.	.
"0237 Eidsvoll (-2019)"	"Småhus"	"2008K2"	.	.
"0237 Eidsvoll (-2019)"	"Småhus"	"2008K3"	.	.
"0237 Eidsvoll (-2019)"	"Småhus"	"2008K4"	.	.
"0237 Eidsvoll (-2019)"	"Småhus"	"2009K1"	17498	11
"0237 Eidsvoll (-2019)"	"Småhus"	"2009K2"	..	7
"0237 Eidsvoll (-2019)"	"Småhus"	"2009K3"	..	7
"0237 Eidsvoll (-2019)"	"Småhus"	"2009K4"	18005	10
"0237 Eidsvoll (-2019)"	"Småhus"	"2010K1"	15831	14
"0237 Eidsvoll (-2019)"	"Småhus"	"2010K2"	17263	13
"0237 Eidsvoll (-2019)"	"Småhus"	"2010K3"	17245	12
"0237 Eidsvoll (-2019)"	"Småhus"	"2010K4"	17628	13
"0237 Eidsvoll (-2019)"	"Småhus"	"2011K1"	17457	14
"0237 Eidsvoll (-2019)"	"Småhus"	"2011K2"	18072	13
"0237 Eidsvoll (-2019)"	"Småhus"	"2011K3"	16942	13
"0237 Eidsvoll (-2019)"	"Småhus"	"2011K4"	18605	11
"0237 Eidsvoll (-2019)"	"Småhus"	"2012K1"	20054	14
"0237 Eidsvoll (-2019)"	"Småhus"	"2012K2"	21082	18
"0237 Eidsvoll (-2019)"	"Småhus"	"2012K3"	..	5
"0237 Eidsvoll (-2019)"	"Småhus"	"2012K4"	18400	15
"0237 Eidsvoll (-2019)"	"Småhus"	"2013K1"	20485	14
"0237 Eidsvoll (-2019)"	"Småhus"	"2013K2"	21175	22
"0237 Eidsvoll (-2019)"	"Småhus"	"2013K3"	23028	11
"0237 Eidsvoll (-2019)"	"Småhus"	"2013K4"	22678	13
"0237 Eidsvoll (-2019)"	"Småhus"	"2014K1"	20609	10
"0237 Eidsvoll (-2019)"	"Småhus"	"2014K2"	20866	15
"0237 Eidsvoll (-2019)"	"Småhus"	"2014K3"	23327	11
"0237 Eidsvoll (-2019)"	"Småhus"	"2014K4"	22151	13
"0237 Eidsvoll (-2019)"	"Småhus"	"2015K1"	24470	12
"0237 Eidsvoll (-2019)"	"Småhus"	"2015K2"	..	9
"0237 Eidsvoll (-2019)"	"Småhus"	"2015K3"	22723	16
"0237 Eidsvoll (-2019)"	"Småhus"	"2015K4"	24575	10
"0237 Eidsvoll (-2019)"	"Småhus"	"2016K1"	26341	12
"0237 Eidsvoll (-2019)"	"Småhus"	"2016K2"	25653	19
"0237 Eidsvoll (-2019)"	"Småhus"	"2016K3"	30099	13
"0237 Eidsvoll (-2019)"	"Småhus"	"2016K4"	28333	15
"0237 Eidsvoll (-2019)"	"Småhus"	"2017K1"	31998	13
"0237 Eidsvoll (-2019)"	"Småhus"	"2017K2"	29225	17
"0237 Eidsvoll (-2019)"	"Småhus"	"2017K3"	29177	19
"0237 Eidsvoll (-2019)"	"Småhus"	"2017K4"	28950	10
"0237 Eidsvoll (-2019)"	"Småhus"	"2018K1"	32437	12
"0237 Eidsvoll (-2019)"	"Småhus"	"2018K2"	30259	14
"0237 Eidsvoll (-2019)"	"Småhus"	"2018K3"	29774	15
"0237 Eidsvoll (-2019)"	"Småhus"	"2018K4"	30702	14
"0237 Eidsvoll (-2019)"	"Småhus"	"2019K1"	31380	18
"0237 Eidsvoll (-2019)"	"Småhus"	"2019K2"	30537	25
"0237 Eidsvoll (-2019)"	"Småhus"	"2019K3"	30770	19
"0237 Eidsvoll (-2019)"	"Småhus"	"2019K4"	30154	14
"0237 Eidsvoll (-2019)"	"Småhus"	"2020K1"	.	.
"0237 Eidsvoll (-2019)"	"Småhus"	"2020K2"	.	.
"0237 Eidsvoll (-2019)"	"Småhus"	"2020K3"	.	.
"0237 Eidsvoll (-2019)"	"Småhus"	"2020K4"	.	.
"0237 Eidsvoll (-2019)"	"Småhus"	"2021K1"	.	.
"0237 Eidsvoll (-2019)"	"Småhus"	"2021K2"	.	.
"0237 Eidsvoll (-2019)"	"Småhus"	"2021K3"	.	.
"0237 Eidsvoll (-2019)"	"Småhus"	"2021K4"	.	.
"0237 Eidsvoll (-2019)"	"Småhus"	"2022K1"	.	.
"0237 Eidsvoll (-2019)"	"Småhus"	"2022K2"	.	.
"0237 Eidsvoll (-2019)"	"Småhus"	"2022K3"	.	.
"0237 Eidsvoll (-2019)"	"Småhus"	"2022K4"	.	.
"0237 Eidsvoll (-2019)"	"Småhus"	"2023K1"	.	.
"0237 Eidsvoll (-2019)"	"Småhus"	"2023K2"	.	.
"0237 Eidsvoll (-2019)"	"Småhus"	"2023K3"	.	.
"0237 Eidsvoll (-2019)"	"Blokkleiligheter"	"2006K1"	.	.
"0237 Eidsvoll (-2019)"	"Blokkleiligheter"	"2006K2"	.	.
"0237 Eidsvoll (-2019)"	"Blokkleiligheter"	"2006K3"	.	.
"0237 Eidsvoll (-2019)"	"Blokkleiligheter"	"2006K4"	.	.
"0237 Eidsvoll (-2019)"	"Blokkleiligheter"	"2007K1"	.	.
"0237 Eidsvoll (-2019)"	"Blokkleiligheter"	"2007K2"	.	.
"0237 Eidsvoll (-2019)"	"Blokkleiligheter"	"2007K3"	.	.
"0237 Eidsvoll (-2019)"	"Blokkleiligheter"	"2007K4"	.	.
"0237 Eidsvoll (-2019)"	"Blokkleiligheter"	"2008K1"	.	.
"0237 Eidsvoll (-2019)"	"Blokkleiligheter"	"2008K2"	.	.
"0237 Eidsvoll (-2019)"	"Blokkleiligheter"	"2008K3"	.	.
"0237 Eidsvoll (-2019)"	"Blokkleiligheter"	"2008K4"	.	.
"0237 Eidsvoll (-2019)"	"Blokkleiligheter"	"2009K1"	..	5
"0237 Eidsvoll (-2019)"	"Blokkleiligheter"	"2009K2"	..	5
"0237 Eidsvoll (-2019)"	"Blokkleiligheter"	"2009K3"	21950	14
"0237 Eidsvoll (-2019)"	"Blokkleiligheter"	"2009K4"	..	8
"0237 Eidsvoll (-2019)"	"Blokkleiligheter"	"2010K1"	..	7
"0237 Eidsvoll (-2019)"	"Blokkleiligheter"	"2010K2"	21785	13
"0237 Eidsvoll (-2019)"	"Blokkleiligheter"	"2010K3"	22701	14
"0237 Eidsvoll (-2019)"	"Blokkleiligheter"	"2010K4"	24352	10
"0237 Eidsvoll (-2019)"	"Blokkleiligheter"	"2011K1"	24856	13
"0237 Eidsvoll (-2019)"	"Blokkleiligheter"	"2011K2"	24643	12
"0237 Eidsvoll (-2019)"	"Blokkleiligheter"	"2011K3"	24002	9
"0237 Eidsvoll (-2019)"	"Blokkleiligheter"	"2011K4"	..	9
"0237 Eidsvoll (-2019)"	"Blokkleiligheter"	"2012K1"	23667	22
"0237 Eidsvoll (-2019)"	"Blokkleiligheter"	"2012K2"	..	9
"0237 Eidsvoll (-2019)"	"Blokkleiligheter"	"2012K3"	..	7
"0237 Eidsvoll (-2019)"	"Blokkleiligheter"	"2012K4"	25105	12
"0237 Eidsvoll (-2019)"	"Blokkleiligheter"	"2013K1"	26642	11
"0237 Eidsvoll (-2019)"	"Blokkleiligheter"	"2013K2"	25746	16
"0237 Eidsvoll (-2019)"	"Blokkleiligheter"	"2013K3"	26902	15
"0237 Eidsvoll (-2019)"	"Blokkleiligheter"	"2013K4"	25115	18
"0237 Eidsvoll (-2019)"	"Blokkleiligheter"	"2014K1"	30013	11
"0237 Eidsvoll (-2019)"	"Blokkleiligheter"	"2014K2"	29103	18
"0237 Eidsvoll (-2019)"	"Blokkleiligheter"	"2014K3"	29911	14
"0237 Eidsvoll (-2019)"	"Blokkleiligheter"	"2014K4"	30124	16
"0237 Eidsvoll (-2019)"	"Blokkleiligheter"	"2015K1"	28968	23
"0237 Eidsvoll (-2019)"	"Blokkleiligheter"	"2015K2"	32106	24
"0237 Eidsvoll (-2019)"	"Blokkleiligheter"	"2015K3"	32639	26
"0237 Eidsvoll (-2019)"	"Blokkleiligheter"	"2015K4"	32350	13
"0237 Eidsvoll (-2019)"	"Blokkleiligheter"	"2016K1"	34266	22
"0237 Eidsvoll (-2019)"	"Blokkleiligheter"	"2016K2"	32663	27
"0237 Eidsvoll (-2019)"	"Blokkleiligheter"	"2016K3"	40483	19
"0237 Eidsvoll (-2019)"	"Blokkleiligheter"	"2016K4"	35441	21
"0237 Eidsvoll (-2019)"	"Blokkleiligheter"	"2017K1"	40518	28
"0237 Eidsvoll (-2019)"	"Blokkleiligheter"	"2017K2"	38204	26
"0237 Eidsvoll (-2019)"	"Blokkleiligheter"	"2017K3"	38876	21
"0237 Eidsvoll (-2019)"	"Blokkleiligheter"	"2017K4"	36281	20
"0237 Eidsvoll (-2019)"	"Blokkleiligheter"	"2018K1"	36384	23
"0237 Eidsvoll (-2019)"	"Blokkleiligheter"	"2018K2"	40470	32
"0237 Eidsvoll (-2019)"	"Blokkleiligheter"	"2018K3"	37356	33
"0237 Eidsvoll (-2019)"	"Blokkleiligheter"	"2018K4"	41320	27
"0237 Eidsvoll (-2019)"	"Blokkleiligheter"	"2019K1"	40978	27
"0237 Eidsvoll (-2019)"	"Blokkleiligheter"	"2019K2"	39864	30
"0237 Eidsvoll (-2019)"	"Blokkleiligheter"	"2019K3"	41519	23
"0237 Eidsvoll (-2019)"	"Blokkleiligheter"	"2019K4"	39600	22
"0237 Eidsvoll (-2019)"	"Blokkleiligheter"	"2020K1"	.	.
"0237 Eidsvoll (-2019)"	"Blokkleiligheter"	"2020K2"	.	.
"0237 Eidsvoll (-2019)"	"Blokkleiligheter"	"2020K3"	.	.
"0237 Eidsvoll (-2019)"	"Blokkleiligheter"	"2020K4"	.	.
"0237 Eidsvoll (-2019)"	"Blokkleiligheter"	"2021K1"	.	.
"0237 Eidsvoll (-2019)"	"Blokkleiligheter"	"2021K2"	.	.
"0237 Eidsvoll (-2019)"	"Blokkleiligheter"	"2021K3"	.	.
"0237 Eidsvoll (-2019)"	"Blokkleiligheter"	"2021K4"	.	.
"0237 Eidsvoll (-2019)"	"Blokkleiligheter"	"2022K1"	.	.
"0237 Eidsvoll (-2019)"	"Blokkleiligheter"	"2022K2"	.	.
"0237 Eidsvoll (-2019)"	"Blokkleiligheter"	"2022K3"	.	.
"0237 Eidsvoll (-2019)"	"Blokkleiligheter"	"2022K4"	.	.
"0237 Eidsvoll (-2019)"	"Blokkleiligheter"	"2023K1"	.	.
"0237 Eidsvoll (-2019)"	"Blokkleiligheter"	"2023K2"	.	.
"0237 Eidsvoll (-2019)"	"Blokkleiligheter"	"2023K3"	.	.
"0602 Drammen (-2019)"	"Eneboliger"	"2006K1"	14054	50
"0602 Drammen (-2019)"	"Eneboliger"	"2006K2"	15233	82
"0602 Drammen (-2019)"	"Eneboliger"	"2006K3"	14941	67
"0602 Drammen (-2019)"	"Eneboliger"	"2006K4"	16010	58
"0602 Drammen (-2019)"	"Eneboliger"	"2007K1"	17433	54
"0602 Drammen (-2019)"	"Eneboliger"	"2007K2"	16994	77
"0602 Drammen (-2019)"	"Eneboliger"	"2007K3"	17715	71
"0602 Drammen (-2019)"	"Eneboliger"	"2007K4"	17507	62
"0602 Drammen (-2019)"	"Eneboliger"	"2008K1"	17486	59
"0602 Drammen (-2019)"	"Eneboliger"	"2008K2"	17104	94
"0602 Drammen (-2019)"	"Eneboliger"	"2008K3"	17848	48
"0602 Drammen (-2019)"	"Eneboliger"	"2008K4"	15380	28
"0602 Drammen (-2019)"	"Eneboliger"	"2009K1"	16889	57
"0602 Drammen (-2019)"	"Eneboliger"	"2009K2"	17431	92
"0602 Drammen (-2019)"	"Eneboliger"	"2009K3"	17648	83
"0602 Drammen (-2019)"	"Eneboliger"	"2009K4"	16752	64
"0602 Drammen (-2019)"	"Eneboliger"	"2010K1"	18636	53
"0602 Drammen (-2019)"	"Eneboliger"	"2010K2"	18242	103
"0602 Drammen (-2019)"	"Eneboliger"	"2010K3"	18937	72
"0602 Drammen (-2019)"	"Eneboliger"	"2010K4"	19220	74
"0602 Drammen (-2019)"	"Eneboliger"	"2011K1"	20961	50
"0602 Drammen (-2019)"	"Eneboliger"	"2011K2"	20483	97
"0602 Drammen (-2019)"	"Eneboliger"	"2011K3"	21107	75
"0602 Drammen (-2019)"	"Eneboliger"	"2011K4"	21451	72
"0602 Drammen (-2019)"	"Eneboliger"	"2012K1"	22295	74
"0602 Drammen (-2019)"	"Eneboliger"	"2012K2"	22603	107
"0602 Drammen (-2019)"	"Eneboliger"	"2012K3"	22404	71
"0602 Drammen (-2019)"	"Eneboliger"	"2012K4"	22513	61
"0602 Drammen (-2019)"	"Eneboliger"	"2013K1"	23799	56
"0602 Drammen (-2019)"	"Eneboliger"	"2013K2"	22714	114
"0602 Drammen (-2019)"	"Eneboliger"	"2013K3"	24409	90
"0602 Drammen (-2019)"	"Eneboliger"	"2013K4"	24088	61
"0602 Drammen (-2019)"	"Eneboliger"	"2014K1"	21930	50
"0602 Drammen (-2019)"	"Eneboliger"	"2014K2"	24272	91
"0602 Drammen (-2019)"	"Eneboliger"	"2014K3"	25365	89
"0602 Drammen (-2019)"	"Eneboliger"	"2014K4"	25369	74
"0602 Drammen (-2019)"	"Eneboliger"	"2015K1"	25766	56
"0602 Drammen (-2019)"	"Eneboliger"	"2015K2"	26467	124
"0602 Drammen (-2019)"	"Eneboliger"	"2015K3"	26702	66
"0602 Drammen (-2019)"	"Eneboliger"	"2015K4"	27588	62
"0602 Drammen (-2019)"	"Eneboliger"	"2016K1"	28515	62
"0602 Drammen (-2019)"	"Eneboliger"	"2016K2"	28914	110
"0602 Drammen (-2019)"	"Eneboliger"	"2016K3"	29392	77
"0602 Drammen (-2019)"	"Eneboliger"	"2016K4"	29715	63
"0602 Drammen (-2019)"	"Eneboliger"	"2017K1"	30416	45
"0602 Drammen (-2019)"	"Eneboliger"	"2017K2"	31972	88
"0602 Drammen (-2019)"	"Eneboliger"	"2017K3"	32074	65
"0602 Drammen (-2019)"	"Eneboliger"	"2017K4"	32924	67
"0602 Drammen (-2019)"	"Eneboliger"	"2018K1"	31801	26
"0602 Drammen (-2019)"	"Eneboliger"	"2018K2"	31952	117
"0602 Drammen (-2019)"	"Eneboliger"	"2018K3"	32792	95
"0602 Drammen (-2019)"	"Eneboliger"	"2018K4"	32025	64
"0602 Drammen (-2019)"	"Eneboliger"	"2019K1"	30881	58
"0602 Drammen (-2019)"	"Eneboliger"	"2019K2"	32486	131
"0602 Drammen (-2019)"	"Eneboliger"	"2019K3"	32250	83
"0602 Drammen (-2019)"	"Eneboliger"	"2019K4"	32067	85
"0602 Drammen (-2019)"	"Eneboliger"	"2020K1"	.	.
"0602 Drammen (-2019)"	"Eneboliger"	"2020K2"	.	.
"0602 Drammen (-2019)"	"Eneboliger"	"2020K3"	.	.
"0602 Drammen (-2019)"	"Eneboliger"	"2020K4"	.	.
"0602 Drammen (-2019)"	"Eneboliger"	"2021K1"	.	.
"0602 Drammen (-2019)"	"Eneboliger"	"2021K2"	.	.
"0602 Drammen (-2019)"	"Eneboliger"	"2021K3"	.	.
"0602 Drammen (-2019)"	"Eneboliger"	"2021K4"	.	.
"0602 Drammen (-2019)"	"Eneboliger"	"2022K1"	.	.
"0602 Drammen (-2019)"	"Eneboliger"	"2022K2"	.	.
"0602 Drammen (-2019)"	"Eneboliger"	"2022K3"	.	.
"0602 Drammen (-2019)"	"Eneboliger"	"2022K4"	.	.
"0602 Drammen (-2019)"	"Eneboliger"	"2023K1"	.	.
"0602 Drammen (-2019)"	"Eneboliger"	"2023K2"	.	.
"0602 Drammen (-2019)"	"Eneboliger"	"2023K3"	.	.
"0602 Drammen (-2019)"	"Småhus"	"2006K1"	13601	44
"0602 Drammen (-2019)"	"Småhus"	"2006K2"	14183	50
"0602 Drammen (-2019)"	"Småhus"	"2006K3"	14428	33
"0602 Drammen (-2019)"	"Småhus"	"2006K4"	13794	34
"0602 Drammen (-2019)"	"Småhus"	"2007K1"	15641	39
"0602 Drammen (-2019)"	"Småhus"	"2007K2"	15896	54
"0602 Drammen (-2019)"	"Småhus"	"2007K3"	16386	26
"0602 Drammen (-2019)"	"Småhus"	"2007K4"	15666	33
"0602 Drammen (-2019)"	"Småhus"	"2008K1"	16344	37
"0602 Drammen (-2019)"	"Småhus"	"2008K2"	17177	37
"0602 Drammen (-2019)"	"Småhus"	"2008K3"	15951	29
"0602 Drammen (-2019)"	"Småhus"	"2008K4"	14901	15
"0602 Drammen (-2019)"	"Småhus"	"2009K1"	14796	20
"0602 Drammen (-2019)"	"Småhus"	"2009K2"	16661	40
"0602 Drammen (-2019)"	"Småhus"	"2009K3"	17084	28
"0602 Drammen (-2019)"	"Småhus"	"2009K4"	17397	22
"0602 Drammen (-2019)"	"Småhus"	"2010K1"	17176	23
"0602 Drammen (-2019)"	"Småhus"	"2010K2"	16924	44
"0602 Drammen (-2019)"	"Småhus"	"2010K3"	18614	27
"0602 Drammen (-2019)"	"Småhus"	"2010K4"	19322	27
"0602 Drammen (-2019)"	"Småhus"	"2011K1"	19104	16
"0602 Drammen (-2019)"	"Småhus"	"2011K2"	19471	38
"0602 Drammen (-2019)"	"Småhus"	"2011K3"	22098	31
"0602 Drammen (-2019)"	"Småhus"	"2011K4"	20472	37
"0602 Drammen (-2019)"	"Småhus"	"2012K1"	21924	34
"0602 Drammen (-2019)"	"Småhus"	"2012K2"	21907	31
"0602 Drammen (-2019)"	"Småhus"	"2012K3"	21847	37
"0602 Drammen (-2019)"	"Småhus"	"2012K4"	22771	33
"0602 Drammen (-2019)"	"Småhus"	"2013K1"	24291	39
"0602 Drammen (-2019)"	"Småhus"	"2013K2"	24408	31
"0602 Drammen (-2019)"	"Småhus"	"2013K3"	25109	34
"0602 Drammen (-2019)"	"Småhus"	"2013K4"	22812	40
"0602 Drammen (-2019)"	"Småhus"	"2014K1"	24590	26
"0602 Drammen (-2019)"	"Småhus"	"2014K2"	24003	47
"0602 Drammen (-2019)"	"Småhus"	"2014K3"	23794	29
"0602 Drammen (-2019)"	"Småhus"	"2014K4"	25597	28
"0602 Drammen (-2019)"	"Småhus"	"2015K1"	24274	28
"0602 Drammen (-2019)"	"Småhus"	"2015K2"	25866	54
"0602 Drammen (-2019)"	"Småhus"	"2015K3"	26639	44
"0602 Drammen (-2019)"	"Småhus"	"2015K4"	24920	35
"0602 Drammen (-2019)"	"Småhus"	"2016K1"	27899	30
"0602 Drammen (-2019)"	"Småhus"	"2016K2"	28605	55
"0602 Drammen (-2019)"	"Småhus"	"2016K3"	29993	43
"0602 Drammen (-2019)"	"Småhus"	"2016K4"	30498	23
"0602 Drammen (-2019)"	"Småhus"	"2017K1"	30531	36
"0602 Drammen (-2019)"	"Småhus"	"2017K2"	30624	50
"0602 Drammen (-2019)"	"Småhus"	"2017K3"	32761	43
"0602 Drammen (-2019)"	"Småhus"	"2017K4"	32727	33
"0602 Drammen (-2019)"	"Småhus"	"2018K1"	31634	22
"0602 Drammen (-2019)"	"Småhus"	"2018K2"	30875	52
"0602 Drammen (-2019)"	"Småhus"	"2018K3"	32197	43
"0602 Drammen (-2019)"	"Småhus"	"2018K4"	30362	39
"0602 Drammen (-2019)"	"Småhus"	"2019K1"	31753	40
"0602 Drammen (-2019)"	"Småhus"	"2019K2"	31415	47
"0602 Drammen (-2019)"	"Småhus"	"2019K3"	33206	49
"0602 Drammen (-2019)"	"Småhus"	"2019K4"	31035	27
"0602 Drammen (-2019)"	"Småhus"	"2020K1"	.	.
"0602 Drammen (-2019)"	"Småhus"	"2020K2"	.	.
"0602 Drammen (-2019)"	"Småhus"	"2020K3"	.	.
"0602 Drammen (-2019)"	"Småhus"	"2020K4"	.	.
"0602 Drammen (-2019)"	"Småhus"	"2021K1"	.	.
"0602 Drammen (-2019)"	"Småhus"	"2021K2"	.	.
"0602 Drammen (-2019)"	"Småhus"	"2021K3"	.	.
"0602 Drammen (-2019)"	"Småhus"	"2021K4"	.	.
"0602 Drammen (-2019)"	"Småhus"	"2022K1"	.	.
"0602 Drammen (-2019)"	"Småhus"	"2022K2"	.	.
"0602 Drammen (-2019)"	"Småhus"	"2022K3"	.	.
"0602 Drammen (-2019)"	"Småhus"	"2022K4"	.	.
"0602 Drammen (-2019)"	"Småhus"	"2023K1"	.	.
"0602 Drammen (-2019)"	"Småhus"	"2023K2"	.	.
"0602 Drammen (-2019)"	"Småhus"	"2023K3"	.	.
"0602 Drammen (-2019)"	"Blokkleiligheter"	"2006K1"	20847	58
"0602 Drammen (-2019)"	"Blokkleiligheter"	"2006K2"	19468	93
"0602 Drammen (-2019)"	"Blokkleiligheter"	"2006K3"	21886	92
"0602 Drammen (-2019)"	"Blokkleiligheter"	"2006K4"	20213	71
"0602 Drammen (-2019)"	"Blokkleiligheter"	"2007K1"	23065	83
"0602 Drammen (-2019)"	"Blokkleiligheter"	"2007K2"	23169	77
"0602 Drammen (-2019)"	"Blokkleiligheter"	"2007K3"	24614	73
"0602 Drammen (-2019)"	"Blokkleiligheter"	"2007K4"	23319	73
"0602 Drammen (-2019)"	"Blokkleiligheter"	"2008K1"	24303	80
"0602 Drammen (-2019)"	"Blokkleiligheter"	"2008K2"	22698	92
"0602 Drammen (-2019)"	"Blokkleiligheter"	"2008K3"	25374	73
"0602 Drammen (-2019)"	"Blokkleiligheter"	"2008K4"	22932	42
"0602 Drammen (-2019)"	"Blokkleiligheter"	"2009K1"	22750	71
"0602 Drammen (-2019)"	"Blokkleiligheter"	"2009K2"	24263	120
"0602 Drammen (-2019)"	"Blokkleiligheter"	"2009K3"	24608	112
"0602 Drammen (-2019)"	"Blokkleiligheter"	"2009K4"	24758	81
"0602 Drammen (-2019)"	"Blokkleiligheter"	"2010K1"	26114	80
"0602 Drammen (-2019)"	"Blokkleiligheter"	"2010K2"	27132	121
"0602 Drammen (-2019)"	"Blokkleiligheter"	"2010K3"	26418	112
"0602 Drammen (-2019)"	"Blokkleiligheter"	"2010K4"	26907	101
"0602 Drammen (-2019)"	"Blokkleiligheter"	"2011K1"	29314	107
"0602 Drammen (-2019)"	"Blokkleiligheter"	"2011K2"	28873	111
"0602 Drammen (-2019)"	"Blokkleiligheter"	"2011K3"	31114	108
"0602 Drammen (-2019)"	"Blokkleiligheter"	"2011K4"	32373	91
"0602 Drammen (-2019)"	"Blokkleiligheter"	"2012K1"	32816	114
"0602 Drammen (-2019)"	"Blokkleiligheter"	"2012K2"	31740	119
"0602 Drammen (-2019)"	"Blokkleiligheter"	"2012K3"	32633	102
"0602 Drammen (-2019)"	"Blokkleiligheter"	"2012K4"	32608	81
"0602 Drammen (-2019)"	"Blokkleiligheter"	"2013K1"	35373	104
"0602 Drammen (-2019)"	"Blokkleiligheter"	"2013K2"	35006	121
"0602 Drammen (-2019)"	"Blokkleiligheter"	"2013K3"	35567	89
"0602 Drammen (-2019)"	"Blokkleiligheter"	"2013K4"	34434	90
"0602 Drammen (-2019)"	"Blokkleiligheter"	"2014K1"	35240	112
"0602 Drammen (-2019)"	"Blokkleiligheter"	"2014K2"	35764	123
"0602 Drammen (-2019)"	"Blokkleiligheter"	"2014K3"	35176	103
"0602 Drammen (-2019)"	"Blokkleiligheter"	"2014K4"	35898	86
"0602 Drammen (-2019)"	"Blokkleiligheter"	"2015K1"	38942	86
"0602 Drammen (-2019)"	"Blokkleiligheter"	"2015K2"	39724	120
"0602 Drammen (-2019)"	"Blokkleiligheter"	"2015K3"	40245	94
"0602 Drammen (-2019)"	"Blokkleiligheter"	"2015K4"	40407	85
"0602 Drammen (-2019)"	"Blokkleiligheter"	"2016K1"	41817	87
"0602 Drammen (-2019)"	"Blokkleiligheter"	"2016K2"	42193	119
"0602 Drammen (-2019)"	"Blokkleiligheter"	"2016K3"	43548	84
"0602 Drammen (-2019)"	"Blokkleiligheter"	"2016K4"	44158	91
"0602 Drammen (-2019)"	"Blokkleiligheter"	"2017K1"	50082	69
"0602 Drammen (-2019)"	"Blokkleiligheter"	"2017K2"	48809	123
"0602 Drammen (-2019)"	"Blokkleiligheter"	"2017K3"	48602	93
"0602 Drammen (-2019)"	"Blokkleiligheter"	"2017K4"	45926	64
"0602 Drammen (-2019)"	"Blokkleiligheter"	"2018K1"	45461	69
"0602 Drammen (-2019)"	"Blokkleiligheter"	"2018K2"	49929	122
"0602 Drammen (-2019)"	"Blokkleiligheter"	"2018K3"	50789	95
"0602 Drammen (-2019)"	"Blokkleiligheter"	"2018K4"	49336	84
"0602 Drammen (-2019)"	"Blokkleiligheter"	"2019K1"	52290	96
"0602 Drammen (-2019)"	"Blokkleiligheter"	"2019K2"	51703	110
"0602 Drammen (-2019)"	"Blokkleiligheter"	"2019K3"	50872	110
"0602 Drammen (-2019)"	"Blokkleiligheter"	"2019K4"	48004	100
"0602 Drammen (-2019)"	"Blokkleiligheter"	"2020K1"	.	.
"0602 Drammen (-2019)"	"Blokkleiligheter"	"2020K2"	.	.
"0602 Drammen (-2019)"	"Blokkleiligheter"	"2020K3"	.	.
"0602 Drammen (-2019)"	"Blokkleiligheter"	"2020K4"	.	.
"0602 Drammen (-2019)"	"Blokkleiligheter"	"2021K1"	.	.
"0602 Drammen (-2019)"	"Blokkleiligheter"	"2021K2"	.	.
"0602 Drammen (-2019)"	"Blokkleiligheter"	"2021K3"	.	.
"0602 Drammen (-2019)"	"Blokkleiligheter"	"2021K4"	.	.
"0602 Drammen (-2019)"	"Blokkleiligheter"	"2022K1"	.	.
"0602 Drammen (-2019)"	"Blokkleiligheter"	"2022K2"	.	.
"0602 Drammen (-2019)"	"Blokkleiligheter"	"2022K3"	.	.
"0602 Drammen (-2019)"	"Blokkleiligheter"	"2022K4"	.	.
"0602 Drammen (-2019)"	"Blokkleiligheter"	"2023K1"	.	.
"0602 Drammen (-2019)"	"Blokkleiligheter"	"2023K2"	.	.
"0602 Drammen (-2019)"	"Blokkleiligheter"	"2023K3"	.	.
"0605 Ringerike (1977-2019)"	"Eneboliger"	"2006K1"	10830	46
"0605 Ringerike (1977-2019)"	"Eneboliger"	"2006K2"	12240	59
"0605 Ringerike (1977-2019)"	"Eneboliger"	"2006K3"	11354	71
"0605 Ringerike (1977-2019)"	"Eneboliger"	"2006K4"	12136	36
"0605 Ringerike (1977-2019)"	"Eneboliger"	"2007K1"	12567	40
"0605 Ringerike (1977-2019)"	"Eneboliger"	"2007K2"	13680	67
"0605 Ringerike (1977-2019)"	"Eneboliger"	"2007K3"	13414	48
"0605 Ringerike (1977-2019)"	"Eneboliger"	"2007K4"	13012	42
"0605 Ringerike (1977-2019)"	"Eneboliger"	"2008K1"	14314	30
"0605 Ringerike (1977-2019)"	"Eneboliger"	"2008K2"	12806	62
"0605 Ringerike (1977-2019)"	"Eneboliger"	"2008K3"	13085	47
"0605 Ringerike (1977-2019)"	"Eneboliger"	"2008K4"	12800	34
"0605 Ringerike (1977-2019)"	"Eneboliger"	"2009K1"	12663	31
"0605 Ringerike (1977-2019)"	"Eneboliger"	"2009K2"	13640	43
"0605 Ringerike (1977-2019)"	"Eneboliger"	"2009K3"	13824	51
"0605 Ringerike (1977-2019)"	"Eneboliger"	"2009K4"	13043	52
"0605 Ringerike (1977-2019)"	"Eneboliger"	"2010K1"	14080	38
"0605 Ringerike (1977-2019)"	"Eneboliger"	"2010K2"	13664	48
"0605 Ringerike (1977-2019)"	"Eneboliger"	"2010K3"	13036	59
"0605 Ringerike (1977-2019)"	"Eneboliger"	"2010K4"	13730	37
"0605 Ringerike (1977-2019)"	"Eneboliger"	"2011K1"	13165	33
"0605 Ringerike (1977-2019)"	"Eneboliger"	"2011K2"	14612	70
"0605 Ringerike (1977-2019)"	"Eneboliger"	"2011K3"	14701	67
"0605 Ringerike (1977-2019)"	"Eneboliger"	"2011K4"	13790	56
"0605 Ringerike (1977-2019)"	"Eneboliger"	"2012K1"	13963	55
"0605 Ringerike (1977-2019)"	"Eneboliger"	"2012K2"	15147	82
"0605 Ringerike (1977-2019)"	"Eneboliger"	"2012K3"	15525	59
"0605 Ringerike (1977-2019)"	"Eneboliger"	"2012K4"	13875	47
"0605 Ringerike (1977-2019)"	"Eneboliger"	"2013K1"	15826	33
"0605 Ringerike (1977-2019)"	"Eneboliger"	"2013K2"	15318	66
"0605 Ringerike (1977-2019)"	"Eneboliger"	"2013K3"	14719	54
"0605 Ringerike (1977-2019)"	"Eneboliger"	"2013K4"	14964	59
"0605 Ringerike (1977-2019)"	"Eneboliger"	"2014K1"	15932	41
"0605 Ringerike (1977-2019)"	"Eneboliger"	"2014K2"	16961	51
"0605 Ringerike (1977-2019)"	"Eneboliger"	"2014K3"	16924	47
"0605 Ringerike (1977-2019)"	"Eneboliger"	"2014K4"	17010	53
"0605 Ringerike (1977-2019)"	"Eneboliger"	"2015K1"	19394	44
"0605 Ringerike (1977-2019)"	"Eneboliger"	"2015K2"	18754	62
"0605 Ringerike (1977-2019)"	"Eneboliger"	"2015K3"	17260	40
"0605 Ringerike (1977-2019)"	"Eneboliger"	"2015K4"	16445	52
"0605 Ringerike (1977-2019)"	"Eneboliger"	"2016K1"	19986	32
"0605 Ringerike (1977-2019)"	"Eneboliger"	"2016K2"	20175	74
"0605 Ringerike (1977-2019)"	"Eneboliger"	"2016K3"	19952	63
"0605 Ringerike (1977-2019)"	"Eneboliger"	"2016K4"	18901	47
"0605 Ringerike (1977-2019)"	"Eneboliger"	"2017K1"	22579	37
"0605 Ringerike (1977-2019)"	"Eneboliger"	"2017K2"	22478	73
"0605 Ringerike (1977-2019)"	"Eneboliger"	"2017K3"	21180	46
"0605 Ringerike (1977-2019)"	"Eneboliger"	"2017K4"	22418	45
"0605 Ringerike (1977-2019)"	"Eneboliger"	"2018K1"	21018	33
"0605 Ringerike (1977-2019)"	"Eneboliger"	"2018K2"	23392	74
"0605 Ringerike (1977-2019)"	"Eneboliger"	"2018K3"	22815	61
"0605 Ringerike (1977-2019)"	"Eneboliger"	"2018K4"	20010	49
"0605 Ringerike (1977-2019)"	"Eneboliger"	"2019K1"	23029	40
"0605 Ringerike (1977-2019)"	"Eneboliger"	"2019K2"	20972	57
"0605 Ringerike (1977-2019)"	"Eneboliger"	"2019K3"	21038	72
"0605 Ringerike (1977-2019)"	"Eneboliger"	"2019K4"	20532	45
"0605 Ringerike (1977-2019)"	"Eneboliger"	"2020K1"	.	.
"0605 Ringerike (1977-2019)"	"Eneboliger"	"2020K2"	.	.
"0605 Ringerike (1977-2019)"	"Eneboliger"	"2020K3"	.	.
"0605 Ringerike (1977-2019)"	"Eneboliger"	"2020K4"	.	.
"0605 Ringerike (1977-2019)"	"Eneboliger"	"2021K1"	.	.
"0605 Ringerike (1977-2019)"	"Eneboliger"	"2021K2"	.	.
"0605 Ringerike (1977-2019)"	"Eneboliger"	"2021K3"	.	.
"0605 Ringerike (1977-2019)"	"Eneboliger"	"2021K4"	.	.
"0605 Ringerike (1977-2019)"	"Eneboliger"	"2022K1"	.	.
"0605 Ringerike (1977-2019)"	"Eneboliger"	"2022K2"	.	.
"0605 Ringerike (1977-2019)"	"Eneboliger"	"2022K3"	.	.
"0605 Ringerike (1977-2019)"	"Eneboliger"	"2022K4"	.	.
"0605 Ringerike (1977-2019)"	"Eneboliger"	"2023K1"	.	.
"0605 Ringerike (1977-2019)"	"Eneboliger"	"2023K2"	.	.
"0605 Ringerike (1977-2019)"	"Eneboliger"	"2023K3"	.	.
"0605 Ringerike (1977-2019)"	"Småhus"	"2006K1"	12648	12
"0605 Ringerike (1977-2019)"	"Småhus"	"2006K2"	12404	18
"0605 Ringerike (1977-2019)"	"Småhus"	"2006K3"	12509	12
"0605 Ringerike (1977-2019)"	"Småhus"	"2006K4"	13537	10
"0605 Ringerike (1977-2019)"	"Småhus"	"2007K1"	13031	18
"0605 Ringerike (1977-2019)"	"Småhus"	"2007K2"	14839	22
"0605 Ringerike (1977-2019)"	"Småhus"	"2007K3"	16467	14
"0605 Ringerike (1977-2019)"	"Småhus"	"2007K4"	13879	18
"0605 Ringerike (1977-2019)"	"Småhus"	"2008K1"	..	9
"0605 Ringerike (1977-2019)"	"Småhus"	"2008K2"	14960	17
"0605 Ringerike (1977-2019)"	"Småhus"	"2008K3"	13837	19
"0605 Ringerike (1977-2019)"	"Småhus"	"2008K4"	15543	12
"0605 Ringerike (1977-2019)"	"Småhus"	"2009K1"	..	6
"0605 Ringerike (1977-2019)"	"Småhus"	"2009K2"	..	9
"0605 Ringerike (1977-2019)"	"Småhus"	"2009K3"	13929	12
"0605 Ringerike (1977-2019)"	"Småhus"	"2009K4"	15712	16
"0605 Ringerike (1977-2019)"	"Småhus"	"2010K1"	16475	12
"0605 Ringerike (1977-2019)"	"Småhus"	"2010K2"	15642	13
"0605 Ringerike (1977-2019)"	"Småhus"	"2010K3"	16788	14
"0605 Ringerike (1977-2019)"	"Småhus"	"2010K4"	16432	13
"0605 Ringerike (1977-2019)"	"Småhus"	"2011K1"	16627	11
"0605 Ringerike (1977-2019)"	"Småhus"	"2011K2"	17526	15
"0605 Ringerike (1977-2019)"	"Småhus"	"2011K3"	18088	12
"0605 Ringerike (1977-2019)"	"Småhus"	"2011K4"	17473	13
"0605 Ringerike (1977-2019)"	"Småhus"	"2012K1"	16695	10
"0605 Ringerike (1977-2019)"	"Småhus"	"2012K2"	18684	12
"0605 Ringerike (1977-2019)"	"Småhus"	"2012K3"	..	6
"0605 Ringerike (1977-2019)"	"Småhus"	"2012K4"	15915	11
"0605 Ringerike (1977-2019)"	"Småhus"	"2013K1"	..	8
"0605 Ringerike (1977-2019)"	"Småhus"	"2013K2"	15880	11
"0605 Ringerike (1977-2019)"	"Småhus"	"2013K3"	..	6
"0605 Ringerike (1977-2019)"	"Småhus"	"2013K4"	..	8
"0605 Ringerike (1977-2019)"	"Småhus"	"2014K1"	19932	13
"0605 Ringerike (1977-2019)"	"Småhus"	"2014K2"	16645	13
"0605 Ringerike (1977-2019)"	"Småhus"	"2014K3"	20078	10
"0605 Ringerike (1977-2019)"	"Småhus"	"2014K4"	19149	12
"0605 Ringerike (1977-2019)"	"Småhus"	"2015K1"	..	3
"0605 Ringerike (1977-2019)"	"Småhus"	"2015K2"	..	9
"0605 Ringerike (1977-2019)"	"Småhus"	"2015K3"	..	6
"0605 Ringerike (1977-2019)"	"Småhus"	"2015K4"	22088	11
"0605 Ringerike (1977-2019)"	"Småhus"	"2016K1"	24714	12
"0605 Ringerike (1977-2019)"	"Småhus"	"2016K2"	25803	16
"0605 Ringerike (1977-2019)"	"Småhus"	"2016K3"	22234	12
"0605 Ringerike (1977-2019)"	"Småhus"	"2016K4"	..	9
"0605 Ringerike (1977-2019)"	"Småhus"	"2017K1"	..	4
"0605 Ringerike (1977-2019)"	"Småhus"	"2017K2"	25332	11
"0605 Ringerike (1977-2019)"	"Småhus"	"2017K3"	..	7
"0605 Ringerike (1977-2019)"	"Småhus"	"2017K4"	..	7
"0605 Ringerike (1977-2019)"	"Småhus"	"2018K1"	27072	11
"0605 Ringerike (1977-2019)"	"Småhus"	"2018K2"	..	8
"0605 Ringerike (1977-2019)"	"Småhus"	"2018K3"	27816	13
"0605 Ringerike (1977-2019)"	"Småhus"	"2018K4"	27843	11
"0605 Ringerike (1977-2019)"	"Småhus"	"2019K1"	26061	10
"0605 Ringerike (1977-2019)"	"Småhus"	"2019K2"	28680	14
"0605 Ringerike (1977-2019)"	"Småhus"	"2019K3"	24411	19
"0605 Ringerike (1977-2019)"	"Småhus"	"2019K4"	29086	11
"0605 Ringerike (1977-2019)"	"Småhus"	"2020K1"	.	.
"0605 Ringerike (1977-2019)"	"Småhus"	"2020K2"	.	.
"0605 Ringerike (1977-2019)"	"Småhus"	"2020K3"	.	.
"0605 Ringerike (1977-2019)"	"Småhus"	"2020K4"	.	.
"0605 Ringerike (1977-2019)"	"Småhus"	"2021K1"	.	.
"0605 Ringerike (1977-2019)"	"Småhus"	"2021K2"	.	.
"0605 Ringerike (1977-2019)"	"Småhus"	"2021K3"	.	.
"0605 Ringerike (1977-2019)"	"Småhus"	"2021K4"	.	.
"0605 Ringerike (1977-2019)"	"Småhus"	"2022K1"	.	.
"0605 Ringerike (1977-2019)"	"Småhus"	"2022K2"	.	.
"0605 Ringerike (1977-2019)"	"Småhus"	"2022K3"	.	.
"0605 Ringerike (1977-2019)"	"Småhus"	"2022K4"	.	.
"0605 Ringerike (1977-2019)"	"Småhus"	"2023K1"	.	.
"0605 Ringerike (1977-2019)"	"Småhus"	"2023K2"	.	.
"0605 Ringerike (1977-2019)"	"Småhus"	"2023K3"	.	.
"0605 Ringerike (1977-2019)"	"Blokkleiligheter"	"2006K1"	16391	20
"0605 Ringerike (1977-2019)"	"Blokkleiligheter"	"2006K2"	16866	18
"0605 Ringerike (1977-2019)"	"Blokkleiligheter"	"2006K3"	17476	26
"0605 Ringerike (1977-2019)"	"Blokkleiligheter"	"2006K4"	17492	19
"0605 Ringerike (1977-2019)"	"Blokkleiligheter"	"2007K1"	18897	14
"0605 Ringerike (1977-2019)"	"Blokkleiligheter"	"2007K2"	19807	14
"0605 Ringerike (1977-2019)"	"Blokkleiligheter"	"2007K3"	17364	15
"0605 Ringerike (1977-2019)"	"Blokkleiligheter"	"2007K4"	17495	15
"0605 Ringerike (1977-2019)"	"Blokkleiligheter"	"2008K1"	..	9
"0605 Ringerike (1977-2019)"	"Blokkleiligheter"	"2008K2"	20597	20
"0605 Ringerike (1977-2019)"	"Blokkleiligheter"	"2008K3"	16708	15
"0605 Ringerike (1977-2019)"	"Blokkleiligheter"	"2008K4"	..	9
"0605 Ringerike (1977-2019)"	"Blokkleiligheter"	"2009K1"	..	5
"0605 Ringerike (1977-2019)"	"Blokkleiligheter"	"2009K2"	19434	14
"0605 Ringerike (1977-2019)"	"Blokkleiligheter"	"2009K3"	21208	22
"0605 Ringerike (1977-2019)"	"Blokkleiligheter"	"2009K4"	21877	15
"0605 Ringerike (1977-2019)"	"Blokkleiligheter"	"2010K1"	22029	20
"0605 Ringerike (1977-2019)"	"Blokkleiligheter"	"2010K2"	19815	14
"0605 Ringerike (1977-2019)"	"Blokkleiligheter"	"2010K3"	23788	16
"0605 Ringerike (1977-2019)"	"Blokkleiligheter"	"2010K4"	21351	21
"0605 Ringerike (1977-2019)"	"Blokkleiligheter"	"2011K1"	22088	16
"0605 Ringerike (1977-2019)"	"Blokkleiligheter"	"2011K2"	25262	15
"0605 Ringerike (1977-2019)"	"Blokkleiligheter"	"2011K3"	25797	21
"0605 Ringerike (1977-2019)"	"Blokkleiligheter"	"2011K4"	20512	14
"0605 Ringerike (1977-2019)"	"Blokkleiligheter"	"2012K1"	24491	14
"0605 Ringerike (1977-2019)"	"Blokkleiligheter"	"2012K2"	22078	19
"0605 Ringerike (1977-2019)"	"Blokkleiligheter"	"2012K3"	22312	10
"0605 Ringerike (1977-2019)"	"Blokkleiligheter"	"2012K4"	27525	16
"0605 Ringerike (1977-2019)"	"Blokkleiligheter"	"2013K1"	25869	10
"0605 Ringerike (1977-2019)"	"Blokkleiligheter"	"2013K2"	22434	19
"0605 Ringerike (1977-2019)"	"Blokkleiligheter"	"2013K3"	23687	17
"0605 Ringerike (1977-2019)"	"Blokkleiligheter"	"2013K4"	22575	18
"0605 Ringerike (1977-2019)"	"Blokkleiligheter"	"2014K1"	21361	16
"0605 Ringerike (1977-2019)"	"Blokkleiligheter"	"2014K2"	27836	23
"0605 Ringerike (1977-2019)"	"Blokkleiligheter"	"2014K3"	22987	22
"0605 Ringerike (1977-2019)"	"Blokkleiligheter"	"2014K4"	26441	18
"0605 Ringerike (1977-2019)"	"Blokkleiligheter"	"2015K1"	28549	19
"0605 Ringerike (1977-2019)"	"Blokkleiligheter"	"2015K2"	28879	17
"0605 Ringerike (1977-2019)"	"Blokkleiligheter"	"2015K3"	26757	20
"0605 Ringerike (1977-2019)"	"Blokkleiligheter"	"2015K4"	29664	21
"0605 Ringerike (1977-2019)"	"Blokkleiligheter"	"2016K1"	32964	16
"0605 Ringerike (1977-2019)"	"Blokkleiligheter"	"2016K2"	34162	21
"0605 Ringerike (1977-2019)"	"Blokkleiligheter"	"2016K3"	34831	15
"0605 Ringerike (1977-2019)"	"Blokkleiligheter"	"2016K4"	35823	16
"0605 Ringerike (1977-2019)"	"Blokkleiligheter"	"2017K1"	43797	12
"0605 Ringerike (1977-2019)"	"Blokkleiligheter"	"2017K2"	36359	21
"0605 Ringerike (1977-2019)"	"Blokkleiligheter"	"2017K3"	34971	23
"0605 Ringerike (1977-2019)"	"Blokkleiligheter"	"2017K4"	..	9
"0605 Ringerike (1977-2019)"	"Blokkleiligheter"	"2018K1"	40017	16
"0605 Ringerike (1977-2019)"	"Blokkleiligheter"	"2018K2"	37346	32
"0605 Ringerike (1977-2019)"	"Blokkleiligheter"	"2018K3"	39890	24
"0605 Ringerike (1977-2019)"	"Blokkleiligheter"	"2018K4"	39294	24
"0605 Ringerike (1977-2019)"	"Blokkleiligheter"	"2019K1"	39619	20
"0605 Ringerike (1977-2019)"	"Blokkleiligheter"	"2019K2"	36730	21
"0605 Ringerike (1977-2019)"	"Blokkleiligheter"	"2019K3"	38852	22
"0605 Ringerike (1977-2019)"	"Blokkleiligheter"	"2019K4"	37201	19
"0605 Ringerike (1977-2019)"	"Blokkleiligheter"	"2020K1"	.	.
"0605 Ringerike (1977-2019)"	"Blokkleiligheter"	"2020K2"	.	.
"0605 Ringerike (1977-2019)"	"Blokkleiligheter"	"2020K3"	.	.
"0605 Ringerike (1977-2019)"	"Blokkleiligheter"	"2020K4"	.	.
"0605 Ringerike (1977-2019)"	"Blokkleiligheter"	"2021K1"	.	.
"0605 Ringerike (1977-2019)"	"Blokkleiligheter"	"2021K2"	.	.
"0605 Ringerike (1977-2019)"	"Blokkleiligheter"	"2021K3"	.	.
"0605 Ringerike (1977-2019)"	"Blokkleiligheter"	"2021K4"	.	.
"0605 Ringerike (1977-2019)"	"Blokkleiligheter"	"2022K1"	.	.
"0605 Ringerike (1977-2019)"	"Blokkleiligheter"	"2022K2"	.	.
"0605 Ringerike (1977-2019)"	"Blokkleiligheter"	"2022K3"	.	.
"0605 Ringerike (1977-2019)"	"Blokkleiligheter"	"2022K4"	.	.
"0605 Ringerike (1977-2019)"	"Blokkleiligheter"	"2023K1"	.	.
"0605 Ringerike (1977-2019)"	"Blokkleiligheter"	"2023K2"	.	.
"0605 Ringerike (1977-2019)"	"Blokkleiligheter"	"2023K3"	.	.
"0625 Nedre Eiker (-2019)"	"Eneboliger"	"2006K1"	13657	18
"0625 Nedre Eiker (-2019)"	"Eneboliger"	"2006K2"	14526	21
"0625 Nedre Eiker (-2019)"	"Eneboliger"	"2006K3"	14382	24
"0625 Nedre Eiker (-2019)"	"Eneboliger"	"2006K4"	13798	25
"0625 Nedre Eiker (-2019)"	"Eneboliger"	"2007K1"	14142	21
"0625 Nedre Eiker (-2019)"	"Eneboliger"	"2007K2"	14554	38
"0625 Nedre Eiker (-2019)"	"Eneboliger"	"2007K3"	16445	24
"0625 Nedre Eiker (-2019)"	"Eneboliger"	"2007K4"	16591	30
"0625 Nedre Eiker (-2019)"	"Eneboliger"	"2008K1"	14405	24
"0625 Nedre Eiker (-2019)"	"Eneboliger"	"2008K2"	15415	42
"0625 Nedre Eiker (-2019)"	"Eneboliger"	"2008K3"	15310	30
"0625 Nedre Eiker (-2019)"	"Eneboliger"	"2008K4"	13738	28
"0625 Nedre Eiker (-2019)"	"Eneboliger"	"2009K1"	13653	33
"0625 Nedre Eiker (-2019)"	"Eneboliger"	"2009K2"	15513	58
"0625 Nedre Eiker (-2019)"	"Eneboliger"	"2009K3"	15103	38
"0625 Nedre Eiker (-2019)"	"Eneboliger"	"2009K4"	15633	42
"0625 Nedre Eiker (-2019)"	"Eneboliger"	"2010K1"	16717	34
"0625 Nedre Eiker (-2019)"	"Eneboliger"	"2010K2"	16447	45
"0625 Nedre Eiker (-2019)"	"Eneboliger"	"2010K3"	16563	52
"0625 Nedre Eiker (-2019)"	"Eneboliger"	"2010K4"	17823	32
"0625 Nedre Eiker (-2019)"	"Eneboliger"	"2011K1"	19059	39
"0625 Nedre Eiker (-2019)"	"Eneboliger"	"2011K2"	17159	54
"0625 Nedre Eiker (-2019)"	"Eneboliger"	"2011K3"	18222	44
"0625 Nedre Eiker (-2019)"	"Eneboliger"	"2011K4"	18904	51
"0625 Nedre Eiker (-2019)"	"Eneboliger"	"2012K1"	19155	55
"0625 Nedre Eiker (-2019)"	"Eneboliger"	"2012K2"	19779	59
"0625 Nedre Eiker (-2019)"	"Eneboliger"	"2012K3"	20503	45
"0625 Nedre Eiker (-2019)"	"Eneboliger"	"2012K4"	19373	26
"0625 Nedre Eiker (-2019)"	"Eneboliger"	"2013K1"	20407	34
"0625 Nedre Eiker (-2019)"	"Eneboliger"	"2013K2"	20470	53
"0625 Nedre Eiker (-2019)"	"Eneboliger"	"2013K3"	21281	42
"0625 Nedre Eiker (-2019)"	"Eneboliger"	"2013K4"	20848	31
"0625 Nedre Eiker (-2019)"	"Eneboliger"	"2014K1"	22112	43
"0625 Nedre Eiker (-2019)"	"Eneboliger"	"2014K2"	21426	41
"0625 Nedre Eiker (-2019)"	"Eneboliger"	"2014K3"	22384	33
"0625 Nedre Eiker (-2019)"	"Eneboliger"	"2014K4"	21259	42
"0625 Nedre Eiker (-2019)"	"Eneboliger"	"2015K1"	21627	43
"0625 Nedre Eiker (-2019)"	"Eneboliger"	"2015K2"	22770	56
"0625 Nedre Eiker (-2019)"	"Eneboliger"	"2015K3"	21739	38
"0625 Nedre Eiker (-2019)"	"Eneboliger"	"2015K4"	22036	29
"0625 Nedre Eiker (-2019)"	"Eneboliger"	"2016K1"	23831	36
"0625 Nedre Eiker (-2019)"	"Eneboliger"	"2016K2"	25514	75
"0625 Nedre Eiker (-2019)"	"Eneboliger"	"2016K3"	24269	50
"0625 Nedre Eiker (-2019)"	"Eneboliger"	"2016K4"	23293	32
"0625 Nedre Eiker (-2019)"	"Eneboliger"	"2017K1"	25836	42
"0625 Nedre Eiker (-2019)"	"Eneboliger"	"2017K2"	27434	44
"0625 Nedre Eiker (-2019)"	"Eneboliger"	"2017K3"	25392	48
"0625 Nedre Eiker (-2019)"	"Eneboliger"	"2017K4"	26408	40
"0625 Nedre Eiker (-2019)"	"Eneboliger"	"2018K1"	25982	33
"0625 Nedre Eiker (-2019)"	"Eneboliger"	"2018K2"	28199	66
"0625 Nedre Eiker (-2019)"	"Eneboliger"	"2018K3"	27026	54
"0625 Nedre Eiker (-2019)"	"Eneboliger"	"2018K4"	27642	31
"0625 Nedre Eiker (-2019)"	"Eneboliger"	"2019K1"	28663	42
"0625 Nedre Eiker (-2019)"	"Eneboliger"	"2019K2"	28513	64
"0625 Nedre Eiker (-2019)"	"Eneboliger"	"2019K3"	28063	47
"0625 Nedre Eiker (-2019)"	"Eneboliger"	"2019K4"	25940	36
"0625 Nedre Eiker (-2019)"	"Eneboliger"	"2020K1"	.	.
"0625 Nedre Eiker (-2019)"	"Eneboliger"	"2020K2"	.	.
"0625 Nedre Eiker (-2019)"	"Eneboliger"	"2020K3"	.	.
"0625 Nedre Eiker (-2019)"	"Eneboliger"	"2020K4"	.	.
"0625 Nedre Eiker (-2019)"	"Eneboliger"	"2021K1"	.	.
"0625 Nedre Eiker (-2019)"	"Eneboliger"	"2021K2"	.	.
"0625 Nedre Eiker (-2019)"	"Eneboliger"	"2021K3"	.	.
"0625 Nedre Eiker (-2019)"	"Eneboliger"	"2021K4"	.	.
"0625 Nedre Eiker (-2019)"	"Eneboliger"	"2022K1"	.	.
"0625 Nedre Eiker (-2019)"	"Eneboliger"	"2022K2"	.	.
"0625 Nedre Eiker (-2019)"	"Eneboliger"	"2022K3"	.	.
"0625 Nedre Eiker (-2019)"	"Eneboliger"	"2022K4"	.	.
"0625 Nedre Eiker (-2019)"	"Eneboliger"	"2023K1"	.	.
"0625 Nedre Eiker (-2019)"	"Eneboliger"	"2023K2"	.	.
"0625 Nedre Eiker (-2019)"	"Eneboliger"	"2023K3"	.	.
"0625 Nedre Eiker (-2019)"	"Småhus"	"2006K1"	..	9
"0625 Nedre Eiker (-2019)"	"Småhus"	"2006K2"	12932	15
"0625 Nedre Eiker (-2019)"	"Småhus"	"2006K3"	13264	18
"0625 Nedre Eiker (-2019)"	"Småhus"	"2006K4"	15074	10
"0625 Nedre Eiker (-2019)"	"Småhus"	"2007K1"	13138	12
"0625 Nedre Eiker (-2019)"	"Småhus"	"2007K2"	14402	14
"0625 Nedre Eiker (-2019)"	"Småhus"	"2007K3"	13728	15
"0625 Nedre Eiker (-2019)"	"Småhus"	"2007K4"	14447	12
"0625 Nedre Eiker (-2019)"	"Småhus"	"2008K1"	13489	11
"0625 Nedre Eiker (-2019)"	"Småhus"	"2008K2"	14448	19
"0625 Nedre Eiker (-2019)"	"Småhus"	"2008K3"	13869	16
"0625 Nedre Eiker (-2019)"	"Småhus"	"2008K4"	..	6
"0625 Nedre Eiker (-2019)"	"Småhus"	"2009K1"	..	7
"0625 Nedre Eiker (-2019)"	"Småhus"	"2009K2"	14275	11
"0625 Nedre Eiker (-2019)"	"Småhus"	"2009K3"	..	7
"0625 Nedre Eiker (-2019)"	"Småhus"	"2009K4"	..	7
"0625 Nedre Eiker (-2019)"	"Småhus"	"2010K1"	..	9
"0625 Nedre Eiker (-2019)"	"Småhus"	"2010K2"	15707	14
"0625 Nedre Eiker (-2019)"	"Småhus"	"2010K3"	16113	13
"0625 Nedre Eiker (-2019)"	"Småhus"	"2010K4"	..	8
"0625 Nedre Eiker (-2019)"	"Småhus"	"2011K1"	15428	11
"0625 Nedre Eiker (-2019)"	"Småhus"	"2011K2"	19059	12
"0625 Nedre Eiker (-2019)"	"Småhus"	"2011K3"	18084	11
"0625 Nedre Eiker (-2019)"	"Småhus"	"2011K4"	18507	12
"0625 Nedre Eiker (-2019)"	"Småhus"	"2012K1"	19725	12
"0625 Nedre Eiker (-2019)"	"Småhus"	"2012K2"	19228	11
"0625 Nedre Eiker (-2019)"	"Småhus"	"2012K3"	20087	15
"0625 Nedre Eiker (-2019)"	"Småhus"	"2012K4"	..	8
"0625 Nedre Eiker (-2019)"	"Småhus"	"2013K1"	21345	14
"0625 Nedre Eiker (-2019)"	"Småhus"	"2013K2"	20270	14
"0625 Nedre Eiker (-2019)"	"Småhus"	"2013K3"	20210	16
"0625 Nedre Eiker (-2019)"	"Småhus"	"2013K4"	18066	13
"0625 Nedre Eiker (-2019)"	"Småhus"	"2014K1"	22087	17
"0625 Nedre Eiker (-2019)"	"Småhus"	"2014K2"	20717	18
"0625 Nedre Eiker (-2019)"	"Småhus"	"2014K3"	23514	13
"0625 Nedre Eiker (-2019)"	"Småhus"	"2014K4"	21881	10
"0625 Nedre Eiker (-2019)"	"Småhus"	"2015K1"	22932	11
"0625 Nedre Eiker (-2019)"	"Småhus"	"2015K2"	21747	12
"0625 Nedre Eiker (-2019)"	"Småhus"	"2015K3"	..	9
"0625 Nedre Eiker (-2019)"	"Småhus"	"2015K4"	24771	17
"0625 Nedre Eiker (-2019)"	"Småhus"	"2016K1"	24570	14
"0625 Nedre Eiker (-2019)"	"Småhus"	"2016K2"	22865	20
"0625 Nedre Eiker (-2019)"	"Småhus"	"2016K3"	26456	16
"0625 Nedre Eiker (-2019)"	"Småhus"	"2016K4"	..	9
"0625 Nedre Eiker (-2019)"	"Småhus"	"2017K1"	27514	13
"0625 Nedre Eiker (-2019)"	"Småhus"	"2017K2"	25827	18
"0625 Nedre Eiker (-2019)"	"Småhus"	"2017K3"	28215	13
"0625 Nedre Eiker (-2019)"	"Småhus"	"2017K4"	31041	12
"0625 Nedre Eiker (-2019)"	"Småhus"	"2018K1"	..	7
"0625 Nedre Eiker (-2019)"	"Småhus"	"2018K2"	29781	19
"0625 Nedre Eiker (-2019)"	"Småhus"	"2018K3"	28863	17
"0625 Nedre Eiker (-2019)"	"Småhus"	"2018K4"	28047	13
"0625 Nedre Eiker (-2019)"	"Småhus"	"2019K1"	26433	11
"0625 Nedre Eiker (-2019)"	"Småhus"	"2019K2"	30454	28
"0625 Nedre Eiker (-2019)"	"Småhus"	"2019K3"	26245	18
"0625 Nedre Eiker (-2019)"	"Småhus"	"2019K4"	26363	14
"0625 Nedre Eiker (-2019)"	"Småhus"	"2020K1"	.	.
"0625 Nedre Eiker (-2019)"	"Småhus"	"2020K2"	.	.
"0625 Nedre Eiker (-2019)"	"Småhus"	"2020K3"	.	.
"0625 Nedre Eiker (-2019)"	"Småhus"	"2020K4"	.	.
"0625 Nedre Eiker (-2019)"	"Småhus"	"2021K1"	.	.
"0625 Nedre Eiker (-2019)"	"Småhus"	"2021K2"	.	.
"0625 Nedre Eiker (-2019)"	"Småhus"	"2021K3"	.	.
"0625 Nedre Eiker (-2019)"	"Småhus"	"2021K4"	.	.
"0625 Nedre Eiker (-2019)"	"Småhus"	"2022K1"	.	.
"0625 Nedre Eiker (-2019)"	"Småhus"	"2022K2"	.	.
"0625 Nedre Eiker (-2019)"	"Småhus"	"2022K3"	.	.
"0625 Nedre Eiker (-2019)"	"Småhus"	"2022K4"	.	.
"0625 Nedre Eiker (-2019)"	"Småhus"	"2023K1"	.	.
"0625 Nedre Eiker (-2019)"	"Småhus"	"2023K2"	.	.
"0625 Nedre Eiker (-2019)"	"Småhus"	"2023K3"	.	.
"0625 Nedre Eiker (-2019)"	"Blokkleiligheter"	"2006K1"	..	3
"0625 Nedre Eiker (-2019)"	"Blokkleiligheter"	"2006K2"	..	5
"0625 Nedre Eiker (-2019)"	"Blokkleiligheter"	"2006K3"	..	6
"0625 Nedre Eiker (-2019)"	"Blokkleiligheter"	"2006K4"	..	5
"0625 Nedre Eiker (-2019)"	"Blokkleiligheter"	"2007K1"	..	4
"0625 Nedre Eiker (-2019)"	"Blokkleiligheter"	"2007K2"	..	2
"0625 Nedre Eiker (-2019)"	"Blokkleiligheter"	"2007K3"	..	5
"0625 Nedre Eiker (-2019)"	"Blokkleiligheter"	"2007K4"	..	5
"0625 Nedre Eiker (-2019)"	"Blokkleiligheter"	"2008K1"	..	4
"0625 Nedre Eiker (-2019)"	"Blokkleiligheter"	"2008K2"	17857	10
"0625 Nedre Eiker (-2019)"	"Blokkleiligheter"	"2008K3"	..	5
"0625 Nedre Eiker (-2019)"	"Blokkleiligheter"	"2008K4"	..	8
"0625 Nedre Eiker (-2019)"	"Blokkleiligheter"	"2009K1"	..	7
"0625 Nedre Eiker (-2019)"	"Blokkleiligheter"	"2009K2"	20311	10
"0625 Nedre Eiker (-2019)"	"Blokkleiligheter"	"2009K3"	..	7
"0625 Nedre Eiker (-2019)"	"Blokkleiligheter"	"2009K4"	..	8
"0625 Nedre Eiker (-2019)"	"Blokkleiligheter"	"2010K1"	..	6
"0625 Nedre Eiker (-2019)"	"Blokkleiligheter"	"2010K2"	..	3
"0625 Nedre Eiker (-2019)"	"Blokkleiligheter"	"2010K3"	21350	11
"0625 Nedre Eiker (-2019)"	"Blokkleiligheter"	"2010K4"	..	4
"0625 Nedre Eiker (-2019)"	"Blokkleiligheter"	"2011K1"	..	6
"0625 Nedre Eiker (-2019)"	"Blokkleiligheter"	"2011K2"	..	8
"0625 Nedre Eiker (-2019)"	"Blokkleiligheter"	"2011K3"	..	7
"0625 Nedre Eiker (-2019)"	"Blokkleiligheter"	"2011K4"	..	8
"0625 Nedre Eiker (-2019)"	"Blokkleiligheter"	"2012K1"	25922	12
"0625 Nedre Eiker (-2019)"	"Blokkleiligheter"	"2012K2"	28780	10
"0625 Nedre Eiker (-2019)"	"Blokkleiligheter"	"2012K3"	..	8
"0625 Nedre Eiker (-2019)"	"Blokkleiligheter"	"2012K4"	..	9
"0625 Nedre Eiker (-2019)"	"Blokkleiligheter"	"2013K1"	27832	14
"0625 Nedre Eiker (-2019)"	"Blokkleiligheter"	"2013K2"	26237	8
"0625 Nedre Eiker (-2019)"	"Blokkleiligheter"	"2013K3"	..	8
"0625 Nedre Eiker (-2019)"	"Blokkleiligheter"	"2013K4"	..	7
"0625 Nedre Eiker (-2019)"	"Blokkleiligheter"	"2014K1"	28756	12
"0625 Nedre Eiker (-2019)"	"Blokkleiligheter"	"2014K2"	..	9
"0625 Nedre Eiker (-2019)"	"Blokkleiligheter"	"2014K3"	..	6
"0625 Nedre Eiker (-2019)"	"Blokkleiligheter"	"2014K4"	30082	10
"0625 Nedre Eiker (-2019)"	"Blokkleiligheter"	"2015K1"	31362	12
"0625 Nedre Eiker (-2019)"	"Blokkleiligheter"	"2015K2"	32194	15
"0625 Nedre Eiker (-2019)"	"Blokkleiligheter"	"2015K3"	..	9
"0625 Nedre Eiker (-2019)"	"Blokkleiligheter"	"2015K4"	..	6
"0625 Nedre Eiker (-2019)"	"Blokkleiligheter"	"2016K1"	..	8
"0625 Nedre Eiker (-2019)"	"Blokkleiligheter"	"2016K2"	35014	15
"0625 Nedre Eiker (-2019)"	"Blokkleiligheter"	"2016K3"	..	9
"0625 Nedre Eiker (-2019)"	"Blokkleiligheter"	"2016K4"	..	2
"0625 Nedre Eiker (-2019)"	"Blokkleiligheter"	"2017K1"	38394	11
"0625 Nedre Eiker (-2019)"	"Blokkleiligheter"	"2017K2"	40026	13
"0625 Nedre Eiker (-2019)"	"Blokkleiligheter"	"2017K3"	..	6
"0625 Nedre Eiker (-2019)"	"Blokkleiligheter"	"2017K4"	..	7
"0625 Nedre Eiker (-2019)"	"Blokkleiligheter"	"2018K1"	44453	15
"0625 Nedre Eiker (-2019)"	"Blokkleiligheter"	"2018K2"	45594	18
"0625 Nedre Eiker (-2019)"	"Blokkleiligheter"	"2018K3"	42650	11
"0625 Nedre Eiker (-2019)"	"Blokkleiligheter"	"2018K4"	38737	13
"0625 Nedre Eiker (-2019)"	"Blokkleiligheter"	"2019K1"	44384	14
"0625 Nedre Eiker (-2019)"	"Blokkleiligheter"	"2019K2"	41197	15
"0625 Nedre Eiker (-2019)"	"Blokkleiligheter"	"2019K3"	40960	14
"0625 Nedre Eiker (-2019)"	"Blokkleiligheter"	"2019K4"	..	8
"0625 Nedre Eiker (-2019)"	"Blokkleiligheter"	"2020K1"	.	.
"0625 Nedre Eiker (-2019)"	"Blokkleiligheter"	"2020K2"	.	.
"0625 Nedre Eiker (-2019)"	"Blokkleiligheter"	"2020K3"	.	.
"0625 Nedre Eiker (-2019)"	"Blokkleiligheter"	"2020K4"	.	.
"0625 Nedre Eiker (-2019)"	"Blokkleiligheter"	"2021K1"	.	.
"0625 Nedre Eiker (-2019)"	"Blokkleiligheter"	"2021K2"	.	.
"0625 Nedre Eiker (-2019)"	"Blokkleiligheter"	"2021K3"	.	.
"0625 Nedre Eiker (-2019)"	"Blokkleiligheter"	"2021K4"	.	.
"0625 Nedre Eiker (-2019)"	"Blokkleiligheter"	"2022K1"	.	.
"0625 Nedre Eiker (-2019)"	"Blokkleiligheter"	"2022K2"	.	.
"0625 Nedre Eiker (-2019)"	"Blokkleiligheter"	"2022K3"	.	.
"0625 Nedre Eiker (-2019)"	"Blokkleiligheter"	"2022K4"	.	.
"0625 Nedre Eiker (-2019)"	"Blokkleiligheter"	"2023K1"	.	.
"0625 Nedre Eiker (-2019)"	"Blokkleiligheter"	"2023K2"	.	.
"0625 Nedre Eiker (-2019)"	"Blokkleiligheter"	"2023K3"	.	.
"0626 Lier (-2019)"	"Eneboliger"	"2006K1"	16667	15
"0626 Lier (-2019)"	"Eneboliger"	"2006K2"	17027	40
"0626 Lier (-2019)"	"Eneboliger"	"2006K3"	17434	24
"0626 Lier (-2019)"	"Eneboliger"	"2006K4"	17201	27
"0626 Lier (-2019)"	"Eneboliger"	"2007K1"	17733	19
"0626 Lier (-2019)"	"Eneboliger"	"2007K2"	19288	31
"0626 Lier (-2019)"	"Eneboliger"	"2007K3"	17874	17
"0626 Lier (-2019)"	"Eneboliger"	"2007K4"	18457	23
"0626 Lier (-2019)"	"Eneboliger"	"2008K1"	18136	21
"0626 Lier (-2019)"	"Eneboliger"	"2008K2"	18770	25
"0626 Lier (-2019)"	"Eneboliger"	"2008K3"	19458	18
"0626 Lier (-2019)"	"Eneboliger"	"2008K4"	17457	24
"0626 Lier (-2019)"	"Eneboliger"	"2009K1"	15327	19
"0626 Lier (-2019)"	"Eneboliger"	"2009K2"	17404	32
"0626 Lier (-2019)"	"Eneboliger"	"2009K3"	17857	35
"0626 Lier (-2019)"	"Eneboliger"	"2009K4"	17327	29
"0626 Lier (-2019)"	"Eneboliger"	"2010K1"	20815	22
"0626 Lier (-2019)"	"Eneboliger"	"2010K2"	18221	40
"0626 Lier (-2019)"	"Eneboliger"	"2010K3"	20083	33
"0626 Lier (-2019)"	"Eneboliger"	"2010K4"	18024	28
"0626 Lier (-2019)"	"Eneboliger"	"2011K1"	21015	30
"0626 Lier (-2019)"	"Eneboliger"	"2011K2"	20207	39
"0626 Lier (-2019)"	"Eneboliger"	"2011K3"	19907	34
"0626 Lier (-2019)"	"Eneboliger"	"2011K4"	20513	39
"0626 Lier (-2019)"	"Eneboliger"	"2012K1"	21942	44
"0626 Lier (-2019)"	"Eneboliger"	"2012K2"	22469	44
"0626 Lier (-2019)"	"Eneboliger"	"2012K3"	20784	32
"0626 Lier (-2019)"	"Eneboliger"	"2012K4"	20715	34
"0626 Lier (-2019)"	"Eneboliger"	"2013K1"	21846	17
"0626 Lier (-2019)"	"Eneboliger"	"2013K2"	23298	32
"0626 Lier (-2019)"	"Eneboliger"	"2013K3"	23004	32
"0626 Lier (-2019)"	"Eneboliger"	"2013K4"	23442	33
"0626 Lier (-2019)"	"Eneboliger"	"2014K1"	25174	28
"0626 Lier (-2019)"	"Eneboliger"	"2014K2"	23632	41
"0626 Lier (-2019)"	"Eneboliger"	"2014K3"	25568	31
"0626 Lier (-2019)"	"Eneboliger"	"2014K4"	24381	31
"0626 Lier (-2019)"	"Eneboliger"	"2015K1"	24727	24
"0626 Lier (-2019)"	"Eneboliger"	"2015K2"	26615	69
"0626 Lier (-2019)"	"Eneboliger"	"2015K3"	26676	30
"0626 Lier (-2019)"	"Eneboliger"	"2015K4"	28252	19
"0626 Lier (-2019)"	"Eneboliger"	"2016K1"	26850	19
"0626 Lier (-2019)"	"Eneboliger"	"2016K2"	26356	50
"0626 Lier (-2019)"	"Eneboliger"	"2016K3"	29346	32
"0626 Lier (-2019)"	"Eneboliger"	"2016K4"	27539	21
"0626 Lier (-2019)"	"Eneboliger"	"2017K1"	29238	33
"0626 Lier (-2019)"	"Eneboliger"	"2017K2"	32076	40
"0626 Lier (-2019)"	"Eneboliger"	"2017K3"	30332	38
"0626 Lier (-2019)"	"Eneboliger"	"2017K4"	32923	22
"0626 Lier (-2019)"	"Eneboliger"	"2018K1"	31204	21
"0626 Lier (-2019)"	"Eneboliger"	"2018K2"	29800	53
"0626 Lier (-2019)"	"Eneboliger"	"2018K3"	30857	47
"0626 Lier (-2019)"	"Eneboliger"	"2018K4"	29449	32
"0626 Lier (-2019)"	"Eneboliger"	"2019K1"	33333	29
"0626 Lier (-2019)"	"Eneboliger"	"2019K2"	32946	54
"0626 Lier (-2019)"	"Eneboliger"	"2019K3"	32336	30
"0626 Lier (-2019)"	"Eneboliger"	"2019K4"	30762	32
"0626 Lier (-2019)"	"Eneboliger"	"2020K1"	.	.
"0626 Lier (-2019)"	"Eneboliger"	"2020K2"	.	.
"0626 Lier (-2019)"	"Eneboliger"	"2020K3"	.	.
"0626 Lier (-2019)"	"Eneboliger"	"2020K4"	.	.
"0626 Lier (-2019)"	"Eneboliger"	"2021K1"	.	.
"0626 Lier (-2019)"	"Eneboliger"	"2021K2"	.	.
"0626 Lier (-2019)"	"Eneboliger"	"2021K3"	.	.
"0626 Lier (-2019)"	"Eneboliger"	"2021K4"	.	.
"0626 Lier (-2019)"	"Eneboliger"	"2022K1"	.	.
"0626 Lier (-2019)"	"Eneboliger"	"2022K2"	.	.
"0626 Lier (-2019)"	"Eneboliger"	"2022K3"	.	.
"0626 Lier (-2019)"	"Eneboliger"	"2022K4"	.	.
"0626 Lier (-2019)"	"Eneboliger"	"2023K1"	.	.
"0626 Lier (-2019)"	"Eneboliger"	"2023K2"	.	.
"0626 Lier (-2019)"	"Eneboliger"	"2023K3"	.	.
"0626 Lier (-2019)"	"Småhus"	"2006K1"	..	6
"0626 Lier (-2019)"	"Småhus"	"2006K2"	16043	10
"0626 Lier (-2019)"	"Småhus"	"2006K3"	..	7
"0626 Lier (-2019)"	"Småhus"	"2006K4"	..	8
"0626 Lier (-2019)"	"Småhus"	"2007K1"	..	3
"0626 Lier (-2019)"	"Småhus"	"2007K2"	..	5
"0626 Lier (-2019)"	"Småhus"	"2007K3"	..	3
"0626 Lier (-2019)"	"Småhus"	"2007K4"	..	9
"0626 Lier (-2019)"	"Småhus"	"2008K1"	..	6
"0626 Lier (-2019)"	"Småhus"	"2008K2"	17700	14
"0626 Lier (-2019)"	"Småhus"	"2008K3"	17033	10
"0626 Lier (-2019)"	"Småhus"	"2008K4"	..	8
"0626 Lier (-2019)"	"Småhus"	"2009K1"	..	4
"0626 Lier (-2019)"	"Småhus"	"2009K2"	..	8
"0626 Lier (-2019)"	"Småhus"	"2009K3"	..	7
"0626 Lier (-2019)"	"Småhus"	"2009K4"	..	4
"0626 Lier (-2019)"	"Småhus"	"2010K1"	..	4
"0626 Lier (-2019)"	"Småhus"	"2010K2"	20834	11
"0626 Lier (-2019)"	"Småhus"	"2010K3"	19354	11
"0626 Lier (-2019)"	"Småhus"	"2010K4"	..	7
"0626 Lier (-2019)"	"Småhus"	"2011K1"	..	2
"0626 Lier (-2019)"	"Småhus"	"2011K2"	21609	12
"0626 Lier (-2019)"	"Småhus"	"2011K3"	..	8
"0626 Lier (-2019)"	"Småhus"	"2011K4"	..	8
"0626 Lier (-2019)"	"Småhus"	"2012K1"	..	7
"0626 Lier (-2019)"	"Småhus"	"2012K2"	..	6
"0626 Lier (-2019)"	"Småhus"	"2012K3"	..	6
"0626 Lier (-2019)"	"Småhus"	"2012K4"	..	4
"0626 Lier (-2019)"	"Småhus"	"2013K1"	..	5
"0626 Lier (-2019)"	"Småhus"	"2013K2"	..	5
"0626 Lier (-2019)"	"Småhus"	"2013K3"	..	9
"0626 Lier (-2019)"	"Småhus"	"2013K4"	..	4
"0626 Lier (-2019)"	"Småhus"	"2014K1"	..	9
"0626 Lier (-2019)"	"Småhus"	"2014K2"	..	8
"0626 Lier (-2019)"	"Småhus"	"2014K3"	..	6
"0626 Lier (-2019)"	"Småhus"	"2014K4"	25066	13
"0626 Lier (-2019)"	"Småhus"	"2015K1"	..	8
"0626 Lier (-2019)"	"Småhus"	"2015K2"	25096	12
"0626 Lier (-2019)"	"Småhus"	"2015K3"	..	5
"0626 Lier (-2019)"	"Småhus"	"2015K4"	..	8
"0626 Lier (-2019)"	"Småhus"	"2016K1"	..	8
"0626 Lier (-2019)"	"Småhus"	"2016K2"	29776	13
"0626 Lier (-2019)"	"Småhus"	"2016K3"	30302	14
"0626 Lier (-2019)"	"Småhus"	"2016K4"	..	6
"0626 Lier (-2019)"	"Småhus"	"2017K1"	35293	13
"0626 Lier (-2019)"	"Småhus"	"2017K2"	..	9
"0626 Lier (-2019)"	"Småhus"	"2017K3"	36183	13
"0626 Lier (-2019)"	"Småhus"	"2017K4"	..	4
"0626 Lier (-2019)"	"Småhus"	"2018K1"	..	5
"0626 Lier (-2019)"	"Småhus"	"2018K2"	32838	20
"0626 Lier (-2019)"	"Småhus"	"2018K3"	32974	17
"0626 Lier (-2019)"	"Småhus"	"2018K4"	30682	11
"0626 Lier (-2019)"	"Småhus"	"2019K1"	..	8
"0626 Lier (-2019)"	"Småhus"	"2019K2"	34161	12
"0626 Lier (-2019)"	"Småhus"	"2019K3"	35235	15
"0626 Lier (-2019)"	"Småhus"	"2019K4"	..	8
"0626 Lier (-2019)"	"Småhus"	"2020K1"	.	.
"0626 Lier (-2019)"	"Småhus"	"2020K2"	.	.
"0626 Lier (-2019)"	"Småhus"	"2020K3"	.	.
"0626 Lier (-2019)"	"Småhus"	"2020K4"	.	.
"0626 Lier (-2019)"	"Småhus"	"2021K1"	.	.
"0626 Lier (-2019)"	"Småhus"	"2021K2"	.	.
"0626 Lier (-2019)"	"Småhus"	"2021K3"	.	.
"0626 Lier (-2019)"	"Småhus"	"2021K4"	.	.
"0626 Lier (-2019)"	"Småhus"	"2022K1"	.	.
"0626 Lier (-2019)"	"Småhus"	"2022K2"	.	.
"0626 Lier (-2019)"	"Småhus"	"2022K3"	.	.
"0626 Lier (-2019)"	"Småhus"	"2022K4"	.	.
"0626 Lier (-2019)"	"Småhus"	"2023K1"	.	.
"0626 Lier (-2019)"	"Småhus"	"2023K2"	.	.
"0626 Lier (-2019)"	"Småhus"	"2023K3"	.	.
"0626 Lier (-2019)"	"Blokkleiligheter"	"2006K1"	18447	10
"0626 Lier (-2019)"	"Blokkleiligheter"	"2006K2"	..	7
"0626 Lier (-2019)"	"Blokkleiligheter"	"2006K3"	..	9
"0626 Lier (-2019)"	"Blokkleiligheter"	"2006K4"	..	3
"0626 Lier (-2019)"	"Blokkleiligheter"	"2007K1"	..	4
"0626 Lier (-2019)"	"Blokkleiligheter"	"2007K2"	26560	11
"0626 Lier (-2019)"	"Blokkleiligheter"	"2007K3"	26698	10
"0626 Lier (-2019)"	"Blokkleiligheter"	"2007K4"	..	9
"0626 Lier (-2019)"	"Blokkleiligheter"	"2008K1"	22470	10
"0626 Lier (-2019)"	"Blokkleiligheter"	"2008K2"	22909	17
"0626 Lier (-2019)"	"Blokkleiligheter"	"2008K3"	26790	16
"0626 Lier (-2019)"	"Blokkleiligheter"	"2008K4"	..	5
"0626 Lier (-2019)"	"Blokkleiligheter"	"2009K1"	..	8
"0626 Lier (-2019)"	"Blokkleiligheter"	"2009K2"	..	9
"0626 Lier (-2019)"	"Blokkleiligheter"	"2009K3"	23950	16
"0626 Lier (-2019)"	"Blokkleiligheter"	"2009K4"	25907	13
"0626 Lier (-2019)"	"Blokkleiligheter"	"2010K1"	27136	14
"0626 Lier (-2019)"	"Blokkleiligheter"	"2010K2"	28106	16
"0626 Lier (-2019)"	"Blokkleiligheter"	"2010K3"	25093	17
"0626 Lier (-2019)"	"Blokkleiligheter"	"2010K4"	24976	19
"0626 Lier (-2019)"	"Blokkleiligheter"	"2011K1"	28727	12
"0626 Lier (-2019)"	"Blokkleiligheter"	"2011K2"	27748	19
"0626 Lier (-2019)"	"Blokkleiligheter"	"2011K3"	27463	13
"0626 Lier (-2019)"	"Blokkleiligheter"	"2011K4"	30794	21
"0626 Lier (-2019)"	"Blokkleiligheter"	"2012K1"	27123	13
"0626 Lier (-2019)"	"Blokkleiligheter"	"2012K2"	29386	18
"0626 Lier (-2019)"	"Blokkleiligheter"	"2012K3"	30646	18
"0626 Lier (-2019)"	"Blokkleiligheter"	"2012K4"	33195	14
"0626 Lier (-2019)"	"Blokkleiligheter"	"2013K1"	..	9
"0626 Lier (-2019)"	"Blokkleiligheter"	"2013K2"	30427	19
"0626 Lier (-2019)"	"Blokkleiligheter"	"2013K3"	32887	17
"0626 Lier (-2019)"	"Blokkleiligheter"	"2013K4"	..	5
"0626 Lier (-2019)"	"Blokkleiligheter"	"2014K1"	33812	12
"0626 Lier (-2019)"	"Blokkleiligheter"	"2014K2"	34112	19
"0626 Lier (-2019)"	"Blokkleiligheter"	"2014K3"	..	6
"0626 Lier (-2019)"	"Blokkleiligheter"	"2014K4"	..	7
"0626 Lier (-2019)"	"Blokkleiligheter"	"2015K1"	35046	14
"0626 Lier (-2019)"	"Blokkleiligheter"	"2015K2"	36575	24
"0626 Lier (-2019)"	"Blokkleiligheter"	"2015K3"	38758	12
"0626 Lier (-2019)"	"Blokkleiligheter"	"2015K4"	..	7
"0626 Lier (-2019)"	"Blokkleiligheter"	"2016K1"	40677	20
"0626 Lier (-2019)"	"Blokkleiligheter"	"2016K2"	36844	24
"0626 Lier (-2019)"	"Blokkleiligheter"	"2016K3"	44258	12
"0626 Lier (-2019)"	"Blokkleiligheter"	"2016K4"	41697	17
"0626 Lier (-2019)"	"Blokkleiligheter"	"2017K1"	39750	18
"0626 Lier (-2019)"	"Blokkleiligheter"	"2017K2"	40619	18
"0626 Lier (-2019)"	"Blokkleiligheter"	"2017K3"	41491	22
"0626 Lier (-2019)"	"Blokkleiligheter"	"2017K4"	40918	10
"0626 Lier (-2019)"	"Blokkleiligheter"	"2018K1"	44399	16
"0626 Lier (-2019)"	"Blokkleiligheter"	"2018K2"	45351	19
"0626 Lier (-2019)"	"Blokkleiligheter"	"2018K3"	49654	16
"0626 Lier (-2019)"	"Blokkleiligheter"	"2018K4"	44639	19
"0626 Lier (-2019)"	"Blokkleiligheter"	"2019K1"	43626	25
"0626 Lier (-2019)"	"Blokkleiligheter"	"2019K2"	45659	28
"0626 Lier (-2019)"	"Blokkleiligheter"	"2019K3"	44046	21
"0626 Lier (-2019)"	"Blokkleiligheter"	"2019K4"	47743	12
"0626 Lier (-2019)"	"Blokkleiligheter"	"2020K1"	.	.
"0626 Lier (-2019)"	"Blokkleiligheter"	"2020K2"	.	.
"0626 Lier (-2019)"	"Blokkleiligheter"	"2020K3"	.	.
"0626 Lier (-2019)"	"Blokkleiligheter"	"2020K4"	.	.
"0626 Lier (-2019)"	"Blokkleiligheter"	"2021K1"	.	.
"0626 Lier (-2019)"	"Blokkleiligheter"	"2021K2"	.	.
"0626 Lier (-2019)"	"Blokkleiligheter"	"2021K3"	.	.
"0626 Lier (-2019)"	"Blokkleiligheter"	"2021K4"	.	.
"0626 Lier (-2019)"	"Blokkleiligheter"	"2022K1"	.	.
"0626 Lier (-2019)"	"Blokkleiligheter"	"2022K2"	.	.
"0626 Lier (-2019)"	"Blokkleiligheter"	"2022K3"	.	.
"0626 Lier (-2019)"	"Blokkleiligheter"	"2022K4"	.	.
"0626 Lier (-2019)"	"Blokkleiligheter"	"2023K1"	.	.
"0626 Lier (-2019)"	"Blokkleiligheter"	"2023K2"	.	.
"0626 Lier (-2019)"	"Blokkleiligheter"	"2023K3"	.	.
"0627 Røyken (-2019)"	"Eneboliger"	"2006K1"	.	.
"0627 Røyken (-2019)"	"Eneboliger"	"2006K2"	.	.
"0627 Røyken (-2019)"	"Eneboliger"	"2006K3"	.	.
"0627 Røyken (-2019)"	"Eneboliger"	"2006K4"	.	.
"0627 Røyken (-2019)"	"Eneboliger"	"2007K1"	.	.
"0627 Røyken (-2019)"	"Eneboliger"	"2007K2"	.	.
"0627 Røyken (-2019)"	"Eneboliger"	"2007K3"	.	.
"0627 Røyken (-2019)"	"Eneboliger"	"2007K4"	.	.
"0627 Røyken (-2019)"	"Eneboliger"	"2008K1"	.	.
"0627 Røyken (-2019)"	"Eneboliger"	"2008K2"	.	.
"0627 Røyken (-2019)"	"Eneboliger"	"2008K3"	.	.
"0627 Røyken (-2019)"	"Eneboliger"	"2008K4"	.	.
"0627 Røyken (-2019)"	"Eneboliger"	"2009K1"	.	.
"0627 Røyken (-2019)"	"Eneboliger"	"2009K2"	.	.
"0627 Røyken (-2019)"	"Eneboliger"	"2009K3"	.	.
"0627 Røyken (-2019)"	"Eneboliger"	"2009K4"	.	.
"0627 Røyken (-2019)"	"Eneboliger"	"2010K1"	.	.
"0627 Røyken (-2019)"	"Eneboliger"	"2010K2"	.	.
"0627 Røyken (-2019)"	"Eneboliger"	"2010K3"	.	.
"0627 Røyken (-2019)"	"Eneboliger"	"2010K4"	.	.
"0627 Røyken (-2019)"	"Eneboliger"	"2011K1"	.	.
"0627 Røyken (-2019)"	"Eneboliger"	"2011K2"	.	.
"0627 Røyken (-2019)"	"Eneboliger"	"2011K3"	.	.
"0627 Røyken (-2019)"	"Eneboliger"	"2011K4"	.	.
"0627 Røyken (-2019)"	"Eneboliger"	"2012K1"	.	.
"0627 Røyken (-2019)"	"Eneboliger"	"2012K2"	.	.
"0627 Røyken (-2019)"	"Eneboliger"	"2012K3"	.	.
"0627 Røyken (-2019)"	"Eneboliger"	"2012K4"	.	.
"0627 Røyken (-2019)"	"Eneboliger"	"2013K1"	20995	31
"0627 Røyken (-2019)"	"Eneboliger"	"2013K2"	23247	43
"0627 Røyken (-2019)"	"Eneboliger"	"2013K3"	23145	44
"0627 Røyken (-2019)"	"Eneboliger"	"2013K4"	24326	33
"0627 Røyken (-2019)"	"Eneboliger"	"2014K1"	23277	25
"0627 Røyken (-2019)"	"Eneboliger"	"2014K2"	24279	43
"0627 Røyken (-2019)"	"Eneboliger"	"2014K3"	24331	48
"0627 Røyken (-2019)"	"Eneboliger"	"2014K4"	22941	46
"0627 Røyken (-2019)"	"Eneboliger"	"2015K1"	26234	35
"0627 Røyken (-2019)"	"Eneboliger"	"2015K2"	25598	37
"0627 Røyken (-2019)"	"Eneboliger"	"2015K3"	25926	36
"0627 Røyken (-2019)"	"Eneboliger"	"2015K4"	22753	25
"0627 Røyken (-2019)"	"Eneboliger"	"2016K1"	25249	31
"0627 Røyken (-2019)"	"Eneboliger"	"2016K2"	28542	54
"0627 Røyken (-2019)"	"Eneboliger"	"2016K3"	27355	36
"0627 Røyken (-2019)"	"Eneboliger"	"2016K4"	26222	21
"0627 Røyken (-2019)"	"Eneboliger"	"2017K1"	27790	36
"0627 Røyken (-2019)"	"Eneboliger"	"2017K2"	30640	47
"0627 Røyken (-2019)"	"Eneboliger"	"2017K3"	28484	34
"0627 Røyken (-2019)"	"Eneboliger"	"2017K4"	32175	17
"0627 Røyken (-2019)"	"Eneboliger"	"2018K1"	29340	16
"0627 Røyken (-2019)"	"Eneboliger"	"2018K2"	31392	44
"0627 Røyken (-2019)"	"Eneboliger"	"2018K3"	31878	35
"0627 Røyken (-2019)"	"Eneboliger"	"2018K4"	29486	26
"0627 Røyken (-2019)"	"Eneboliger"	"2019K1"	30839	34
"0627 Røyken (-2019)"	"Eneboliger"	"2019K2"	31316	45
"0627 Røyken (-2019)"	"Eneboliger"	"2019K3"	35147	41
"0627 Røyken (-2019)"	"Eneboliger"	"2019K4"	32200	25
"0627 Røyken (-2019)"	"Eneboliger"	"2020K1"	.	.
"0627 Røyken (-2019)"	"Eneboliger"	"2020K2"	.	.
"0627 Røyken (-2019)"	"Eneboliger"	"2020K3"	.	.
"0627 Røyken (-2019)"	"Eneboliger"	"2020K4"	.	.
"0627 Røyken (-2019)"	"Eneboliger"	"2021K1"	.	.
"0627 Røyken (-2019)"	"Eneboliger"	"2021K2"	.	.
"0627 Røyken (-2019)"	"Eneboliger"	"2021K3"	.	.
"0627 Røyken (-2019)"	"Eneboliger"	"2021K4"	.	.
"0627 Røyken (-2019)"	"Eneboliger"	"2022K1"	.	.
"0627 Røyken (-2019)"	"Eneboliger"	"2022K2"	.	.
"0627 Røyken (-2019)"	"Eneboliger"	"2022K3"	.	.
"0627 Røyken (-2019)"	"Eneboliger"	"2022K4"	.	.
"0627 Røyken (-2019)"	"Eneboliger"	"2023K1"	.	.
"0627 Røyken (-2019)"	"Eneboliger"	"2023K2"	.	.
"0627 Røyken (-2019)"	"Eneboliger"	"2023K3"	.	.
"0627 Røyken (-2019)"	"Småhus"	"2006K1"	.	.
"0627 Røyken (-2019)"	"Småhus"	"2006K2"	.	.
"0627 Røyken (-2019)"	"Småhus"	"2006K3"	.	.
"0627 Røyken (-2019)"	"Småhus"	"2006K4"	.	.
"0627 Røyken (-2019)"	"Småhus"	"2007K1"	.	.
"0627 Røyken (-2019)"	"Småhus"	"2007K2"	.	.
"0627 Røyken (-2019)"	"Småhus"	"2007K3"	.	.
"0627 Røyken (-2019)"	"Småhus"	"2007K4"	.	.
"0627 Røyken (-2019)"	"Småhus"	"2008K1"	.	.
"0627 Røyken (-2019)"	"Småhus"	"2008K2"	.	.
"0627 Røyken (-2019)"	"Småhus"	"2008K3"	.	.
"0627 Røyken (-2019)"	"Småhus"	"2008K4"	.	.
"0627 Røyken (-2019)"	"Småhus"	"2009K1"	.	.
"0627 Røyken (-2019)"	"Småhus"	"2009K2"	.	.
"0627 Røyken (-2019)"	"Småhus"	"2009K3"	.	.
"0627 Røyken (-2019)"	"Småhus"	"2009K4"	.	.
"0627 Røyken (-2019)"	"Småhus"	"2010K1"	.	.
"0627 Røyken (-2019)"	"Småhus"	"2010K2"	.	.
"0627 Røyken (-2019)"	"Småhus"	"2010K3"	.	.
"0627 Røyken (-2019)"	"Småhus"	"2010K4"	.	.
"0627 Røyken (-2019)"	"Småhus"	"2011K1"	.	.
"0627 Røyken (-2019)"	"Småhus"	"2011K2"	.	.
"0627 Røyken (-2019)"	"Småhus"	"2011K3"	.	.
"0627 Røyken (-2019)"	"Småhus"	"2011K4"	.	.
"0627 Røyken (-2019)"	"Småhus"	"2012K1"	.	.
"0627 Røyken (-2019)"	"Småhus"	"2012K2"	.	.
"0627 Røyken (-2019)"	"Småhus"	"2012K3"	.	.
"0627 Røyken (-2019)"	"Småhus"	"2012K4"	.	.
"0627 Røyken (-2019)"	"Småhus"	"2013K1"	22079	15
"0627 Røyken (-2019)"	"Småhus"	"2013K2"	23482	16
"0627 Røyken (-2019)"	"Småhus"	"2013K3"	23810	17
"0627 Røyken (-2019)"	"Småhus"	"2013K4"	22612	21
"0627 Røyken (-2019)"	"Småhus"	"2014K1"	..	9
"0627 Røyken (-2019)"	"Småhus"	"2014K2"	23226	25
"0627 Røyken (-2019)"	"Småhus"	"2014K3"	22240	12
"0627 Røyken (-2019)"	"Småhus"	"2014K4"	25330	10
"0627 Røyken (-2019)"	"Småhus"	"2015K1"	25200	13
"0627 Røyken (-2019)"	"Småhus"	"2015K2"	25168	20
"0627 Røyken (-2019)"	"Småhus"	"2015K3"	27448	13
"0627 Røyken (-2019)"	"Småhus"	"2015K4"	26983	16
"0627 Røyken (-2019)"	"Småhus"	"2016K1"	25841	16
"0627 Røyken (-2019)"	"Småhus"	"2016K2"	26678	22
"0627 Røyken (-2019)"	"Småhus"	"2016K3"	..	9
"0627 Røyken (-2019)"	"Småhus"	"2016K4"	28981	11
"0627 Røyken (-2019)"	"Småhus"	"2017K1"	32193	14
"0627 Røyken (-2019)"	"Småhus"	"2017K2"	31054	21
"0627 Røyken (-2019)"	"Småhus"	"2017K3"	32953	15
"0627 Røyken (-2019)"	"Småhus"	"2017K4"	30221	17
"0627 Røyken (-2019)"	"Småhus"	"2018K1"	31192	11
"0627 Røyken (-2019)"	"Småhus"	"2018K2"	32491	27
"0627 Røyken (-2019)"	"Småhus"	"2018K3"	33174	17
"0627 Røyken (-2019)"	"Småhus"	"2018K4"	31116	18
"0627 Røyken (-2019)"	"Småhus"	"2019K1"	34072	21
"0627 Røyken (-2019)"	"Småhus"	"2019K2"	32117	27
"0627 Røyken (-2019)"	"Småhus"	"2019K3"	35138	25
"0627 Røyken (-2019)"	"Småhus"	"2019K4"	32126	13
"0627 Røyken (-2019)"	"Småhus"	"2020K1"	.	.
"0627 Røyken (-2019)"	"Småhus"	"2020K2"	.	.
"0627 Røyken (-2019)"	"Småhus"	"2020K3"	.	.
"0627 Røyken (-2019)"	"Småhus"	"2020K4"	.	.
"0627 Røyken (-2019)"	"Småhus"	"2021K1"	.	.
"0627 Røyken (-2019)"	"Småhus"	"2021K2"	.	.
"0627 Røyken (-2019)"	"Småhus"	"2021K3"	.	.
"0627 Røyken (-2019)"	"Småhus"	"2021K4"	.	.
"0627 Røyken (-2019)"	"Småhus"	"2022K1"	.	.
"0627 Røyken (-2019)"	"Småhus"	"2022K2"	.	.
"0627 Røyken (-2019)"	"Småhus"	"2022K3"	.	.
"0627 Røyken (-2019)"	"Småhus"	"2022K4"	.	.
"0627 Røyken (-2019)"	"Småhus"	"2023K1"	.	.
"0627 Røyken (-2019)"	"Småhus"	"2023K2"	.	.
"0627 Røyken (-2019)"	"Småhus"	"2023K3"	.	.
"0627 Røyken (-2019)"	"Blokkleiligheter"	"2006K1"	.	.
"0627 Røyken (-2019)"	"Blokkleiligheter"	"2006K2"	.	.
"0627 Røyken (-2019)"	"Blokkleiligheter"	"2006K3"	.	.
"0627 Røyken (-2019)"	"Blokkleiligheter"	"2006K4"	.	.
"0627 Røyken (-2019)"	"Blokkleiligheter"	"2007K1"	.	.
"0627 Røyken (-2019)"	"Blokkleiligheter"	"2007K2"	.	.
"0627 Røyken (-2019)"	"Blokkleiligheter"	"2007K3"	.	.
"0627 Røyken (-2019)"	"Blokkleiligheter"	"2007K4"	.	.
"0627 Røyken (-2019)"	"Blokkleiligheter"	"2008K1"	.	.
"0627 Røyken (-2019)"	"Blokkleiligheter"	"2008K2"	.	.
"0627 Røyken (-2019)"	"Blokkleiligheter"	"2008K3"	.	.
"0627 Røyken (-2019)"	"Blokkleiligheter"	"2008K4"	.	.
"0627 Røyken (-2019)"	"Blokkleiligheter"	"2009K1"	.	.
"0627 Røyken (-2019)"	"Blokkleiligheter"	"2009K2"	.	.
"0627 Røyken (-2019)"	"Blokkleiligheter"	"2009K3"	.	.
"0627 Røyken (-2019)"	"Blokkleiligheter"	"2009K4"	.	.
"0627 Røyken (-2019)"	"Blokkleiligheter"	"2010K1"	.	.
"0627 Røyken (-2019)"	"Blokkleiligheter"	"2010K2"	.	.
"0627 Røyken (-2019)"	"Blokkleiligheter"	"2010K3"	.	.
"0627 Røyken (-2019)"	"Blokkleiligheter"	"2010K4"	.	.
"0627 Røyken (-2019)"	"Blokkleiligheter"	"2011K1"	.	.
"0627 Røyken (-2019)"	"Blokkleiligheter"	"2011K2"	.	.
"0627 Røyken (-2019)"	"Blokkleiligheter"	"2011K3"	.	.
"0627 Røyken (-2019)"	"Blokkleiligheter"	"2011K4"	.	.
"0627 Røyken (-2019)"	"Blokkleiligheter"	"2012K1"	.	.
"0627 Røyken (-2019)"	"Blokkleiligheter"	"2012K2"	.	.
"0627 Røyken (-2019)"	"Blokkleiligheter"	"2012K3"	.	.
"0627 Røyken (-2019)"	"Blokkleiligheter"	"2012K4"	.	.
"0627 Røyken (-2019)"	"Blokkleiligheter"	"2013K1"	28657	19
"0627 Røyken (-2019)"	"Blokkleiligheter"	"2013K2"	30082	23
"0627 Røyken (-2019)"	"Blokkleiligheter"	"2013K3"	30434	15
"0627 Røyken (-2019)"	"Blokkleiligheter"	"2013K4"	..	8
"0627 Røyken (-2019)"	"Blokkleiligheter"	"2014K1"	30233	18
"0627 Røyken (-2019)"	"Blokkleiligheter"	"2014K2"	..	9
"0627 Røyken (-2019)"	"Blokkleiligheter"	"2014K3"	33280	17
"0627 Røyken (-2019)"	"Blokkleiligheter"	"2014K4"	30817	20
"0627 Røyken (-2019)"	"Blokkleiligheter"	"2015K1"	33771	17
"0627 Røyken (-2019)"	"Blokkleiligheter"	"2015K2"	35338	24
"0627 Røyken (-2019)"	"Blokkleiligheter"	"2015K3"	36123	13
"0627 Røyken (-2019)"	"Blokkleiligheter"	"2015K4"	33545	12
"0627 Røyken (-2019)"	"Blokkleiligheter"	"2016K1"	35862	12
"0627 Røyken (-2019)"	"Blokkleiligheter"	"2016K2"	38034	17
"0627 Røyken (-2019)"	"Blokkleiligheter"	"2016K3"	41065	17
"0627 Røyken (-2019)"	"Blokkleiligheter"	"2016K4"	..	8
"0627 Røyken (-2019)"	"Blokkleiligheter"	"2017K1"	40655	16
"0627 Røyken (-2019)"	"Blokkleiligheter"	"2017K2"	43210	21
"0627 Røyken (-2019)"	"Blokkleiligheter"	"2017K3"	42401	15
"0627 Røyken (-2019)"	"Blokkleiligheter"	"2017K4"	..	9
"0627 Røyken (-2019)"	"Blokkleiligheter"	"2018K1"	..	7
"0627 Røyken (-2019)"	"Blokkleiligheter"	"2018K2"	40879	24
"0627 Røyken (-2019)"	"Blokkleiligheter"	"2018K3"	44225	18
"0627 Røyken (-2019)"	"Blokkleiligheter"	"2018K4"	45448	10
"0627 Røyken (-2019)"	"Blokkleiligheter"	"2019K1"	45322	17
"0627 Røyken (-2019)"	"Blokkleiligheter"	"2019K2"	45349	21
"0627 Røyken (-2019)"	"Blokkleiligheter"	"2019K3"	44356	29
"0627 Røyken (-2019)"	"Blokkleiligheter"	"2019K4"	43778	21
"0627 Røyken (-2019)"	"Blokkleiligheter"	"2020K1"	.	.
"0627 Røyken (-2019)"	"Blokkleiligheter"	"2020K2"	.	.
"0627 Røyken (-2019)"	"Blokkleiligheter"	"2020K3"	.	.
"0627 Røyken (-2019)"	"Blokkleiligheter"	"2020K4"	.	.
"0627 Røyken (-2019)"	"Blokkleiligheter"	"2021K1"	.	.
"0627 Røyken (-2019)"	"Blokkleiligheter"	"2021K2"	.	.
"0627 Røyken (-2019)"	"Blokkleiligheter"	"2021K3"	.	.
"0627 Røyken (-2019)"	"Blokkleiligheter"	"2021K4"	.	.
"0627 Røyken (-2019)"	"Blokkleiligheter"	"2022K1"	.	.
"0627 Røyken (-2019)"	"Blokkleiligheter"	"2022K2"	.	.
"0627 Røyken (-2019)"	"Blokkleiligheter"	"2022K3"	.	.
"0627 Røyken (-2019)"	"Blokkleiligheter"	"2022K4"	.	.
"0627 Røyken (-2019)"	"Blokkleiligheter"	"2023K1"	.	.
"0627 Røyken (-2019)"	"Blokkleiligheter"	"2023K2"	.	.
"0627 Røyken (-2019)"	"Blokkleiligheter"	"2023K3"	.	.
"0301 Oslo"	"Eneboliger"	"2006K1"	26182	198
"0301 Oslo"	"Eneboliger"	"2006K2"	28414	259
"0301 Oslo"	"Eneboliger"	"2006K3"	28931	226
"0301 Oslo"	"Eneboliger"	"2006K4"	28730	184
"0301 Oslo"	"Eneboliger"	"2007K1"	31557	185
"0301 Oslo"	"Eneboliger"	"2007K2"	31576	272
"0301 Oslo"	"Eneboliger"	"2007K3"	31844	161
"0301 Oslo"	"Eneboliger"	"2007K4"	30717	195
"0301 Oslo"	"Eneboliger"	"2008K1"	31837	140
"0301 Oslo"	"Eneboliger"	"2008K2"	32414	261
"0301 Oslo"	"Eneboliger"	"2008K3"	31613	129
"0301 Oslo"	"Eneboliger"	"2008K4"	29538	110
"0301 Oslo"	"Eneboliger"	"2009K1"	29838	127
"0301 Oslo"	"Eneboliger"	"2009K2"	31851	243
"0301 Oslo"	"Eneboliger"	"2009K3"	34153	186
"0301 Oslo"	"Eneboliger"	"2009K4"	33254	188
"0301 Oslo"	"Eneboliger"	"2010K1"	32587	146
"0301 Oslo"	"Eneboliger"	"2010K2"	35344	285
"0301 Oslo"	"Eneboliger"	"2010K3"	36481	216
"0301 Oslo"	"Eneboliger"	"2010K4"	35093	186
"0301 Oslo"	"Eneboliger"	"2011K1"	37859	195
"0301 Oslo"	"Eneboliger"	"2011K2"	38309	282
"0301 Oslo"	"Eneboliger"	"2011K3"	39563	238
"0301 Oslo"	"Eneboliger"	"2011K4"	38031	196
"0301 Oslo"	"Eneboliger"	"2012K1"	40211	211
"0301 Oslo"	"Eneboliger"	"2012K2"	41439	278
"0301 Oslo"	"Eneboliger"	"2012K3"	41265	201
"0301 Oslo"	"Eneboliger"	"2012K4"	41035	175
"0301 Oslo"	"Eneboliger"	"2013K1"	42144	216
"0301 Oslo"	"Eneboliger"	"2013K2"	42336	289
"0301 Oslo"	"Eneboliger"	"2013K3"	41990	206
"0301 Oslo"	"Eneboliger"	"2013K4"	41028	177
"0301 Oslo"	"Eneboliger"	"2014K1"	39603	165
"0301 Oslo"	"Eneboliger"	"2014K2"	44363	256
"0301 Oslo"	"Eneboliger"	"2014K3"	41879	190
"0301 Oslo"	"Eneboliger"	"2014K4"	43807	153
"0301 Oslo"	"Eneboliger"	"2015K1"	44494	176
"0301 Oslo"	"Eneboliger"	"2015K2"	46559	297
"0301 Oslo"	"Eneboliger"	"2015K3"	49592	209
"0301 Oslo"	"Eneboliger"	"2015K4"	45944	171
"0301 Oslo"	"Eneboliger"	"2016K1"	50060	152
"0301 Oslo"	"Eneboliger"	"2016K2"	52292	284
"0301 Oslo"	"Eneboliger"	"2016K3"	52127	200
"0301 Oslo"	"Eneboliger"	"2016K4"	52867	161
"0301 Oslo"	"Eneboliger"	"2017K1"	57823	163
"0301 Oslo"	"Eneboliger"	"2017K2"	59498	243
"0301 Oslo"	"Eneboliger"	"2017K3"	56336	177
"0301 Oslo"	"Eneboliger"	"2017K4"	55380	148
"0301 Oslo"	"Eneboliger"	"2018K1"	56567	106
"0301 Oslo"	"Eneboliger"	"2018K2"	59796	265
"0301 Oslo"	"Eneboliger"	"2018K3"	58730	204
"0301 Oslo"	"Eneboliger"	"2018K4"	58534	156
"0301 Oslo"	"Eneboliger"	"2019K1"	59078	150
"0301 Oslo"	"Eneboliger"	"2019K2"	61870	295
"0301 Oslo"	"Eneboliger"	"2019K3"	62597	239
"0301 Oslo"	"Eneboliger"	"2019K4"	62689	155
"0301 Oslo"	"Eneboliger"	"2020K1"	62419	134
"0301 Oslo"	"Eneboliger"	"2020K2"	64332	271
"0301 Oslo"	"Eneboliger"	"2020K3"	62841	232
"0301 Oslo"	"Eneboliger"	"2020K4"	66532	183
"0301 Oslo"	"Eneboliger"	"2021K1"	69369	150
"0301 Oslo"	"Eneboliger"	"2021K2"	74294	252
"0301 Oslo"	"Eneboliger"	"2021K3"	72879	193
"0301 Oslo"	"Eneboliger"	"2021K4"	70474	176
"0301 Oslo"	"Eneboliger"	"2022K1"	71302	138
"0301 Oslo"	"Eneboliger"	"2022K2"	75039	237
"0301 Oslo"	"Eneboliger"	"2022K3"	71509	175
"0301 Oslo"	"Eneboliger"	"2022K4"	69829	149
"0301 Oslo"	"Eneboliger"	"2023K1"	69868	170
"0301 Oslo"	"Eneboliger"	"2023K2"	73376	260
"0301 Oslo"	"Eneboliger"	"2023K3"	71807	183
"0301 Oslo"	"Småhus"	"2006K1"	25175	264
"0301 Oslo"	"Småhus"	"2006K2"	27250	340
"0301 Oslo"	"Småhus"	"2006K3"	28199	244
"0301 Oslo"	"Småhus"	"2006K4"	27962	244
"0301 Oslo"	"Småhus"	"2007K1"	29466	198
"0301 Oslo"	"Småhus"	"2007K2"	32085	325
"0301 Oslo"	"Småhus"	"2007K3"	31399	237
"0301 Oslo"	"Småhus"	"2007K4"	30539	280
"0301 Oslo"	"Småhus"	"2008K1"	32075	215
"0301 Oslo"	"Småhus"	"2008K2"	30968	338
"0301 Oslo"	"Småhus"	"2008K3"	30031	184
"0301 Oslo"	"Småhus"	"2008K4"	28392	176
"0301 Oslo"	"Småhus"	"2009K1"	30563	142
"0301 Oslo"	"Småhus"	"2009K2"	32290	196
"0301 Oslo"	"Småhus"	"2009K3"	33827	167
"0301 Oslo"	"Småhus"	"2009K4"	33910	161
"0301 Oslo"	"Småhus"	"2010K1"	36447	149
"0301 Oslo"	"Småhus"	"2010K2"	36128	257
"0301 Oslo"	"Småhus"	"2010K3"	37794	163
"0301 Oslo"	"Småhus"	"2010K4"	35790	117
"0301 Oslo"	"Småhus"	"2011K1"	38461	174
"0301 Oslo"	"Småhus"	"2011K2"	39430	256
"0301 Oslo"	"Småhus"	"2011K3"	39946	194
"0301 Oslo"	"Småhus"	"2011K4"	38756	154
"0301 Oslo"	"Småhus"	"2012K1"	41315	198
"0301 Oslo"	"Småhus"	"2012K2"	42276	262
"0301 Oslo"	"Småhus"	"2012K3"	41817	182
"0301 Oslo"	"Småhus"	"2012K4"	41190	158
"0301 Oslo"	"Småhus"	"2013K1"	43149	165
"0301 Oslo"	"Småhus"	"2013K2"	44758	300
"0301 Oslo"	"Småhus"	"2013K3"	43183	197
"0301 Oslo"	"Småhus"	"2013K4"	41564	174
"0301 Oslo"	"Småhus"	"2014K1"	42897	183
"0301 Oslo"	"Småhus"	"2014K2"	44663	284
"0301 Oslo"	"Småhus"	"2014K3"	44932	205
"0301 Oslo"	"Småhus"	"2014K4"	44386	170
"0301 Oslo"	"Småhus"	"2015K1"	46483	205
"0301 Oslo"	"Småhus"	"2015K2"	47085	291
"0301 Oslo"	"Småhus"	"2015K3"	48323	179
"0301 Oslo"	"Småhus"	"2015K4"	48596	179
"0301 Oslo"	"Småhus"	"2016K1"	50931	151
"0301 Oslo"	"Småhus"	"2016K2"	51780	279
"0301 Oslo"	"Småhus"	"2016K3"	56529	167
"0301 Oslo"	"Småhus"	"2016K4"	56771	153
"0301 Oslo"	"Småhus"	"2017K1"	61273	159
"0301 Oslo"	"Småhus"	"2017K2"	60726	254
"0301 Oslo"	"Småhus"	"2017K3"	60641	186
"0301 Oslo"	"Småhus"	"2017K4"	56977	138
"0301 Oslo"	"Småhus"	"2018K1"	59025	135
"0301 Oslo"	"Småhus"	"2018K2"	62175	286
"0301 Oslo"	"Småhus"	"2018K3"	62047	203
"0301 Oslo"	"Småhus"	"2018K4"	57282	169
"0301 Oslo"	"Småhus"	"2019K1"	62868	212
"0301 Oslo"	"Småhus"	"2019K2"	64308	341
"0301 Oslo"	"Småhus"	"2019K3"	63673	234
"0301 Oslo"	"Småhus"	"2019K4"	61224	185
"0301 Oslo"	"Småhus"	"2020K1"	62163	209
"0301 Oslo"	"Småhus"	"2020K2"	65946	285
"0301 Oslo"	"Småhus"	"2020K3"	65861	249
"0301 Oslo"	"Småhus"	"2020K4"	67512	187
"0301 Oslo"	"Småhus"	"2021K1"	70869	174
"0301 Oslo"	"Småhus"	"2021K2"	76048	289
"0301 Oslo"	"Småhus"	"2021K3"	75785	187
"0301 Oslo"	"Småhus"	"2021K4"	70645	165
"0301 Oslo"	"Småhus"	"2022K1"	77155	171
"0301 Oslo"	"Småhus"	"2022K2"	78176	266
"0301 Oslo"	"Småhus"	"2022K3"	74536	209
"0301 Oslo"	"Småhus"	"2022K4"	73282	161
"0301 Oslo"	"Småhus"	"2023K1"	70333	185
"0301 Oslo"	"Småhus"	"2023K2"	77449	280
"0301 Oslo"	"Småhus"	"2023K3"	76405	205
"0301 Oslo"	"Blokkleiligheter"	"2006K1"	34258	1859
"0301 Oslo"	"Blokkleiligheter"	"2006K2"	35577	2035
"0301 Oslo"	"Blokkleiligheter"	"2006K3"	38493	1675
"0301 Oslo"	"Blokkleiligheter"	"2006K4"	38619	1667
"0301 Oslo"	"Blokkleiligheter"	"2007K1"	39777	1820
"0301 Oslo"	"Blokkleiligheter"	"2007K2"	40424	2075
"0301 Oslo"	"Blokkleiligheter"	"2007K3"	40963	1793
"0301 Oslo"	"Blokkleiligheter"	"2007K4"	38840	1779
"0301 Oslo"	"Blokkleiligheter"	"2008K1"	37836	1730
"0301 Oslo"	"Blokkleiligheter"	"2008K2"	37401	2252
"0301 Oslo"	"Blokkleiligheter"	"2008K3"	37280	1441
"0301 Oslo"	"Blokkleiligheter"	"2008K4"	35267	861
"0301 Oslo"	"Blokkleiligheter"	"2009K1"	36691	1183
"0301 Oslo"	"Blokkleiligheter"	"2009K2"	38832	1590
"0301 Oslo"	"Blokkleiligheter"	"2009K3"	40950	1573
"0301 Oslo"	"Blokkleiligheter"	"2009K4"	40654	1407
"0301 Oslo"	"Blokkleiligheter"	"2010K1"	41467	1456
"0301 Oslo"	"Blokkleiligheter"	"2010K2"	42324	1929
"0301 Oslo"	"Blokkleiligheter"	"2010K3"	43198	1806
"0301 Oslo"	"Blokkleiligheter"	"2010K4"	43219	1481
"0301 Oslo"	"Blokkleiligheter"	"2011K1"	46319	1656
"0301 Oslo"	"Blokkleiligheter"	"2011K2"	47183	1874
"0301 Oslo"	"Blokkleiligheter"	"2011K3"	48334	1735
"0301 Oslo"	"Blokkleiligheter"	"2011K4"	48120	1492
"0301 Oslo"	"Blokkleiligheter"	"2012K1"	49551	1711
"0301 Oslo"	"Blokkleiligheter"	"2012K2"	50866	2032
"0301 Oslo"	"Blokkleiligheter"	"2012K3"	52933	1610
"0301 Oslo"	"Blokkleiligheter"	"2012K4"	52272	1386
"0301 Oslo"	"Blokkleiligheter"	"2013K1"	54112	1510
"0301 Oslo"	"Blokkleiligheter"	"2013K2"	53632	1914
"0301 Oslo"	"Blokkleiligheter"	"2013K3"	52996	1614
"0301 Oslo"	"Blokkleiligheter"	"2013K4"	50995	1300
"0301 Oslo"	"Blokkleiligheter"	"2014K1"	51573	1551
"0301 Oslo"	"Blokkleiligheter"	"2014K2"	53726	1894
"0301 Oslo"	"Blokkleiligheter"	"2014K3"	55984	1779
"0301 Oslo"	"Blokkleiligheter"	"2014K4"	55062	1411
"0301 Oslo"	"Blokkleiligheter"	"2015K1"	58726	1943
"0301 Oslo"	"Blokkleiligheter"	"2015K2"	60791	2152
"0301 Oslo"	"Blokkleiligheter"	"2015K3"	62130	1766
"0301 Oslo"	"Blokkleiligheter"	"2015K4"	60605	1409
"0301 Oslo"	"Blokkleiligheter"	"2016K1"	63818	1572
"0301 Oslo"	"Blokkleiligheter"	"2016K2"	68883	2218
"0301 Oslo"	"Blokkleiligheter"	"2016K3"	74486	1635
"0301 Oslo"	"Blokkleiligheter"	"2016K4"	76193	1290
"0301 Oslo"	"Blokkleiligheter"	"2017K1"	79594	1650
"0301 Oslo"	"Blokkleiligheter"	"2017K2"	76371	1857
"0301 Oslo"	"Blokkleiligheter"	"2017K3"	74862	1552
"0301 Oslo"	"Blokkleiligheter"	"2017K4"	71287	1326
"0301 Oslo"	"Blokkleiligheter"	"2018K1"	73855	1200
"0301 Oslo"	"Blokkleiligheter"	"2018K2"	77284	2048
"0301 Oslo"	"Blokkleiligheter"	"2018K3"	78063	1635
"0301 Oslo"	"Blokkleiligheter"	"2018K4"	74762	1353
"0301 Oslo"	"Blokkleiligheter"	"2019K1"	77526	1743
"0301 Oslo"	"Blokkleiligheter"	"2019K2"	79149	2286
"0301 Oslo"	"Blokkleiligheter"	"2019K3"	80163	1863
"0301 Oslo"	"Blokkleiligheter"	"2019K4"	78366	1530
"0301 Oslo"	"Blokkleiligheter"	"2020K1"	80914	1777
"0301 Oslo"	"Blokkleiligheter"	"2020K2"	81223	2117
"0301 Oslo"	"Blokkleiligheter"	"2020K3"	85230	2313
"0301 Oslo"	"Blokkleiligheter"	"2020K4"	85845	1653
"0301 Oslo"	"Blokkleiligheter"	"2021K1"	92014	2088
"0301 Oslo"	"Blokkleiligheter"	"2021K2"	92559	2567
"0301 Oslo"	"Blokkleiligheter"	"2021K3"	93804	2016
"0301 Oslo"	"Blokkleiligheter"	"2021K4"	89966	1639
"0301 Oslo"	"Blokkleiligheter"	"2022K1"	97319	1791
"0301 Oslo"	"Blokkleiligheter"	"2022K2"	97843	2319
"0301 Oslo"	"Blokkleiligheter"	"2022K3"	98011	1856
"0301 Oslo"	"Blokkleiligheter"	"2022K4"	93475	1342
"0301 Oslo"	"Blokkleiligheter"	"2023K1"	96975	1878
"0301 Oslo"	"Blokkleiligheter"	"2023K2"	99872	2318
"0301 Oslo"	"Blokkleiligheter"	"2023K3"	98542	1852
"3403 Hamar"	"Eneboliger"	"2006K1"	.	.
"3403 Hamar"	"Eneboliger"	"2006K2"	.	.
"3403 Hamar"	"Eneboliger"	"2006K3"	.	.
"3403 Hamar"	"Eneboliger"	"2006K4"	.	.
"3403 Hamar"	"Eneboliger"	"2007K1"	.	.
"3403 Hamar"	"Eneboliger"	"2007K2"	.	.
"3403 Hamar"	"Eneboliger"	"2007K3"	.	.
"3403 Hamar"	"Eneboliger"	"2007K4"	.	.
"3403 Hamar"	"Eneboliger"	"2008K1"	.	.
"3403 Hamar"	"Eneboliger"	"2008K2"	.	.
"3403 Hamar"	"Eneboliger"	"2008K3"	.	.
"3403 Hamar"	"Eneboliger"	"2008K4"	.	.
"3403 Hamar"	"Eneboliger"	"2009K1"	.	.
"3403 Hamar"	"Eneboliger"	"2009K2"	.	.
"3403 Hamar"	"Eneboliger"	"2009K3"	.	.
"3403 Hamar"	"Eneboliger"	"2009K4"	.	.
"3403 Hamar"	"Eneboliger"	"2010K1"	.	.
"3403 Hamar"	"Eneboliger"	"2010K2"	.	.
"3403 Hamar"	"Eneboliger"	"2010K3"	.	.
"3403 Hamar"	"Eneboliger"	"2010K4"	.	.
"3403 Hamar"	"Eneboliger"	"2011K1"	.	.
"3403 Hamar"	"Eneboliger"	"2011K2"	.	.
"3403 Hamar"	"Eneboliger"	"2011K3"	.	.
"3403 Hamar"	"Eneboliger"	"2011K4"	.	.
"3403 Hamar"	"Eneboliger"	"2012K1"	.	.
"3403 Hamar"	"Eneboliger"	"2012K2"	.	.
"3403 Hamar"	"Eneboliger"	"2012K3"	.	.
"3403 Hamar"	"Eneboliger"	"2012K4"	.	.
"3403 Hamar"	"Eneboliger"	"2013K1"	.	.
"3403 Hamar"	"Eneboliger"	"2013K2"	.	.
"3403 Hamar"	"Eneboliger"	"2013K3"	.	.
"3403 Hamar"	"Eneboliger"	"2013K4"	.	.
"3403 Hamar"	"Eneboliger"	"2014K1"	.	.
"3403 Hamar"	"Eneboliger"	"2014K2"	.	.
"3403 Hamar"	"Eneboliger"	"2014K3"	.	.
"3403 Hamar"	"Eneboliger"	"2014K4"	.	.
"3403 Hamar"	"Eneboliger"	"2015K1"	.	.
"3403 Hamar"	"Eneboliger"	"2015K2"	.	.
"3403 Hamar"	"Eneboliger"	"2015K3"	.	.
"3403 Hamar"	"Eneboliger"	"2015K4"	.	.
"3403 Hamar"	"Eneboliger"	"2016K1"	.	.
"3403 Hamar"	"Eneboliger"	"2016K2"	.	.
"3403 Hamar"	"Eneboliger"	"2016K3"	.	.
"3403 Hamar"	"Eneboliger"	"2016K4"	.	.
"3403 Hamar"	"Eneboliger"	"2017K1"	.	.
"3403 Hamar"	"Eneboliger"	"2017K2"	.	.
"3403 Hamar"	"Eneboliger"	"2017K3"	.	.
"3403 Hamar"	"Eneboliger"	"2017K4"	.	.
"3403 Hamar"	"Eneboliger"	"2018K1"	.	.
"3403 Hamar"	"Eneboliger"	"2018K2"	.	.
"3403 Hamar"	"Eneboliger"	"2018K3"	.	.
"3403 Hamar"	"Eneboliger"	"2018K4"	.	.
"3403 Hamar"	"Eneboliger"	"2019K1"	.	.
"3403 Hamar"	"Eneboliger"	"2019K2"	.	.
"3403 Hamar"	"Eneboliger"	"2019K3"	.	.
"3403 Hamar"	"Eneboliger"	"2019K4"	.	.
"3403 Hamar"	"Eneboliger"	"2020K1"	26211	41
"3403 Hamar"	"Eneboliger"	"2020K2"	29144	72
"3403 Hamar"	"Eneboliger"	"2020K3"	27099	72
"3403 Hamar"	"Eneboliger"	"2020K4"	27537	60
"3403 Hamar"	"Eneboliger"	"2021K1"	29062	64
"3403 Hamar"	"Eneboliger"	"2021K2"	33482	86
"3403 Hamar"	"Eneboliger"	"2021K3"	34030	50
"3403 Hamar"	"Eneboliger"	"2021K4"	32049	33
"3403 Hamar"	"Eneboliger"	"2022K1"	34729	49
"3403 Hamar"	"Eneboliger"	"2022K2"	32032	65
"3403 Hamar"	"Eneboliger"	"2022K3"	30695	50
"3403 Hamar"	"Eneboliger"	"2022K4"	30570	32
"3403 Hamar"	"Eneboliger"	"2023K1"	31710	55
"3403 Hamar"	"Eneboliger"	"2023K2"	32400	61
"3403 Hamar"	"Eneboliger"	"2023K3"	30648	49
"3403 Hamar"	"Småhus"	"2006K1"	.	.
"3403 Hamar"	"Småhus"	"2006K2"	.	.
"3403 Hamar"	"Småhus"	"2006K3"	.	.
"3403 Hamar"	"Småhus"	"2006K4"	.	.
"3403 Hamar"	"Småhus"	"2007K1"	.	.
"3403 Hamar"	"Småhus"	"2007K2"	.	.
"3403 Hamar"	"Småhus"	"2007K3"	.	.
"3403 Hamar"	"Småhus"	"2007K4"	.	.
"3403 Hamar"	"Småhus"	"2008K1"	.	.
"3403 Hamar"	"Småhus"	"2008K2"	.	.
"3403 Hamar"	"Småhus"	"2008K3"	.	.
"3403 Hamar"	"Småhus"	"2008K4"	.	.
"3403 Hamar"	"Småhus"	"2009K1"	.	.
"3403 Hamar"	"Småhus"	"2009K2"	.	.
"3403 Hamar"	"Småhus"	"2009K3"	.	.
"3403 Hamar"	"Småhus"	"2009K4"	.	.
"3403 Hamar"	"Småhus"	"2010K1"	.	.
"3403 Hamar"	"Småhus"	"2010K2"	.	.
"3403 Hamar"	"Småhus"	"2010K3"	.	.
"3403 Hamar"	"Småhus"	"2010K4"	.	.
"3403 Hamar"	"Småhus"	"2011K1"	.	.
"3403 Hamar"	"Småhus"	"2011K2"	.	.
"3403 Hamar"	"Småhus"	"2011K3"	.	.
"3403 Hamar"	"Småhus"	"2011K4"	.	.
"3403 Hamar"	"Småhus"	"2012K1"	.	.
"3403 Hamar"	"Småhus"	"2012K2"	.	.
"3403 Hamar"	"Småhus"	"2012K3"	.	.
"3403 Hamar"	"Småhus"	"2012K4"	.	.
"3403 Hamar"	"Småhus"	"2013K1"	.	.
"3403 Hamar"	"Småhus"	"2013K2"	.	.
"3403 Hamar"	"Småhus"	"2013K3"	.	.
"3403 Hamar"	"Småhus"	"2013K4"	.	.
"3403 Hamar"	"Småhus"	"2014K1"	.	.
"3403 Hamar"	"Småhus"	"2014K2"	.	.
"3403 Hamar"	"Småhus"	"2014K3"	.	.
"3403 Hamar"	"Småhus"	"2014K4"	.	.
"3403 Hamar"	"Småhus"	"2015K1"	.	.
"3403 Hamar"	"Småhus"	"2015K2"	.	.
"3403 Hamar"	"Småhus"	"2015K3"	.	.
"3403 Hamar"	"Småhus"	"2015K4"	.	.
"3403 Hamar"	"Småhus"	"2016K1"	.	.
"3403 Hamar"	"Småhus"	"2016K2"	.	.
"3403 Hamar"	"Småhus"	"2016K3"	.	.
"3403 Hamar"	"Småhus"	"2016K4"	.	.
"3403 Hamar"	"Småhus"	"2017K1"	.	.
"3403 Hamar"	"Småhus"	"2017K2"	.	.
"3403 Hamar"	"Småhus"	"2017K3"	.	.
"3403 Hamar"	"Småhus"	"2017K4"	.	.
"3403 Hamar"	"Småhus"	"2018K1"	.	.
"3403 Hamar"	"Småhus"	"2018K2"	.	.
"3403 Hamar"	"Småhus"	"2018K3"	.	.
"3403 Hamar"	"Småhus"	"2018K4"	.	.
"3403 Hamar"	"Småhus"	"2019K1"	.	.
"3403 Hamar"	"Småhus"	"2019K2"	.	.
"3403 Hamar"	"Småhus"	"2019K3"	.	.
"3403 Hamar"	"Småhus"	"2019K4"	.	.
"3403 Hamar"	"Småhus"	"2020K1"	30536	18
"3403 Hamar"	"Småhus"	"2020K2"	32087	18
"3403 Hamar"	"Småhus"	"2020K3"	34661	10
"3403 Hamar"	"Småhus"	"2020K4"	32000	12
"3403 Hamar"	"Småhus"	"2021K1"	..	5
"3403 Hamar"	"Småhus"	"2021K2"	36362	14
"3403 Hamar"	"Småhus"	"2021K3"	..	9
"3403 Hamar"	"Småhus"	"2021K4"	..	9
"3403 Hamar"	"Småhus"	"2022K1"	40313	15
"3403 Hamar"	"Småhus"	"2022K2"	44067	15
"3403 Hamar"	"Småhus"	"2022K3"	..	9
"3403 Hamar"	"Småhus"	"2022K4"	..	5
"3403 Hamar"	"Småhus"	"2023K1"	..	1
"3403 Hamar"	"Småhus"	"2023K2"	41598	17
"3403 Hamar"	"Småhus"	"2023K3"	37295	10
"3403 Hamar"	"Blokkleiligheter"	"2006K1"	.	.
"3403 Hamar"	"Blokkleiligheter"	"2006K2"	.	.
"3403 Hamar"	"Blokkleiligheter"	"2006K3"	.	.
"3403 Hamar"	"Blokkleiligheter"	"2006K4"	.	.
"3403 Hamar"	"Blokkleiligheter"	"2007K1"	.	.
"3403 Hamar"	"Blokkleiligheter"	"2007K2"	.	.
"3403 Hamar"	"Blokkleiligheter"	"2007K3"	.	.
"3403 Hamar"	"Blokkleiligheter"	"2007K4"	.	.
"3403 Hamar"	"Blokkleiligheter"	"2008K1"	.	.
"3403 Hamar"	"Blokkleiligheter"	"2008K2"	.	.
"3403 Hamar"	"Blokkleiligheter"	"2008K3"	.	.
"3403 Hamar"	"Blokkleiligheter"	"2008K4"	.	.
"3403 Hamar"	"Blokkleiligheter"	"2009K1"	.	.
"3403 Hamar"	"Blokkleiligheter"	"2009K2"	.	.
"3403 Hamar"	"Blokkleiligheter"	"2009K3"	.	.
"3403 Hamar"	"Blokkleiligheter"	"2009K4"	.	.
"3403 Hamar"	"Blokkleiligheter"	"2010K1"	.	.
"3403 Hamar"	"Blokkleiligheter"	"2010K2"	.	.
"3403 Hamar"	"Blokkleiligheter"	"2010K3"	.	.
"3403 Hamar"	"Blokkleiligheter"	"2010K4"	.	.
"3403 Hamar"	"Blokkleiligheter"	"2011K1"	.	.
"3403 Hamar"	"Blokkleiligheter"	"2011K2"	.	.
"3403 Hamar"	"Blokkleiligheter"	"2011K3"	.	.
"3403 Hamar"	"Blokkleiligheter"	"2011K4"	.	.
"3403 Hamar"	"Blokkleiligheter"	"2012K1"	.	.
"3403 Hamar"	"Blokkleiligheter"	"2012K2"	.	.
"3403 Hamar"	"Blokkleiligheter"	"2012K3"	.	.
"3403 Hamar"	"Blokkleiligheter"	"2012K4"	.	.
"3403 Hamar"	"Blokkleiligheter"	"2013K1"	.	.
"3403 Hamar"	"Blokkleiligheter"	"2013K2"	.	.
"3403 Hamar"	"Blokkleiligheter"	"2013K3"	.	.
"3403 Hamar"	"Blokkleiligheter"	"2013K4"	.	.
"3403 Hamar"	"Blokkleiligheter"	"2014K1"	.	.
"3403 Hamar"	"Blokkleiligheter"	"2014K2"	.	.
"3403 Hamar"	"Blokkleiligheter"	"2014K3"	.	.
"3403 Hamar"	"Blokkleiligheter"	"2014K4"	.	.
"3403 Hamar"	"Blokkleiligheter"	"2015K1"	.	.
"3403 Hamar"	"Blokkleiligheter"	"2015K2"	.	.
"3403 Hamar"	"Blokkleiligheter"	"2015K3"	.	.
"3403 Hamar"	"Blokkleiligheter"	"2015K4"	.	.
"3403 Hamar"	"Blokkleiligheter"	"2016K1"	.	.
"3403 Hamar"	"Blokkleiligheter"	"2016K2"	.	.
"3403 Hamar"	"Blokkleiligheter"	"2016K3"	.	.
"3403 Hamar"	"Blokkleiligheter"	"2016K4"	.	.
"3403 Hamar"	"Blokkleiligheter"	"2017K1"	.	.
"3403 Hamar"	"Blokkleiligheter"	"2017K2"	.	.
"3403 Hamar"	"Blokkleiligheter"	"2017K3"	.	.
"3403 Hamar"	"Blokkleiligheter"	"2017K4"	.	.
"3403 Hamar"	"Blokkleiligheter"	"2018K1"	.	.
"3403 Hamar"	"Blokkleiligheter"	"2018K2"	.	.
"3403 Hamar"	"Blokkleiligheter"	"2018K3"	.	.
"3403 Hamar"	"Blokkleiligheter"	"2018K4"	.	.
"3403 Hamar"	"Blokkleiligheter"	"2019K1"	.	.
"3403 Hamar"	"Blokkleiligheter"	"2019K2"	.	.
"3403 Hamar"	"Blokkleiligheter"	"2019K3"	.	.
"3403 Hamar"	"Blokkleiligheter"	"2019K4"	.	.
"3403 Hamar"	"Blokkleiligheter"	"2020K1"	45503	29
"3403 Hamar"	"Blokkleiligheter"	"2020K2"	41352	26
"3403 Hamar"	"Blokkleiligheter"	"2020K3"	41666	34
"3403 Hamar"	"Blokkleiligheter"	"2020K4"	47577	27
"3403 Hamar"	"Blokkleiligheter"	"2021K1"	49959	31
"3403 Hamar"	"Blokkleiligheter"	"2021K2"	48414	33
"3403 Hamar"	"Blokkleiligheter"	"2021K3"	48133	27
"3403 Hamar"	"Blokkleiligheter"	"2021K4"	46447	25
"3403 Hamar"	"Blokkleiligheter"	"2022K1"	51654	26
"3403 Hamar"	"Blokkleiligheter"	"2022K2"	47404	38
"3403 Hamar"	"Blokkleiligheter"	"2022K3"	59335	16
"3403 Hamar"	"Blokkleiligheter"	"2022K4"	48177	22
"3403 Hamar"	"Blokkleiligheter"	"2023K1"	55564	27
"3403 Hamar"	"Blokkleiligheter"	"2023K2"	48149	33
"3403 Hamar"	"Blokkleiligheter"	"2023K3"	49572	22
"3405 Lillehammer"	"Eneboliger"	"2006K1"	.	.
"3405 Lillehammer"	"Eneboliger"	"2006K2"	.	.
"3405 Lillehammer"	"Eneboliger"	"2006K3"	.	.
"3405 Lillehammer"	"Eneboliger"	"2006K4"	.	.
"3405 Lillehammer"	"Eneboliger"	"2007K1"	.	.
"3405 Lillehammer"	"Eneboliger"	"2007K2"	.	.
"3405 Lillehammer"	"Eneboliger"	"2007K3"	.	.
"3405 Lillehammer"	"Eneboliger"	"2007K4"	.	.
"3405 Lillehammer"	"Eneboliger"	"2008K1"	.	.
"3405 Lillehammer"	"Eneboliger"	"2008K2"	.	.
"3405 Lillehammer"	"Eneboliger"	"2008K3"	.	.
"3405 Lillehammer"	"Eneboliger"	"2008K4"	.	.
"3405 Lillehammer"	"Eneboliger"	"2009K1"	.	.
"3405 Lillehammer"	"Eneboliger"	"2009K2"	.	.
"3405 Lillehammer"	"Eneboliger"	"2009K3"	.	.
"3405 Lillehammer"	"Eneboliger"	"2009K4"	.	.
"3405 Lillehammer"	"Eneboliger"	"2010K1"	.	.
"3405 Lillehammer"	"Eneboliger"	"2010K2"	.	.
"3405 Lillehammer"	"Eneboliger"	"2010K3"	.	.
"3405 Lillehammer"	"Eneboliger"	"2010K4"	.	.
"3405 Lillehammer"	"Eneboliger"	"2011K1"	.	.
"3405 Lillehammer"	"Eneboliger"	"2011K2"	.	.
"3405 Lillehammer"	"Eneboliger"	"2011K3"	.	.
"3405 Lillehammer"	"Eneboliger"	"2011K4"	.	.
"3405 Lillehammer"	"Eneboliger"	"2012K1"	.	.
"3405 Lillehammer"	"Eneboliger"	"2012K2"	.	.
"3405 Lillehammer"	"Eneboliger"	"2012K3"	.	.
"3405 Lillehammer"	"Eneboliger"	"2012K4"	.	.
"3405 Lillehammer"	"Eneboliger"	"2013K1"	.	.
"3405 Lillehammer"	"Eneboliger"	"2013K2"	.	.
"3405 Lillehammer"	"Eneboliger"	"2013K3"	.	.
"3405 Lillehammer"	"Eneboliger"	"2013K4"	.	.
"3405 Lillehammer"	"Eneboliger"	"2014K1"	.	.
"3405 Lillehammer"	"Eneboliger"	"2014K2"	.	.
"3405 Lillehammer"	"Eneboliger"	"2014K3"	.	.
"3405 Lillehammer"	"Eneboliger"	"2014K4"	.	.
"3405 Lillehammer"	"Eneboliger"	"2015K1"	.	.
"3405 Lillehammer"	"Eneboliger"	"2015K2"	.	.
"3405 Lillehammer"	"Eneboliger"	"2015K3"	.	.
"3405 Lillehammer"	"Eneboliger"	"2015K4"	.	.
"3405 Lillehammer"	"Eneboliger"	"2016K1"	.	.
"3405 Lillehammer"	"Eneboliger"	"2016K2"	.	.
"3405 Lillehammer"	"Eneboliger"	"2016K3"	.	.
"3405 Lillehammer"	"Eneboliger"	"2016K4"	.	.
"3405 Lillehammer"	"Eneboliger"	"2017K1"	.	.
"3405 Lillehammer"	"Eneboliger"	"2017K2"	.	.
"3405 Lillehammer"	"Eneboliger"	"2017K3"	.	.
"3405 Lillehammer"	"Eneboliger"	"2017K4"	.	.
"3405 Lillehammer"	"Eneboliger"	"2018K1"	.	.
"3405 Lillehammer"	"Eneboliger"	"2018K2"	.	.
"3405 Lillehammer"	"Eneboliger"	"2018K3"	.	.
"3405 Lillehammer"	"Eneboliger"	"2018K4"	.	.
"3405 Lillehammer"	"Eneboliger"	"2019K1"	.	.
"3405 Lillehammer"	"Eneboliger"	"2019K2"	.	.
"3405 Lillehammer"	"Eneboliger"	"2019K3"	.	.
"3405 Lillehammer"	"Eneboliger"	"2019K4"	.	.
"3405 Lillehammer"	"Eneboliger"	"2020K1"	28192	32
"3405 Lillehammer"	"Eneboliger"	"2020K2"	28204	48
"3405 Lillehammer"	"Eneboliger"	"2020K3"	28948	49
"3405 Lillehammer"	"Eneboliger"	"2020K4"	25922	31
"3405 Lillehammer"	"Eneboliger"	"2021K1"	32297	32
"3405 Lillehammer"	"Eneboliger"	"2021K2"	30294	65
"3405 Lillehammer"	"Eneboliger"	"2021K3"	28663	49
"3405 Lillehammer"	"Eneboliger"	"2021K4"	26901	31
"3405 Lillehammer"	"Eneboliger"	"2022K1"	28707	36
"3405 Lillehammer"	"Eneboliger"	"2022K2"	32399	66
"3405 Lillehammer"	"Eneboliger"	"2022K3"	29655	33
"3405 Lillehammer"	"Eneboliger"	"2022K4"	28760	28
"3405 Lillehammer"	"Eneboliger"	"2023K1"	30332	35
"3405 Lillehammer"	"Eneboliger"	"2023K2"	30987	48
"3405 Lillehammer"	"Eneboliger"	"2023K3"	28888	44
"3405 Lillehammer"	"Småhus"	"2006K1"	.	.
"3405 Lillehammer"	"Småhus"	"2006K2"	.	.
"3405 Lillehammer"	"Småhus"	"2006K3"	.	.
"3405 Lillehammer"	"Småhus"	"2006K4"	.	.
"3405 Lillehammer"	"Småhus"	"2007K1"	.	.
"3405 Lillehammer"	"Småhus"	"2007K2"	.	.
"3405 Lillehammer"	"Småhus"	"2007K3"	.	.
"3405 Lillehammer"	"Småhus"	"2007K4"	.	.
"3405 Lillehammer"	"Småhus"	"2008K1"	.	.
"3405 Lillehammer"	"Småhus"	"2008K2"	.	.
"3405 Lillehammer"	"Småhus"	"2008K3"	.	.
"3405 Lillehammer"	"Småhus"	"2008K4"	.	.
"3405 Lillehammer"	"Småhus"	"2009K1"	.	.
"3405 Lillehammer"	"Småhus"	"2009K2"	.	.
"3405 Lillehammer"	"Småhus"	"2009K3"	.	.
"3405 Lillehammer"	"Småhus"	"2009K4"	.	.
"3405 Lillehammer"	"Småhus"	"2010K1"	.	.
"3405 Lillehammer"	"Småhus"	"2010K2"	.	.
"3405 Lillehammer"	"Småhus"	"2010K3"	.	.
"3405 Lillehammer"	"Småhus"	"2010K4"	.	.
"3405 Lillehammer"	"Småhus"	"2011K1"	.	.
"3405 Lillehammer"	"Småhus"	"2011K2"	.	.
"3405 Lillehammer"	"Småhus"	"2011K3"	.	.
"3405 Lillehammer"	"Småhus"	"2011K4"	.	.
"3405 Lillehammer"	"Småhus"	"2012K1"	.	.
"3405 Lillehammer"	"Småhus"	"2012K2"	.	.
"3405 Lillehammer"	"Småhus"	"2012K3"	.	.
"3405 Lillehammer"	"Småhus"	"2012K4"	.	.
"3405 Lillehammer"	"Småhus"	"2013K1"	.	.
"3405 Lillehammer"	"Småhus"	"2013K2"	.	.
"3405 Lillehammer"	"Småhus"	"2013K3"	.	.
"3405 Lillehammer"	"Småhus"	"2013K4"	.	.
"3405 Lillehammer"	"Småhus"	"2014K1"	.	.
"3405 Lillehammer"	"Småhus"	"2014K2"	.	.
"3405 Lillehammer"	"Småhus"	"2014K3"	.	.
"3405 Lillehammer"	"Småhus"	"2014K4"	.	.
"3405 Lillehammer"	"Småhus"	"2015K1"	.	.
"3405 Lillehammer"	"Småhus"	"2015K2"	.	.
"3405 Lillehammer"	"Småhus"	"2015K3"	.	.
"3405 Lillehammer"	"Småhus"	"2015K4"	.	.
"3405 Lillehammer"	"Småhus"	"2016K1"	.	.
"3405 Lillehammer"	"Småhus"	"2016K2"	.	.
"3405 Lillehammer"	"Småhus"	"2016K3"	.	.
"3405 Lillehammer"	"Småhus"	"2016K4"	.	.
"3405 Lillehammer"	"Småhus"	"2017K1"	.	.
"3405 Lillehammer"	"Småhus"	"2017K2"	.	.
"3405 Lillehammer"	"Småhus"	"2017K3"	.	.
"3405 Lillehammer"	"Småhus"	"2017K4"	.	.
"3405 Lillehammer"	"Småhus"	"2018K1"	.	.
"3405 Lillehammer"	"Småhus"	"2018K2"	.	.
"3405 Lillehammer"	"Småhus"	"2018K3"	.	.
"3405 Lillehammer"	"Småhus"	"2018K4"	.	.
"3405 Lillehammer"	"Småhus"	"2019K1"	.	.
"3405 Lillehammer"	"Småhus"	"2019K2"	.	.
"3405 Lillehammer"	"Småhus"	"2019K3"	.	.
"3405 Lillehammer"	"Småhus"	"2019K4"	.	.
"3405 Lillehammer"	"Småhus"	"2020K1"	30642	10
"3405 Lillehammer"	"Småhus"	"2020K2"	32859	18
"3405 Lillehammer"	"Småhus"	"2020K3"	31420	19
"3405 Lillehammer"	"Småhus"	"2020K4"	30821	11
"3405 Lillehammer"	"Småhus"	"2021K1"	34172	16
"3405 Lillehammer"	"Småhus"	"2021K2"	33179	29
"3405 Lillehammer"	"Småhus"	"2021K3"	32946	19
"3405 Lillehammer"	"Småhus"	"2021K4"	31963	15
"3405 Lillehammer"	"Småhus"	"2022K1"	32044	19
"3405 Lillehammer"	"Småhus"	"2022K2"	36383	26
"3405 Lillehammer"	"Småhus"	"2022K3"	33909	20
"3405 Lillehammer"	"Småhus"	"2022K4"	32023	15
"3405 Lillehammer"	"Småhus"	"2023K1"	32405	10
"3405 Lillehammer"	"Småhus"	"2023K2"	35302	18
"3405 Lillehammer"	"Småhus"	"2023K3"	32904	18
"3405 Lillehammer"	"Blokkleiligheter"	"2006K1"	.	.
"3405 Lillehammer"	"Blokkleiligheter"	"2006K2"	.	.
"3405 Lillehammer"	"Blokkleiligheter"	"2006K3"	.	.
"3405 Lillehammer"	"Blokkleiligheter"	"2006K4"	.	.
"3405 Lillehammer"	"Blokkleiligheter"	"2007K1"	.	.
"3405 Lillehammer"	"Blokkleiligheter"	"2007K2"	.	.
"3405 Lillehammer"	"Blokkleiligheter"	"2007K3"	.	.
"3405 Lillehammer"	"Blokkleiligheter"	"2007K4"	.	.
"3405 Lillehammer"	"Blokkleiligheter"	"2008K1"	.	.
"3405 Lillehammer"	"Blokkleiligheter"	"2008K2"	.	.
"3405 Lillehammer"	"Blokkleiligheter"	"2008K3"	.	.
"3405 Lillehammer"	"Blokkleiligheter"	"2008K4"	.	.
"3405 Lillehammer"	"Blokkleiligheter"	"2009K1"	.	.
"3405 Lillehammer"	"Blokkleiligheter"	"2009K2"	.	.
"3405 Lillehammer"	"Blokkleiligheter"	"2009K3"	.	.
"3405 Lillehammer"	"Blokkleiligheter"	"2009K4"	.	.
"3405 Lillehammer"	"Blokkleiligheter"	"2010K1"	.	.
"3405 Lillehammer"	"Blokkleiligheter"	"2010K2"	.	.
"3405 Lillehammer"	"Blokkleiligheter"	"2010K3"	.	.
"3405 Lillehammer"	"Blokkleiligheter"	"2010K4"	.	.
"3405 Lillehammer"	"Blokkleiligheter"	"2011K1"	.	.
"3405 Lillehammer"	"Blokkleiligheter"	"2011K2"	.	.
"3405 Lillehammer"	"Blokkleiligheter"	"2011K3"	.	.
"3405 Lillehammer"	"Blokkleiligheter"	"2011K4"	.	.
"3405 Lillehammer"	"Blokkleiligheter"	"2012K1"	.	.
"3405 Lillehammer"	"Blokkleiligheter"	"2012K2"	.	.
"3405 Lillehammer"	"Blokkleiligheter"	"2012K3"	.	.
"3405 Lillehammer"	"Blokkleiligheter"	"2012K4"	.	.
"3405 Lillehammer"	"Blokkleiligheter"	"2013K1"	.	.
"3405 Lillehammer"	"Blokkleiligheter"	"2013K2"	.	.
"3405 Lillehammer"	"Blokkleiligheter"	"2013K3"	.	.
"3405 Lillehammer"	"Blokkleiligheter"	"2013K4"	.	.
"3405 Lillehammer"	"Blokkleiligheter"	"2014K1"	.	.
"3405 Lillehammer"	"Blokkleiligheter"	"2014K2"	.	.
"3405 Lillehammer"	"Blokkleiligheter"	"2014K3"	.	.
"3405 Lillehammer"	"Blokkleiligheter"	"2014K4"	.	.
"3405 Lillehammer"	"Blokkleiligheter"	"2015K1"	.	.
"3405 Lillehammer"	"Blokkleiligheter"	"2015K2"	.	.
"3405 Lillehammer"	"Blokkleiligheter"	"2015K3"	.	.
"3405 Lillehammer"	"Blokkleiligheter"	"2015K4"	.	.
"3405 Lillehammer"	"Blokkleiligheter"	"2016K1"	.	.
"3405 Lillehammer"	"Blokkleiligheter"	"2016K2"	.	.
"3405 Lillehammer"	"Blokkleiligheter"	"2016K3"	.	.
"3405 Lillehammer"	"Blokkleiligheter"	"2016K4"	.	.
"3405 Lillehammer"	"Blokkleiligheter"	"2017K1"	.	.
"3405 Lillehammer"	"Blokkleiligheter"	"2017K2"	.	.
"3405 Lillehammer"	"Blokkleiligheter"	"2017K3"	.	.
"3405 Lillehammer"	"Blokkleiligheter"	"2017K4"	.	.
"3405 Lillehammer"	"Blokkleiligheter"	"2018K1"	.	.
"3405 Lillehammer"	"Blokkleiligheter"	"2018K2"	.	.
"3405 Lillehammer"	"Blokkleiligheter"	"2018K3"	.	.
"3405 Lillehammer"	"Blokkleiligheter"	"2018K4"	.	.
"3405 Lillehammer"	"Blokkleiligheter"	"2019K1"	.	.
"3405 Lillehammer"	"Blokkleiligheter"	"2019K2"	.	.
"3405 Lillehammer"	"Blokkleiligheter"	"2019K3"	.	.
"3405 Lillehammer"	"Blokkleiligheter"	"2019K4"	.	.
"3405 Lillehammer"	"Blokkleiligheter"	"2020K1"	46384	27
"3405 Lillehammer"	"Blokkleiligheter"	"2020K2"	47673	38
"3405 Lillehammer"	"Blokkleiligheter"	"2020K3"	48396	39
"3405 Lillehammer"	"Blokkleiligheter"	"2020K4"	43547	34
"3405 Lillehammer"	"Blokkleiligheter"	"2021K1"	49122	41
"3405 Lillehammer"	"Blokkleiligheter"	"2021K2"	50355	66
"3405 Lillehammer"	"Blokkleiligheter"	"2021K3"	49581	57
"3405 Lillehammer"	"Blokkleiligheter"	"2021K4"	46237	32
"3405 Lillehammer"	"Blokkleiligheter"	"2022K1"	52906	30
"3405 Lillehammer"	"Blokkleiligheter"	"2022K2"	52395	46
"3405 Lillehammer"	"Blokkleiligheter"	"2022K3"	52428	40
"3405 Lillehammer"	"Blokkleiligheter"	"2022K4"	46688	17
"3405 Lillehammer"	"Blokkleiligheter"	"2023K1"	47106	38
"3405 Lillehammer"	"Blokkleiligheter"	"2023K2"	52913	47
"3405 Lillehammer"	"Blokkleiligheter"	"2023K3"	52630	41
"3407 Gjøvik"	"Eneboliger"	"2006K1"	.	.
"3407 Gjøvik"	"Eneboliger"	"2006K2"	.	.
"3407 Gjøvik"	"Eneboliger"	"2006K3"	.	.
"3407 Gjøvik"	"Eneboliger"	"2006K4"	.	.
"3407 Gjøvik"	"Eneboliger"	"2007K1"	.	.
"3407 Gjøvik"	"Eneboliger"	"2007K2"	.	.
"3407 Gjøvik"	"Eneboliger"	"2007K3"	.	.
"3407 Gjøvik"	"Eneboliger"	"2007K4"	.	.
"3407 Gjøvik"	"Eneboliger"	"2008K1"	.	.
"3407 Gjøvik"	"Eneboliger"	"2008K2"	.	.
"3407 Gjøvik"	"Eneboliger"	"2008K3"	.	.
"3407 Gjøvik"	"Eneboliger"	"2008K4"	.	.
"3407 Gjøvik"	"Eneboliger"	"2009K1"	.	.
"3407 Gjøvik"	"Eneboliger"	"2009K2"	.	.
"3407 Gjøvik"	"Eneboliger"	"2009K3"	.	.
"3407 Gjøvik"	"Eneboliger"	"2009K4"	.	.
"3407 Gjøvik"	"Eneboliger"	"2010K1"	.	.
"3407 Gjøvik"	"Eneboliger"	"2010K2"	.	.
"3407 Gjøvik"	"Eneboliger"	"2010K3"	.	.
"3407 Gjøvik"	"Eneboliger"	"2010K4"	.	.
"3407 Gjøvik"	"Eneboliger"	"2011K1"	.	.
"3407 Gjøvik"	"Eneboliger"	"2011K2"	.	.
"3407 Gjøvik"	"Eneboliger"	"2011K3"	.	.
"3407 Gjøvik"	"Eneboliger"	"2011K4"	.	.
"3407 Gjøvik"	"Eneboliger"	"2012K1"	.	.
"3407 Gjøvik"	"Eneboliger"	"2012K2"	.	.
"3407 Gjøvik"	"Eneboliger"	"2012K3"	.	.
"3407 Gjøvik"	"Eneboliger"	"2012K4"	.	.
"3407 Gjøvik"	"Eneboliger"	"2013K1"	.	.
"3407 Gjøvik"	"Eneboliger"	"2013K2"	.	.
"3407 Gjøvik"	"Eneboliger"	"2013K3"	.	.
"3407 Gjøvik"	"Eneboliger"	"2013K4"	.	.
"3407 Gjøvik"	"Eneboliger"	"2014K1"	.	.
"3407 Gjøvik"	"Eneboliger"	"2014K2"	.	.
"3407 Gjøvik"	"Eneboliger"	"2014K3"	.	.
"3407 Gjøvik"	"Eneboliger"	"2014K4"	.	.
"3407 Gjøvik"	"Eneboliger"	"2015K1"	.	.
"3407 Gjøvik"	"Eneboliger"	"2015K2"	.	.
"3407 Gjøvik"	"Eneboliger"	"2015K3"	.	.
"3407 Gjøvik"	"Eneboliger"	"2015K4"	.	.
"3407 Gjøvik"	"Eneboliger"	"2016K1"	.	.
"3407 Gjøvik"	"Eneboliger"	"2016K2"	.	.
"3407 Gjøvik"	"Eneboliger"	"2016K3"	.	.
"3407 Gjøvik"	"Eneboliger"	"2016K4"	.	.
"3407 Gjøvik"	"Eneboliger"	"2017K1"	.	.
"3407 Gjøvik"	"Eneboliger"	"2017K2"	.	.
"3407 Gjøvik"	"Eneboliger"	"2017K3"	.	.
"3407 Gjøvik"	"Eneboliger"	"2017K4"	.	.
"3407 Gjøvik"	"Eneboliger"	"2018K1"	.	.
"3407 Gjøvik"	"Eneboliger"	"2018K2"	.	.
"3407 Gjøvik"	"Eneboliger"	"2018K3"	.	.
"3407 Gjøvik"	"Eneboliger"	"2018K4"	.	.
"3407 Gjøvik"	"Eneboliger"	"2019K1"	.	.
"3407 Gjøvik"	"Eneboliger"	"2019K2"	.	.
"3407 Gjøvik"	"Eneboliger"	"2019K3"	.	.
"3407 Gjøvik"	"Eneboliger"	"2019K4"	.	.
"3407 Gjøvik"	"Eneboliger"	"2020K1"	21993	40
"3407 Gjøvik"	"Eneboliger"	"2020K2"	23309	65
"3407 Gjøvik"	"Eneboliger"	"2020K3"	21280	51
"3407 Gjøvik"	"Eneboliger"	"2020K4"	19819	53
"3407 Gjøvik"	"Eneboliger"	"2021K1"	23164	50
"3407 Gjøvik"	"Eneboliger"	"2021K2"	23679	61
"3407 Gjøvik"	"Eneboliger"	"2021K3"	23763	62
"3407 Gjøvik"	"Eneboliger"	"2021K4"	23531	40
"3407 Gjøvik"	"Eneboliger"	"2022K1"	23416	37
"3407 Gjøvik"	"Eneboliger"	"2022K2"	24276	68
"3407 Gjøvik"	"Eneboliger"	"2022K3"	23771	61
"3407 Gjøvik"	"Eneboliger"	"2022K4"	24512	49
"3407 Gjøvik"	"Eneboliger"	"2023K1"	23026	35
"3407 Gjøvik"	"Eneboliger"	"2023K2"	23944	49
"3407 Gjøvik"	"Eneboliger"	"2023K3"	21074	67
"3407 Gjøvik"	"Småhus"	"2006K1"	.	.
"3407 Gjøvik"	"Småhus"	"2006K2"	.	.
"3407 Gjøvik"	"Småhus"	"2006K3"	.	.
"3407 Gjøvik"	"Småhus"	"2006K4"	.	.
"3407 Gjøvik"	"Småhus"	"2007K1"	.	.
"3407 Gjøvik"	"Småhus"	"2007K2"	.	.
"3407 Gjøvik"	"Småhus"	"2007K3"	.	.
"3407 Gjøvik"	"Småhus"	"2007K4"	.	.
"3407 Gjøvik"	"Småhus"	"2008K1"	.	.
"3407 Gjøvik"	"Småhus"	"2008K2"	.	.
"3407 Gjøvik"	"Småhus"	"2008K3"	.	.
"3407 Gjøvik"	"Småhus"	"2008K4"	.	.
"3407 Gjøvik"	"Småhus"	"2009K1"	.	.
"3407 Gjøvik"	"Småhus"	"2009K2"	.	.
"3407 Gjøvik"	"Småhus"	"2009K3"	.	.
"3407 Gjøvik"	"Småhus"	"2009K4"	.	.
"3407 Gjøvik"	"Småhus"	"2010K1"	.	.
"3407 Gjøvik"	"Småhus"	"2010K2"	.	.
"3407 Gjøvik"	"Småhus"	"2010K3"	.	.
"3407 Gjøvik"	"Småhus"	"2010K4"	.	.
"3407 Gjøvik"	"Småhus"	"2011K1"	.	.
"3407 Gjøvik"	"Småhus"	"2011K2"	.	.
"3407 Gjøvik"	"Småhus"	"2011K3"	.	.
"3407 Gjøvik"	"Småhus"	"2011K4"	.	.
"3407 Gjøvik"	"Småhus"	"2012K1"	.	.
"3407 Gjøvik"	"Småhus"	"2012K2"	.	.
"3407 Gjøvik"	"Småhus"	"2012K3"	.	.
"3407 Gjøvik"	"Småhus"	"2012K4"	.	.
"3407 Gjøvik"	"Småhus"	"2013K1"	.	.
"3407 Gjøvik"	"Småhus"	"2013K2"	.	.
"3407 Gjøvik"	"Småhus"	"2013K3"	.	.
"3407 Gjøvik"	"Småhus"	"2013K4"	.	.
"3407 Gjøvik"	"Småhus"	"2014K1"	.	.
"3407 Gjøvik"	"Småhus"	"2014K2"	.	.
"3407 Gjøvik"	"Småhus"	"2014K3"	.	.
"3407 Gjøvik"	"Småhus"	"2014K4"	.	.
"3407 Gjøvik"	"Småhus"	"2015K1"	.	.
"3407 Gjøvik"	"Småhus"	"2015K2"	.	.
"3407 Gjøvik"	"Småhus"	"2015K3"	.	.
"3407 Gjøvik"	"Småhus"	"2015K4"	.	.
"3407 Gjøvik"	"Småhus"	"2016K1"	.	.
"3407 Gjøvik"	"Småhus"	"2016K2"	.	.
"3407 Gjøvik"	"Småhus"	"2016K3"	.	.
"3407 Gjøvik"	"Småhus"	"2016K4"	.	.
"3407 Gjøvik"	"Småhus"	"2017K1"	.	.
"3407 Gjøvik"	"Småhus"	"2017K2"	.	.
"3407 Gjøvik"	"Småhus"	"2017K3"	.	.
"3407 Gjøvik"	"Småhus"	"2017K4"	.	.
"3407 Gjøvik"	"Småhus"	"2018K1"	.	.
"3407 Gjøvik"	"Småhus"	"2018K2"	.	.
"3407 Gjøvik"	"Småhus"	"2018K3"	.	.
"3407 Gjøvik"	"Småhus"	"2018K4"	.	.
"3407 Gjøvik"	"Småhus"	"2019K1"	.	.
"3407 Gjøvik"	"Småhus"	"2019K2"	.	.
"3407 Gjøvik"	"Småhus"	"2019K3"	.	.
"3407 Gjøvik"	"Småhus"	"2019K4"	.	.
"3407 Gjøvik"	"Småhus"	"2020K1"	..	8
"3407 Gjøvik"	"Småhus"	"2020K2"	28082	14
"3407 Gjøvik"	"Småhus"	"2020K3"	27465	15
"3407 Gjøvik"	"Småhus"	"2020K4"	..	6
"3407 Gjøvik"	"Småhus"	"2021K1"	..	9
"3407 Gjøvik"	"Småhus"	"2021K2"	30298	19
"3407 Gjøvik"	"Småhus"	"2021K3"	30352	12
"3407 Gjøvik"	"Småhus"	"2021K4"	28589	11
"3407 Gjøvik"	"Småhus"	"2022K1"	29031	11
"3407 Gjøvik"	"Småhus"	"2022K2"	29401	15
"3407 Gjøvik"	"Småhus"	"2022K3"	35445	12
"3407 Gjøvik"	"Småhus"	"2022K4"	..	9
"3407 Gjøvik"	"Småhus"	"2023K1"	..	9
"3407 Gjøvik"	"Småhus"	"2023K2"	29842	13
"3407 Gjøvik"	"Småhus"	"2023K3"	..	7
"3407 Gjøvik"	"Blokkleiligheter"	"2006K1"	.	.
"3407 Gjøvik"	"Blokkleiligheter"	"2006K2"	.	.
"3407 Gjøvik"	"Blokkleiligheter"	"2006K3"	.	.
"3407 Gjøvik"	"Blokkleiligheter"	"2006K4"	.	.
"3407 Gjøvik"	"Blokkleiligheter"	"2007K1"	.	.
"3407 Gjøvik"	"Blokkleiligheter"	"2007K2"	.	.
"3407 Gjøvik"	"Blokkleiligheter"	"2007K3"	.	.
"3407 Gjøvik"	"Blokkleiligheter"	"2007K4"	.	.
"3407 Gjøvik"	"Blokkleiligheter"	"2008K1"	.	.
"3407 Gjøvik"	"Blokkleiligheter"	"2008K2"	.	.
"3407 Gjøvik"	"Blokkleiligheter"	"2008K3"	.	.
"3407 Gjøvik"	"Blokkleiligheter"	"2008K4"	.	.
"3407 Gjøvik"	"Blokkleiligheter"	"2009K1"	.	.
"3407 Gjøvik"	"Blokkleiligheter"	"2009K2"	.	.
"3407 Gjøvik"	"Blokkleiligheter"	"2009K3"	.	.
"3407 Gjøvik"	"Blokkleiligheter"	"2009K4"	.	.
"3407 Gjøvik"	"Blokkleiligheter"	"2010K1"	.	.
"3407 Gjøvik"	"Blokkleiligheter"	"2010K2"	.	.
"3407 Gjøvik"	"Blokkleiligheter"	"2010K3"	.	.
"3407 Gjøvik"	"Blokkleiligheter"	"2010K4"	.	.
"3407 Gjøvik"	"Blokkleiligheter"	"2011K1"	.	.
"3407 Gjøvik"	"Blokkleiligheter"	"2011K2"	.	.
"3407 Gjøvik"	"Blokkleiligheter"	"2011K3"	.	.
"3407 Gjøvik"	"Blokkleiligheter"	"2011K4"	.	.
"3407 Gjøvik"	"Blokkleiligheter"	"2012K1"	.	.
"3407 Gjøvik"	"Blokkleiligheter"	"2012K2"	.	.
"3407 Gjøvik"	"Blokkleiligheter"	"2012K3"	.	.
"3407 Gjøvik"	"Blokkleiligheter"	"2012K4"	.	.
"3407 Gjøvik"	"Blokkleiligheter"	"2013K1"	.	.
"3407 Gjøvik"	"Blokkleiligheter"	"2013K2"	.	.
"3407 Gjøvik"	"Blokkleiligheter"	"2013K3"	.	.
"3407 Gjøvik"	"Blokkleiligheter"	"2013K4"	.	.
"3407 Gjøvik"	"Blokkleiligheter"	"2014K1"	.	.
"3407 Gjøvik"	"Blokkleiligheter"	"2014K2"	.	.
"3407 Gjøvik"	"Blokkleiligheter"	"2014K3"	.	.
"3407 Gjøvik"	"Blokkleiligheter"	"2014K4"	.	.
"3407 Gjøvik"	"Blokkleiligheter"	"2015K1"	.	.
"3407 Gjøvik"	"Blokkleiligheter"	"2015K2"	.	.
"3407 Gjøvik"	"Blokkleiligheter"	"2015K3"	.	.
"3407 Gjøvik"	"Blokkleiligheter"	"2015K4"	.	.
"3407 Gjøvik"	"Blokkleiligheter"	"2016K1"	.	.
"3407 Gjøvik"	"Blokkleiligheter"	"2016K2"	.	.
"3407 Gjøvik"	"Blokkleiligheter"	"2016K3"	.	.
"3407 Gjøvik"	"Blokkleiligheter"	"2016K4"	.	.
"3407 Gjøvik"	"Blokkleiligheter"	"2017K1"	.	.
"3407 Gjøvik"	"Blokkleiligheter"	"2017K2"	.	.
"3407 Gjøvik"	"Blokkleiligheter"	"2017K3"	.	.
"3407 Gjøvik"	"Blokkleiligheter"	"2017K4"	.	.
"3407 Gjøvik"	"Blokkleiligheter"	"2018K1"	.	.
"3407 Gjøvik"	"Blokkleiligheter"	"2018K2"	.	.
"3407 Gjøvik"	"Blokkleiligheter"	"2018K3"	.	.
"3407 Gjøvik"	"Blokkleiligheter"	"2018K4"	.	.
"3407 Gjøvik"	"Blokkleiligheter"	"2019K1"	.	.
"3407 Gjøvik"	"Blokkleiligheter"	"2019K2"	.	.
"3407 Gjøvik"	"Blokkleiligheter"	"2019K3"	.	.
"3407 Gjøvik"	"Blokkleiligheter"	"2019K4"	.	.
"3407 Gjøvik"	"Blokkleiligheter"	"2020K1"	40272	18
"3407 Gjøvik"	"Blokkleiligheter"	"2020K2"	39383	14
"3407 Gjøvik"	"Blokkleiligheter"	"2020K3"	43829	24
"3407 Gjøvik"	"Blokkleiligheter"	"2020K4"	43424	14
"3407 Gjøvik"	"Blokkleiligheter"	"2021K1"	49210	14
"3407 Gjøvik"	"Blokkleiligheter"	"2021K2"	41517	23
"3407 Gjøvik"	"Blokkleiligheter"	"2021K3"	42068	27
"3407 Gjøvik"	"Blokkleiligheter"	"2021K4"	39400	11
"3407 Gjøvik"	"Blokkleiligheter"	"2022K1"	44272	19
"3407 Gjøvik"	"Blokkleiligheter"	"2022K2"	46523	29
"3407 Gjøvik"	"Blokkleiligheter"	"2022K3"	46064	16
"3407 Gjøvik"	"Blokkleiligheter"	"2022K4"	41049	15
"3407 Gjøvik"	"Blokkleiligheter"	"2023K1"	45875	17
"3407 Gjøvik"	"Blokkleiligheter"	"2023K2"	39965	23
"3407 Gjøvik"	"Blokkleiligheter"	"2023K3"	46816	20
"3413 Stange"	"Eneboliger"	"2006K1"	.	.
"3413 Stange"	"Eneboliger"	"2006K2"	.	.
"3413 Stange"	"Eneboliger"	"2006K3"	.	.
"3413 Stange"	"Eneboliger"	"2006K4"	.	.
"3413 Stange"	"Eneboliger"	"2007K1"	.	.
"3413 Stange"	"Eneboliger"	"2007K2"	.	.
"3413 Stange"	"Eneboliger"	"2007K3"	.	.
"3413 Stange"	"Eneboliger"	"2007K4"	.	.
"3413 Stange"	"Eneboliger"	"2008K1"	.	.
"3413 Stange"	"Eneboliger"	"2008K2"	.	.
"3413 Stange"	"Eneboliger"	"2008K3"	.	.
"3413 Stange"	"Eneboliger"	"2008K4"	.	.
"3413 Stange"	"Eneboliger"	"2009K1"	.	.
"3413 Stange"	"Eneboliger"	"2009K2"	.	.
"3413 Stange"	"Eneboliger"	"2009K3"	.	.
"3413 Stange"	"Eneboliger"	"2009K4"	.	.
"3413 Stange"	"Eneboliger"	"2010K1"	.	.
"3413 Stange"	"Eneboliger"	"2010K2"	.	.
"3413 Stange"	"Eneboliger"	"2010K3"	.	.
"3413 Stange"	"Eneboliger"	"2010K4"	.	.
"3413 Stange"	"Eneboliger"	"2011K1"	.	.
"3413 Stange"	"Eneboliger"	"2011K2"	.	.
"3413 Stange"	"Eneboliger"	"2011K3"	.	.
"3413 Stange"	"Eneboliger"	"2011K4"	.	.
"3413 Stange"	"Eneboliger"	"2012K1"	.	.
"3413 Stange"	"Eneboliger"	"2012K2"	.	.
"3413 Stange"	"Eneboliger"	"2012K3"	.	.
"3413 Stange"	"Eneboliger"	"2012K4"	.	.
"3413 Stange"	"Eneboliger"	"2013K1"	.	.
"3413 Stange"	"Eneboliger"	"2013K2"	.	.
"3413 Stange"	"Eneboliger"	"2013K3"	.	.
"3413 Stange"	"Eneboliger"	"2013K4"	.	.
"3413 Stange"	"Eneboliger"	"2014K1"	.	.
"3413 Stange"	"Eneboliger"	"2014K2"	.	.
"3413 Stange"	"Eneboliger"	"2014K3"	.	.
"3413 Stange"	"Eneboliger"	"2014K4"	.	.
"3413 Stange"	"Eneboliger"	"2015K1"	.	.
"3413 Stange"	"Eneboliger"	"2015K2"	.	.
"3413 Stange"	"Eneboliger"	"2015K3"	.	.
"3413 Stange"	"Eneboliger"	"2015K4"	.	.
"3413 Stange"	"Eneboliger"	"2016K1"	.	.
"3413 Stange"	"Eneboliger"	"2016K2"	.	.
"3413 Stange"	"Eneboliger"	"2016K3"	.	.
"3413 Stange"	"Eneboliger"	"2016K4"	.	.
"3413 Stange"	"Eneboliger"	"2017K1"	.	.
"3413 Stange"	"Eneboliger"	"2017K2"	.	.
"3413 Stange"	"Eneboliger"	"2017K3"	.	.
"3413 Stange"	"Eneboliger"	"2017K4"	.	.
"3413 Stange"	"Eneboliger"	"2018K1"	.	.
"3413 Stange"	"Eneboliger"	"2018K2"	.	.
"3413 Stange"	"Eneboliger"	"2018K3"	.	.
"3413 Stange"	"Eneboliger"	"2018K4"	.	.
"3413 Stange"	"Eneboliger"	"2019K1"	.	.
"3413 Stange"	"Eneboliger"	"2019K2"	.	.
"3413 Stange"	"Eneboliger"	"2019K3"	.	.
"3413 Stange"	"Eneboliger"	"2019K4"	.	.
"3413 Stange"	"Eneboliger"	"2020K1"	23483	39
"3413 Stange"	"Eneboliger"	"2020K2"	22773	56
"3413 Stange"	"Eneboliger"	"2020K3"	23640	55
"3413 Stange"	"Eneboliger"	"2020K4"	19088	29
"3413 Stange"	"Eneboliger"	"2021K1"	26927	28
"3413 Stange"	"Eneboliger"	"2021K2"	26643	66
"3413 Stange"	"Eneboliger"	"2021K3"	25736	42
"3413 Stange"	"Eneboliger"	"2021K4"	24643	22
"3413 Stange"	"Eneboliger"	"2022K1"	29436	35
"3413 Stange"	"Eneboliger"	"2022K2"	27293	53
"3413 Stange"	"Eneboliger"	"2022K3"	27167	37
"3413 Stange"	"Eneboliger"	"2022K4"	24735	32
"3413 Stange"	"Eneboliger"	"2023K1"	28074	35
"3413 Stange"	"Eneboliger"	"2023K2"	28311	50
"3413 Stange"	"Eneboliger"	"2023K3"	25270	40
"3413 Stange"	"Småhus"	"2006K1"	.	.
"3413 Stange"	"Småhus"	"2006K2"	.	.
"3413 Stange"	"Småhus"	"2006K3"	.	.
"3413 Stange"	"Småhus"	"2006K4"	.	.
"3413 Stange"	"Småhus"	"2007K1"	.	.
"3413 Stange"	"Småhus"	"2007K2"	.	.
"3413 Stange"	"Småhus"	"2007K3"	.	.
"3413 Stange"	"Småhus"	"2007K4"	.	.
"3413 Stange"	"Småhus"	"2008K1"	.	.
"3413 Stange"	"Småhus"	"2008K2"	.	.
"3413 Stange"	"Småhus"	"2008K3"	.	.
"3413 Stange"	"Småhus"	"2008K4"	.	.
"3413 Stange"	"Småhus"	"2009K1"	.	.
"3413 Stange"	"Småhus"	"2009K2"	.	.
"3413 Stange"	"Småhus"	"2009K3"	.	.
"3413 Stange"	"Småhus"	"2009K4"	.	.
"3413 Stange"	"Småhus"	"2010K1"	.	.
"3413 Stange"	"Småhus"	"2010K2"	.	.
"3413 Stange"	"Småhus"	"2010K3"	.	.
"3413 Stange"	"Småhus"	"2010K4"	.	.
"3413 Stange"	"Småhus"	"2011K1"	.	.
"3413 Stange"	"Småhus"	"2011K2"	.	.
"3413 Stange"	"Småhus"	"2011K3"	.	.
"3413 Stange"	"Småhus"	"2011K4"	.	.
"3413 Stange"	"Småhus"	"2012K1"	.	.
"3413 Stange"	"Småhus"	"2012K2"	.	.
"3413 Stange"	"Småhus"	"2012K3"	.	.
"3413 Stange"	"Småhus"	"2012K4"	.	.
"3413 Stange"	"Småhus"	"2013K1"	.	.
"3413 Stange"	"Småhus"	"2013K2"	.	.
"3413 Stange"	"Småhus"	"2013K3"	.	.
"3413 Stange"	"Småhus"	"2013K4"	.	.
"3413 Stange"	"Småhus"	"2014K1"	.	.
"3413 Stange"	"Småhus"	"2014K2"	.	.
"3413 Stange"	"Småhus"	"2014K3"	.	.
"3413 Stange"	"Småhus"	"2014K4"	.	.
"3413 Stange"	"Småhus"	"2015K1"	.	.
"3413 Stange"	"Småhus"	"2015K2"	.	.
"3413 Stange"	"Småhus"	"2015K3"	.	.
"3413 Stange"	"Småhus"	"2015K4"	.	.
"3413 Stange"	"Småhus"	"2016K1"	.	.
"3413 Stange"	"Småhus"	"2016K2"	.	.
"3413 Stange"	"Småhus"	"2016K3"	.	.
"3413 Stange"	"Småhus"	"2016K4"	.	.
"3413 Stange"	"Småhus"	"2017K1"	.	.
"3413 Stange"	"Småhus"	"2017K2"	.	.
"3413 Stange"	"Småhus"	"2017K3"	.	.
"3413 Stange"	"Småhus"	"2017K4"	.	.
"3413 Stange"	"Småhus"	"2018K1"	.	.
"3413 Stange"	"Småhus"	"2018K2"	.	.
"3413 Stange"	"Småhus"	"2018K3"	.	.
"3413 Stange"	"Småhus"	"2018K4"	.	.
"3413 Stange"	"Småhus"	"2019K1"	.	.
"3413 Stange"	"Småhus"	"2019K2"	.	.
"3413 Stange"	"Småhus"	"2019K3"	.	.
"3413 Stange"	"Småhus"	"2019K4"	.	.
"3413 Stange"	"Småhus"	"2020K1"	31511	13
"3413 Stange"	"Småhus"	"2020K2"	25512	11
"3413 Stange"	"Småhus"	"2020K3"	..	9
"3413 Stange"	"Småhus"	"2020K4"	..	7
"3413 Stange"	"Småhus"	"2021K1"	..	9
"3413 Stange"	"Småhus"	"2021K2"	36343	10
"3413 Stange"	"Småhus"	"2021K3"	35306	12
"3413 Stange"	"Småhus"	"2021K4"	33823	11
"3413 Stange"	"Småhus"	"2022K1"	37213	14
"3413 Stange"	"Småhus"	"2022K2"	32239	11
"3413 Stange"	"Småhus"	"2022K3"	33791	11
"3413 Stange"	"Småhus"	"2022K4"	..	5
"3413 Stange"	"Småhus"	"2023K1"	..	9
"3413 Stange"	"Småhus"	"2023K2"	39524	10
"3413 Stange"	"Småhus"	"2023K3"	..	7
"3413 Stange"	"Blokkleiligheter"	"2006K1"	.	.
"3413 Stange"	"Blokkleiligheter"	"2006K2"	.	.
"3413 Stange"	"Blokkleiligheter"	"2006K3"	.	.
"3413 Stange"	"Blokkleiligheter"	"2006K4"	.	.
"3413 Stange"	"Blokkleiligheter"	"2007K1"	.	.
"3413 Stange"	"Blokkleiligheter"	"2007K2"	.	.
"3413 Stange"	"Blokkleiligheter"	"2007K3"	.	.
"3413 Stange"	"Blokkleiligheter"	"2007K4"	.	.
"3413 Stange"	"Blokkleiligheter"	"2008K1"	.	.
"3413 Stange"	"Blokkleiligheter"	"2008K2"	.	.
"3413 Stange"	"Blokkleiligheter"	"2008K3"	.	.
"3413 Stange"	"Blokkleiligheter"	"2008K4"	.	.
"3413 Stange"	"Blokkleiligheter"	"2009K1"	.	.
"3413 Stange"	"Blokkleiligheter"	"2009K2"	.	.
"3413 Stange"	"Blokkleiligheter"	"2009K3"	.	.
"3413 Stange"	"Blokkleiligheter"	"2009K4"	.	.
"3413 Stange"	"Blokkleiligheter"	"2010K1"	.	.
"3413 Stange"	"Blokkleiligheter"	"2010K2"	.	.
"3413 Stange"	"Blokkleiligheter"	"2010K3"	.	.
"3413 Stange"	"Blokkleiligheter"	"2010K4"	.	.
"3413 Stange"	"Blokkleiligheter"	"2011K1"	.	.
"3413 Stange"	"Blokkleiligheter"	"2011K2"	.	.
"3413 Stange"	"Blokkleiligheter"	"2011K3"	.	.
"3413 Stange"	"Blokkleiligheter"	"2011K4"	.	.
"3413 Stange"	"Blokkleiligheter"	"2012K1"	.	.
"3413 Stange"	"Blokkleiligheter"	"2012K2"	.	.
"3413 Stange"	"Blokkleiligheter"	"2012K3"	.	.
"3413 Stange"	"Blokkleiligheter"	"2012K4"	.	.
"3413 Stange"	"Blokkleiligheter"	"2013K1"	.	.
"3413 Stange"	"Blokkleiligheter"	"2013K2"	.	.
"3413 Stange"	"Blokkleiligheter"	"2013K3"	.	.
"3413 Stange"	"Blokkleiligheter"	"2013K4"	.	.
"3413 Stange"	"Blokkleiligheter"	"2014K1"	.	.
"3413 Stange"	"Blokkleiligheter"	"2014K2"	.	.
"3413 Stange"	"Blokkleiligheter"	"2014K3"	.	.
"3413 Stange"	"Blokkleiligheter"	"2014K4"	.	.
"3413 Stange"	"Blokkleiligheter"	"2015K1"	.	.
"3413 Stange"	"Blokkleiligheter"	"2015K2"	.	.
"3413 Stange"	"Blokkleiligheter"	"2015K3"	.	.
"3413 Stange"	"Blokkleiligheter"	"2015K4"	.	.
"3413 Stange"	"Blokkleiligheter"	"2016K1"	.	.
"3413 Stange"	"Blokkleiligheter"	"2016K2"	.	.
"3413 Stange"	"Blokkleiligheter"	"2016K3"	.	.
"3413 Stange"	"Blokkleiligheter"	"2016K4"	.	.
"3413 Stange"	"Blokkleiligheter"	"2017K1"	.	.
"3413 Stange"	"Blokkleiligheter"	"2017K2"	.	.
"3413 Stange"	"Blokkleiligheter"	"2017K3"	.	.
"3413 Stange"	"Blokkleiligheter"	"2017K4"	.	.
"3413 Stange"	"Blokkleiligheter"	"2018K1"	.	.
"3413 Stange"	"Blokkleiligheter"	"2018K2"	.	.
"3413 Stange"	"Blokkleiligheter"	"2018K3"	.	.
"3413 Stange"	"Blokkleiligheter"	"2018K4"	.	.
"3413 Stange"	"Blokkleiligheter"	"2019K1"	.	.
"3413 Stange"	"Blokkleiligheter"	"2019K2"	.	.
"3413 Stange"	"Blokkleiligheter"	"2019K3"	.	.
"3413 Stange"	"Blokkleiligheter"	"2019K4"	.	.
"3413 Stange"	"Blokkleiligheter"	"2020K1"	32162	16
"3413 Stange"	"Blokkleiligheter"	"2020K2"	36264	24
"3413 Stange"	"Blokkleiligheter"	"2020K3"	35681	31
"3413 Stange"	"Blokkleiligheter"	"2020K4"	..	8
"3413 Stange"	"Blokkleiligheter"	"2021K1"	38463	12
"3413 Stange"	"Blokkleiligheter"	"2021K2"	39293	21
"3413 Stange"	"Blokkleiligheter"	"2021K3"	34235	14
"3413 Stange"	"Blokkleiligheter"	"2021K4"	38248	12
"3413 Stange"	"Blokkleiligheter"	"2022K1"	43403	15
"3413 Stange"	"Blokkleiligheter"	"2022K2"	44264	21
"3413 Stange"	"Blokkleiligheter"	"2022K3"	41170	22
"3413 Stange"	"Blokkleiligheter"	"2022K4"	45159	18
"3413 Stange"	"Blokkleiligheter"	"2023K1"	43336	14
"3413 Stange"	"Blokkleiligheter"	"2023K2"	42818	18
"3413 Stange"	"Blokkleiligheter"	"2023K3"	40876	16
"3420 Elverum"	"Eneboliger"	"2006K1"	.	.
"3420 Elverum"	"Eneboliger"	"2006K2"	.	.
"3420 Elverum"	"Eneboliger"	"2006K3"	.	.
"3420 Elverum"	"Eneboliger"	"2006K4"	.	.
"3420 Elverum"	"Eneboliger"	"2007K1"	.	.
"3420 Elverum"	"Eneboliger"	"2007K2"	.	.
"3420 Elverum"	"Eneboliger"	"2007K3"	.	.
"3420 Elverum"	"Eneboliger"	"2007K4"	.	.
"3420 Elverum"	"Eneboliger"	"2008K1"	.	.
"3420 Elverum"	"Eneboliger"	"2008K2"	.	.
"3420 Elverum"	"Eneboliger"	"2008K3"	.	.
"3420 Elverum"	"Eneboliger"	"2008K4"	.	.
"3420 Elverum"	"Eneboliger"	"2009K1"	.	.
"3420 Elverum"	"Eneboliger"	"2009K2"	.	.
"3420 Elverum"	"Eneboliger"	"2009K3"	.	.
"3420 Elverum"	"Eneboliger"	"2009K4"	.	.
"3420 Elverum"	"Eneboliger"	"2010K1"	.	.
"3420 Elverum"	"Eneboliger"	"2010K2"	.	.
"3420 Elverum"	"Eneboliger"	"2010K3"	.	.
"3420 Elverum"	"Eneboliger"	"2010K4"	.	.
"3420 Elverum"	"Eneboliger"	"2011K1"	.	.
"3420 Elverum"	"Eneboliger"	"2011K2"	.	.
"3420 Elverum"	"Eneboliger"	"2011K3"	.	.
"3420 Elverum"	"Eneboliger"	"2011K4"	.	.
"3420 Elverum"	"Eneboliger"	"2012K1"	.	.
"3420 Elverum"	"Eneboliger"	"2012K2"	.	.
"3420 Elverum"	"Eneboliger"	"2012K3"	.	.
"3420 Elverum"	"Eneboliger"	"2012K4"	.	.
"3420 Elverum"	"Eneboliger"	"2013K1"	.	.
"3420 Elverum"	"Eneboliger"	"2013K2"	.	.
"3420 Elverum"	"Eneboliger"	"2013K3"	.	.
"3420 Elverum"	"Eneboliger"	"2013K4"	.	.
"3420 Elverum"	"Eneboliger"	"2014K1"	.	.
"3420 Elverum"	"Eneboliger"	"2014K2"	.	.
"3420 Elverum"	"Eneboliger"	"2014K3"	.	.
"3420 Elverum"	"Eneboliger"	"2014K4"	.	.
"3420 Elverum"	"Eneboliger"	"2015K1"	.	.
"3420 Elverum"	"Eneboliger"	"2015K2"	.	.
"3420 Elverum"	"Eneboliger"	"2015K3"	.	.
"3420 Elverum"	"Eneboliger"	"2015K4"	.	.
"3420 Elverum"	"Eneboliger"	"2016K1"	.	.
"3420 Elverum"	"Eneboliger"	"2016K2"	.	.
"3420 Elverum"	"Eneboliger"	"2016K3"	.	.
"3420 Elverum"	"Eneboliger"	"2016K4"	.	.
"3420 Elverum"	"Eneboliger"	"2017K1"	.	.
"3420 Elverum"	"Eneboliger"	"2017K2"	.	.
"3420 Elverum"	"Eneboliger"	"2017K3"	.	.
"3420 Elverum"	"Eneboliger"	"2017K4"	.	.
"3420 Elverum"	"Eneboliger"	"2018K1"	.	.
"3420 Elverum"	"Eneboliger"	"2018K2"	.	.
"3420 Elverum"	"Eneboliger"	"2018K3"	.	.
"3420 Elverum"	"Eneboliger"	"2018K4"	.	.
"3420 Elverum"	"Eneboliger"	"2019K1"	.	.
"3420 Elverum"	"Eneboliger"	"2019K2"	.	.
"3420 Elverum"	"Eneboliger"	"2019K3"	.	.
"3420 Elverum"	"Eneboliger"	"2019K4"	.	.
"3420 Elverum"	"Eneboliger"	"2020K1"	19772	40
"3420 Elverum"	"Eneboliger"	"2020K2"	17581	59
"3420 Elverum"	"Eneboliger"	"2020K3"	17373	51
"3420 Elverum"	"Eneboliger"	"2020K4"	18589	52
"3420 Elverum"	"Eneboliger"	"2021K1"	20264	29
"3420 Elverum"	"Eneboliger"	"2021K2"	22071	56
"3420 Elverum"	"Eneboliger"	"2021K3"	18885	44
"3420 Elverum"	"Eneboliger"	"2021K4"	20696	37
"3420 Elverum"	"Eneboliger"	"2022K1"	23882	34
"3420 Elverum"	"Eneboliger"	"2022K2"	23353	37
"3420 Elverum"	"Eneboliger"	"2022K3"	22383	41
"3420 Elverum"	"Eneboliger"	"2022K4"	21649	49
"3420 Elverum"	"Eneboliger"	"2023K1"	19853	39
"3420 Elverum"	"Eneboliger"	"2023K2"	23995	52
"3420 Elverum"	"Eneboliger"	"2023K3"	20832	31
"3420 Elverum"	"Småhus"	"2006K1"	.	.
"3420 Elverum"	"Småhus"	"2006K2"	.	.
"3420 Elverum"	"Småhus"	"2006K3"	.	.
"3420 Elverum"	"Småhus"	"2006K4"	.	.
"3420 Elverum"	"Småhus"	"2007K1"	.	.
"3420 Elverum"	"Småhus"	"2007K2"	.	.
"3420 Elverum"	"Småhus"	"2007K3"	.	.
"3420 Elverum"	"Småhus"	"2007K4"	.	.
"3420 Elverum"	"Småhus"	"2008K1"	.	.
"3420 Elverum"	"Småhus"	"2008K2"	.	.
"3420 Elverum"	"Småhus"	"2008K3"	.	.
"3420 Elverum"	"Småhus"	"2008K4"	.	.
"3420 Elverum"	"Småhus"	"2009K1"	.	.
"3420 Elverum"	"Småhus"	"2009K2"	.	.
"3420 Elverum"	"Småhus"	"2009K3"	.	.
"3420 Elverum"	"Småhus"	"2009K4"	.	.
"3420 Elverum"	"Småhus"	"2010K1"	.	.
"3420 Elverum"	"Småhus"	"2010K2"	.	.
"3420 Elverum"	"Småhus"	"2010K3"	.	.
"3420 Elverum"	"Småhus"	"2010K4"	.	.
"3420 Elverum"	"Småhus"	"2011K1"	.	.
"3420 Elverum"	"Småhus"	"2011K2"	.	.
"3420 Elverum"	"Småhus"	"2011K3"	.	.
"3420 Elverum"	"Småhus"	"2011K4"	.	.
"3420 Elverum"	"Småhus"	"2012K1"	.	.
"3420 Elverum"	"Småhus"	"2012K2"	.	.
"3420 Elverum"	"Småhus"	"2012K3"	.	.
"3420 Elverum"	"Småhus"	"2012K4"	.	.
"3420 Elverum"	"Småhus"	"2013K1"	.	.
"3420 Elverum"	"Småhus"	"2013K2"	.	.
"3420 Elverum"	"Småhus"	"2013K3"	.	.
"3420 Elverum"	"Småhus"	"2013K4"	.	.
"3420 Elverum"	"Småhus"	"2014K1"	.	.
"3420 Elverum"	"Småhus"	"2014K2"	.	.
"3420 Elverum"	"Småhus"	"2014K3"	.	.
"3420 Elverum"	"Småhus"	"2014K4"	.	.
"3420 Elverum"	"Småhus"	"2015K1"	.	.
"3420 Elverum"	"Småhus"	"2015K2"	.	.
"3420 Elverum"	"Småhus"	"2015K3"	.	.
"3420 Elverum"	"Småhus"	"2015K4"	.	.
"3420 Elverum"	"Småhus"	"2016K1"	.	.
"3420 Elverum"	"Småhus"	"2016K2"	.	.
"3420 Elverum"	"Småhus"	"2016K3"	.	.
"3420 Elverum"	"Småhus"	"2016K4"	.	.
"3420 Elverum"	"Småhus"	"2017K1"	.	.
"3420 Elverum"	"Småhus"	"2017K2"	.	.
"3420 Elverum"	"Småhus"	"2017K3"	.	.
"3420 Elverum"	"Småhus"	"2017K4"	.	.
"3420 Elverum"	"Småhus"	"2018K1"	.	.
"3420 Elverum"	"Småhus"	"2018K2"	.	.
"3420 Elverum"	"Småhus"	"2018K3"	.	.
"3420 Elverum"	"Småhus"	"2018K4"	.	.
"3420 Elverum"	"Småhus"	"2019K1"	.	.
"3420 Elverum"	"Småhus"	"2019K2"	.	.
"3420 Elverum"	"Småhus"	"2019K3"	.	.
"3420 Elverum"	"Småhus"	"2019K4"	.	.
"3420 Elverum"	"Småhus"	"2020K1"	..	9
"3420 Elverum"	"Småhus"	"2020K2"	28522	10
"3420 Elverum"	"Småhus"	"2020K3"	..	9
"3420 Elverum"	"Småhus"	"2020K4"	..	7
"3420 Elverum"	"Småhus"	"2021K1"	25736	15
"3420 Elverum"	"Småhus"	"2021K2"	30523	14
"3420 Elverum"	"Småhus"	"2021K3"	..	7
"3420 Elverum"	"Småhus"	"2021K4"	..	5
"3420 Elverum"	"Småhus"	"2022K1"	26945	10
"3420 Elverum"	"Småhus"	"2022K2"	..	9
"3420 Elverum"	"Småhus"	"2022K3"	29853	10
"3420 Elverum"	"Småhus"	"2022K4"	..	7
"3420 Elverum"	"Småhus"	"2023K1"	..	3
"3420 Elverum"	"Småhus"	"2023K2"	29824	10
"3420 Elverum"	"Småhus"	"2023K3"	29599	11
"3420 Elverum"	"Blokkleiligheter"	"2006K1"	.	.
"3420 Elverum"	"Blokkleiligheter"	"2006K2"	.	.
"3420 Elverum"	"Blokkleiligheter"	"2006K3"	.	.
"3420 Elverum"	"Blokkleiligheter"	"2006K4"	.	.
"3420 Elverum"	"Blokkleiligheter"	"2007K1"	.	.
"3420 Elverum"	"Blokkleiligheter"	"2007K2"	.	.
"3420 Elverum"	"Blokkleiligheter"	"2007K3"	.	.
"3420 Elverum"	"Blokkleiligheter"	"2007K4"	.	.
"3420 Elverum"	"Blokkleiligheter"	"2008K1"	.	.
"3420 Elverum"	"Blokkleiligheter"	"2008K2"	.	.
"3420 Elverum"	"Blokkleiligheter"	"2008K3"	.	.
"3420 Elverum"	"Blokkleiligheter"	"2008K4"	.	.
"3420 Elverum"	"Blokkleiligheter"	"2009K1"	.	.
"3420 Elverum"	"Blokkleiligheter"	"2009K2"	.	.
"3420 Elverum"	"Blokkleiligheter"	"2009K3"	.	.
"3420 Elverum"	"Blokkleiligheter"	"2009K4"	.	.
"3420 Elverum"	"Blokkleiligheter"	"2010K1"	.	.
"3420 Elverum"	"Blokkleiligheter"	"2010K2"	.	.
"3420 Elverum"	"Blokkleiligheter"	"2010K3"	.	.
"3420 Elverum"	"Blokkleiligheter"	"2010K4"	.	.
"3420 Elverum"	"Blokkleiligheter"	"2011K1"	.	.
"3420 Elverum"	"Blokkleiligheter"	"2011K2"	.	.
"3420 Elverum"	"Blokkleiligheter"	"2011K3"	.	.
"3420 Elverum"	"Blokkleiligheter"	"2011K4"	.	.
"3420 Elverum"	"Blokkleiligheter"	"2012K1"	.	.
"3420 Elverum"	"Blokkleiligheter"	"2012K2"	.	.
"3420 Elverum"	"Blokkleiligheter"	"2012K3"	.	.
"3420 Elverum"	"Blokkleiligheter"	"2012K4"	.	.
"3420 Elverum"	"Blokkleiligheter"	"2013K1"	.	.
"3420 Elverum"	"Blokkleiligheter"	"2013K2"	.	.
"3420 Elverum"	"Blokkleiligheter"	"2013K3"	.	.
"3420 Elverum"	"Blokkleiligheter"	"2013K4"	.	.
"3420 Elverum"	"Blokkleiligheter"	"2014K1"	.	.
"3420 Elverum"	"Blokkleiligheter"	"2014K2"	.	.
"3420 Elverum"	"Blokkleiligheter"	"2014K3"	.	.
"3420 Elverum"	"Blokkleiligheter"	"2014K4"	.	.
"3420 Elverum"	"Blokkleiligheter"	"2015K1"	.	.
"3420 Elverum"	"Blokkleiligheter"	"2015K2"	.	.
"3420 Elverum"	"Blokkleiligheter"	"2015K3"	.	.
"3420 Elverum"	"Blokkleiligheter"	"2015K4"	.	.
"3420 Elverum"	"Blokkleiligheter"	"2016K1"	.	.
"3420 Elverum"	"Blokkleiligheter"	"2016K2"	.	.
"3420 Elverum"	"Blokkleiligheter"	"2016K3"	.	.
"3420 Elverum"	"Blokkleiligheter"	"2016K4"	.	.
"3420 Elverum"	"Blokkleiligheter"	"2017K1"	.	.
"3420 Elverum"	"Blokkleiligheter"	"2017K2"	.	.
"3420 Elverum"	"Blokkleiligheter"	"2017K3"	.	.
"3420 Elverum"	"Blokkleiligheter"	"2017K4"	.	.
"3420 Elverum"	"Blokkleiligheter"	"2018K1"	.	.
"3420 Elverum"	"Blokkleiligheter"	"2018K2"	.	.
"3420 Elverum"	"Blokkleiligheter"	"2018K3"	.	.
"3420 Elverum"	"Blokkleiligheter"	"2018K4"	.	.
"3420 Elverum"	"Blokkleiligheter"	"2019K1"	.	.
"3420 Elverum"	"Blokkleiligheter"	"2019K2"	.	.
"3420 Elverum"	"Blokkleiligheter"	"2019K3"	.	.
"3420 Elverum"	"Blokkleiligheter"	"2019K4"	.	.
"3420 Elverum"	"Blokkleiligheter"	"2020K1"	31590	12
"3420 Elverum"	"Blokkleiligheter"	"2020K2"	32942	21
"3420 Elverum"	"Blokkleiligheter"	"2020K3"	34441	18
"3420 Elverum"	"Blokkleiligheter"	"2020K4"	35180	16
"3420 Elverum"	"Blokkleiligheter"	"2021K1"	38960	16
"3420 Elverum"	"Blokkleiligheter"	"2021K2"	39826	19
"3420 Elverum"	"Blokkleiligheter"	"2021K3"	33773	24
"3420 Elverum"	"Blokkleiligheter"	"2021K4"	33018	16
"3420 Elverum"	"Blokkleiligheter"	"2022K1"	35788	17
"3420 Elverum"	"Blokkleiligheter"	"2022K2"	39645	21
"3420 Elverum"	"Blokkleiligheter"	"2022K3"	36095	16
"3420 Elverum"	"Blokkleiligheter"	"2022K4"	..	9
"3420 Elverum"	"Blokkleiligheter"	"2023K1"	33017	18
"3420 Elverum"	"Blokkleiligheter"	"2023K2"	35984	14
"3420 Elverum"	"Blokkleiligheter"	"2023K3"	38314	18
"0403 Hamar (1992-2019)"	"Eneboliger"	"2006K1"	14031	42
"0403 Hamar (1992-2019)"	"Eneboliger"	"2006K2"	14684	72
"0403 Hamar (1992-2019)"	"Eneboliger"	"2006K3"	15307	52
"0403 Hamar (1992-2019)"	"Eneboliger"	"2006K4"	14897	46
"0403 Hamar (1992-2019)"	"Eneboliger"	"2007K1"	15462	21
"0403 Hamar (1992-2019)"	"Eneboliger"	"2007K2"	16708	64
"0403 Hamar (1992-2019)"	"Eneboliger"	"2007K3"	17288	56
"0403 Hamar (1992-2019)"	"Eneboliger"	"2007K4"	16674	44
"0403 Hamar (1992-2019)"	"Eneboliger"	"2008K1"	17328	34
"0403 Hamar (1992-2019)"	"Eneboliger"	"2008K2"	17790	76
"0403 Hamar (1992-2019)"	"Eneboliger"	"2008K3"	15543	35
"0403 Hamar (1992-2019)"	"Eneboliger"	"2008K4"	15406	34
"0403 Hamar (1992-2019)"	"Eneboliger"	"2009K1"	15993	24
"0403 Hamar (1992-2019)"	"Eneboliger"	"2009K2"	16356	72
"0403 Hamar (1992-2019)"	"Eneboliger"	"2009K3"	16034	46
"0403 Hamar (1992-2019)"	"Eneboliger"	"2009K4"	15578	51
"0403 Hamar (1992-2019)"	"Eneboliger"	"2010K1"	17854	51
"0403 Hamar (1992-2019)"	"Eneboliger"	"2010K2"	17161	82
"0403 Hamar (1992-2019)"	"Eneboliger"	"2010K3"	16456	50
"0403 Hamar (1992-2019)"	"Eneboliger"	"2010K4"	16907	48
"0403 Hamar (1992-2019)"	"Eneboliger"	"2011K1"	17642	35
"0403 Hamar (1992-2019)"	"Eneboliger"	"2011K2"	19068	65
"0403 Hamar (1992-2019)"	"Eneboliger"	"2011K3"	17121	51
"0403 Hamar (1992-2019)"	"Eneboliger"	"2011K4"	16904	42
"0403 Hamar (1992-2019)"	"Eneboliger"	"2012K1"	17092	58
"0403 Hamar (1992-2019)"	"Eneboliger"	"2012K2"	19708	68
"0403 Hamar (1992-2019)"	"Eneboliger"	"2012K3"	16417	58
"0403 Hamar (1992-2019)"	"Eneboliger"	"2012K4"	17970	45
"0403 Hamar (1992-2019)"	"Eneboliger"	"2013K1"	17072	44
"0403 Hamar (1992-2019)"	"Eneboliger"	"2013K2"	20566	67
"0403 Hamar (1992-2019)"	"Eneboliger"	"2013K3"	20639	54
"0403 Hamar (1992-2019)"	"Eneboliger"	"2013K4"	18168	56
"0403 Hamar (1992-2019)"	"Eneboliger"	"2014K1"	18504	50
"0403 Hamar (1992-2019)"	"Eneboliger"	"2014K2"	20669	65
"0403 Hamar (1992-2019)"	"Eneboliger"	"2014K3"	20225	50
"0403 Hamar (1992-2019)"	"Eneboliger"	"2014K4"	20082	55
"0403 Hamar (1992-2019)"	"Eneboliger"	"2015K1"	22121	55
"0403 Hamar (1992-2019)"	"Eneboliger"	"2015K2"	21155	69
"0403 Hamar (1992-2019)"	"Eneboliger"	"2015K3"	20544	53
"0403 Hamar (1992-2019)"	"Eneboliger"	"2015K4"	22378	33
"0403 Hamar (1992-2019)"	"Eneboliger"	"2016K1"	21636	53
"0403 Hamar (1992-2019)"	"Eneboliger"	"2016K2"	25526	77
"0403 Hamar (1992-2019)"	"Eneboliger"	"2016K3"	24020	58
"0403 Hamar (1992-2019)"	"Eneboliger"	"2016K4"	23694	39
"0403 Hamar (1992-2019)"	"Eneboliger"	"2017K1"	25190	41
"0403 Hamar (1992-2019)"	"Eneboliger"	"2017K2"	24926	61
"0403 Hamar (1992-2019)"	"Eneboliger"	"2017K3"	26163	47
"0403 Hamar (1992-2019)"	"Eneboliger"	"2017K4"	24321	43
"0403 Hamar (1992-2019)"	"Eneboliger"	"2018K1"	24516	32
"0403 Hamar (1992-2019)"	"Eneboliger"	"2018K2"	25230	79
"0403 Hamar (1992-2019)"	"Eneboliger"	"2018K3"	26397	64
"0403 Hamar (1992-2019)"	"Eneboliger"	"2018K4"	25324	35
"0403 Hamar (1992-2019)"	"Eneboliger"	"2019K1"	24434	47
"0403 Hamar (1992-2019)"	"Eneboliger"	"2019K2"	29868	77
"0403 Hamar (1992-2019)"	"Eneboliger"	"2019K3"	26989	59
"0403 Hamar (1992-2019)"	"Eneboliger"	"2019K4"	25224	44
"0403 Hamar (1992-2019)"	"Eneboliger"	"2020K1"	.	.
"0403 Hamar (1992-2019)"	"Eneboliger"	"2020K2"	.	.
"0403 Hamar (1992-2019)"	"Eneboliger"	"2020K3"	.	.
"0403 Hamar (1992-2019)"	"Eneboliger"	"2020K4"	.	.
"0403 Hamar (1992-2019)"	"Eneboliger"	"2021K1"	.	.
"0403 Hamar (1992-2019)"	"Eneboliger"	"2021K2"	.	.
"0403 Hamar (1992-2019)"	"Eneboliger"	"2021K3"	.	.
"0403 Hamar (1992-2019)"	"Eneboliger"	"2021K4"	.	.
"0403 Hamar (1992-2019)"	"Eneboliger"	"2022K1"	.	.
"0403 Hamar (1992-2019)"	"Eneboliger"	"2022K2"	.	.
"0403 Hamar (1992-2019)"	"Eneboliger"	"2022K3"	.	.
"0403 Hamar (1992-2019)"	"Eneboliger"	"2022K4"	.	.
"0403 Hamar (1992-2019)"	"Eneboliger"	"2023K1"	.	.
"0403 Hamar (1992-2019)"	"Eneboliger"	"2023K2"	.	.
"0403 Hamar (1992-2019)"	"Eneboliger"	"2023K3"	.	.
"0403 Hamar (1992-2019)"	"Småhus"	"2006K1"	..	7
"0403 Hamar (1992-2019)"	"Småhus"	"2006K2"	15784	10
"0403 Hamar (1992-2019)"	"Småhus"	"2006K3"	17609	13
"0403 Hamar (1992-2019)"	"Småhus"	"2006K4"	..	6
"0403 Hamar (1992-2019)"	"Småhus"	"2007K1"	..	6
"0403 Hamar (1992-2019)"	"Småhus"	"2007K2"	16631	12
"0403 Hamar (1992-2019)"	"Småhus"	"2007K3"	..	9
"0403 Hamar (1992-2019)"	"Småhus"	"2007K4"	..	3
"0403 Hamar (1992-2019)"	"Småhus"	"2008K1"	..	9
"0403 Hamar (1992-2019)"	"Småhus"	"2008K2"	..	9
"0403 Hamar (1992-2019)"	"Småhus"	"2008K3"	..	6
"0403 Hamar (1992-2019)"	"Småhus"	"2008K4"	..	6
"0403 Hamar (1992-2019)"	"Småhus"	"2009K1"	..	3
"0403 Hamar (1992-2019)"	"Småhus"	"2009K2"	17830	11
"0403 Hamar (1992-2019)"	"Småhus"	"2009K3"	19401	10
"0403 Hamar (1992-2019)"	"Småhus"	"2009K4"	..	2
"0403 Hamar (1992-2019)"	"Småhus"	"2010K1"	..	7
"0403 Hamar (1992-2019)"	"Småhus"	"2010K2"	..	3
"0403 Hamar (1992-2019)"	"Småhus"	"2010K3"	..	5
"0403 Hamar (1992-2019)"	"Småhus"	"2010K4"	..	7
"0403 Hamar (1992-2019)"	"Småhus"	"2011K1"	..	6
"0403 Hamar (1992-2019)"	"Småhus"	"2011K2"	..	6
"0403 Hamar (1992-2019)"	"Småhus"	"2011K3"	21170	11
"0403 Hamar (1992-2019)"	"Småhus"	"2011K4"	..	2
"0403 Hamar (1992-2019)"	"Småhus"	"2012K1"	..	5
"0403 Hamar (1992-2019)"	"Småhus"	"2012K2"	21388	10
"0403 Hamar (1992-2019)"	"Småhus"	"2012K3"	19281	11
"0403 Hamar (1992-2019)"	"Småhus"	"2012K4"	..	4
"0403 Hamar (1992-2019)"	"Småhus"	"2013K1"	..	4
"0403 Hamar (1992-2019)"	"Småhus"	"2013K2"	..	8
"0403 Hamar (1992-2019)"	"Småhus"	"2013K3"	..	8
"0403 Hamar (1992-2019)"	"Småhus"	"2013K4"	..	6
"0403 Hamar (1992-2019)"	"Småhus"	"2014K1"	..	1
"0403 Hamar (1992-2019)"	"Småhus"	"2014K2"	24573	10
"0403 Hamar (1992-2019)"	"Småhus"	"2014K3"	..	5
"0403 Hamar (1992-2019)"	"Småhus"	"2014K4"	..	6
"0403 Hamar (1992-2019)"	"Småhus"	"2015K1"	23871	10
"0403 Hamar (1992-2019)"	"Småhus"	"2015K2"	..	7
"0403 Hamar (1992-2019)"	"Småhus"	"2015K3"	.	.
"0403 Hamar (1992-2019)"	"Småhus"	"2015K4"	..	4
"0403 Hamar (1992-2019)"	"Småhus"	"2016K1"	..	8
"0403 Hamar (1992-2019)"	"Småhus"	"2016K2"	26575	11
"0403 Hamar (1992-2019)"	"Småhus"	"2016K3"	..	8
"0403 Hamar (1992-2019)"	"Småhus"	"2016K4"	..	3
"0403 Hamar (1992-2019)"	"Småhus"	"2017K1"	..	4
"0403 Hamar (1992-2019)"	"Småhus"	"2017K2"	..	5
"0403 Hamar (1992-2019)"	"Småhus"	"2017K3"	24479	11
"0403 Hamar (1992-2019)"	"Småhus"	"2017K4"	28230	13
"0403 Hamar (1992-2019)"	"Småhus"	"2018K1"	..	1
"0403 Hamar (1992-2019)"	"Småhus"	"2018K2"	31655	13
"0403 Hamar (1992-2019)"	"Småhus"	"2018K3"	..	8
"0403 Hamar (1992-2019)"	"Småhus"	"2018K4"	..	9
"0403 Hamar (1992-2019)"	"Småhus"	"2019K1"	30518	14
"0403 Hamar (1992-2019)"	"Småhus"	"2019K2"	..	9
"0403 Hamar (1992-2019)"	"Småhus"	"2019K3"	..	8
"0403 Hamar (1992-2019)"	"Småhus"	"2019K4"	..	6
"0403 Hamar (1992-2019)"	"Småhus"	"2020K1"	.	.
"0403 Hamar (1992-2019)"	"Småhus"	"2020K2"	.	.
"0403 Hamar (1992-2019)"	"Småhus"	"2020K3"	.	.
"0403 Hamar (1992-2019)"	"Småhus"	"2020K4"	.	.
"0403 Hamar (1992-2019)"	"Småhus"	"2021K1"	.	.
"0403 Hamar (1992-2019)"	"Småhus"	"2021K2"	.	.
"0403 Hamar (1992-2019)"	"Småhus"	"2021K3"	.	.
"0403 Hamar (1992-2019)"	"Småhus"	"2021K4"	.	.
"0403 Hamar (1992-2019)"	"Småhus"	"2022K1"	.	.
"0403 Hamar (1992-2019)"	"Småhus"	"2022K2"	.	.
"0403 Hamar (1992-2019)"	"Småhus"	"2022K3"	.	.
"0403 Hamar (1992-2019)"	"Småhus"	"2022K4"	.	.
"0403 Hamar (1992-2019)"	"Småhus"	"2023K1"	.	.
"0403 Hamar (1992-2019)"	"Småhus"	"2023K2"	.	.
"0403 Hamar (1992-2019)"	"Småhus"	"2023K3"	.	.
"0403 Hamar (1992-2019)"	"Blokkleiligheter"	"2006K1"	19295	16
"0403 Hamar (1992-2019)"	"Blokkleiligheter"	"2006K2"	19684	26
"0403 Hamar (1992-2019)"	"Blokkleiligheter"	"2006K3"	19729	19
"0403 Hamar (1992-2019)"	"Blokkleiligheter"	"2006K4"	20885	13
"0403 Hamar (1992-2019)"	"Blokkleiligheter"	"2007K1"	22768	15
"0403 Hamar (1992-2019)"	"Blokkleiligheter"	"2007K2"	24146	17
"0403 Hamar (1992-2019)"	"Blokkleiligheter"	"2007K3"	23078	18
"0403 Hamar (1992-2019)"	"Blokkleiligheter"	"2007K4"	21005	28
"0403 Hamar (1992-2019)"	"Blokkleiligheter"	"2008K1"	21678	17
"0403 Hamar (1992-2019)"	"Blokkleiligheter"	"2008K2"	20960	24
"0403 Hamar (1992-2019)"	"Blokkleiligheter"	"2008K3"	22904	15
"0403 Hamar (1992-2019)"	"Blokkleiligheter"	"2008K4"	..	9
"0403 Hamar (1992-2019)"	"Blokkleiligheter"	"2009K1"	19639	15
"0403 Hamar (1992-2019)"	"Blokkleiligheter"	"2009K2"	22660	23
"0403 Hamar (1992-2019)"	"Blokkleiligheter"	"2009K3"	21014	17
"0403 Hamar (1992-2019)"	"Blokkleiligheter"	"2009K4"	21671	18
"0403 Hamar (1992-2019)"	"Blokkleiligheter"	"2010K1"	23696	17
"0403 Hamar (1992-2019)"	"Blokkleiligheter"	"2010K2"	23075	22
"0403 Hamar (1992-2019)"	"Blokkleiligheter"	"2010K3"	25291	11
"0403 Hamar (1992-2019)"	"Blokkleiligheter"	"2010K4"	23670	12
"0403 Hamar (1992-2019)"	"Blokkleiligheter"	"2011K1"	26959	13
"0403 Hamar (1992-2019)"	"Blokkleiligheter"	"2011K2"	25075	17
"0403 Hamar (1992-2019)"	"Blokkleiligheter"	"2011K3"	24601	19
"0403 Hamar (1992-2019)"	"Blokkleiligheter"	"2011K4"	25387	20
"0403 Hamar (1992-2019)"	"Blokkleiligheter"	"2012K1"	26498	15
"0403 Hamar (1992-2019)"	"Blokkleiligheter"	"2012K2"	25524	15
"0403 Hamar (1992-2019)"	"Blokkleiligheter"	"2012K3"	29889	14
"0403 Hamar (1992-2019)"	"Blokkleiligheter"	"2012K4"	28298	27
"0403 Hamar (1992-2019)"	"Blokkleiligheter"	"2013K1"	27921	16
"0403 Hamar (1992-2019)"	"Blokkleiligheter"	"2013K2"	27864	18
"0403 Hamar (1992-2019)"	"Blokkleiligheter"	"2013K3"	30450	11
"0403 Hamar (1992-2019)"	"Blokkleiligheter"	"2013K4"	27643	10
"0403 Hamar (1992-2019)"	"Blokkleiligheter"	"2014K1"	28941	18
"0403 Hamar (1992-2019)"	"Blokkleiligheter"	"2014K2"	28670	20
"0403 Hamar (1992-2019)"	"Blokkleiligheter"	"2014K3"	28357	30
"0403 Hamar (1992-2019)"	"Blokkleiligheter"	"2014K4"	30453	21
"0403 Hamar (1992-2019)"	"Blokkleiligheter"	"2015K1"	32298	32
"0403 Hamar (1992-2019)"	"Blokkleiligheter"	"2015K2"	30611	19
"0403 Hamar (1992-2019)"	"Blokkleiligheter"	"2015K3"	37598	22
"0403 Hamar (1992-2019)"	"Blokkleiligheter"	"2015K4"	33979	17
"0403 Hamar (1992-2019)"	"Blokkleiligheter"	"2016K1"	36790	22
"0403 Hamar (1992-2019)"	"Blokkleiligheter"	"2016K2"	32095	22
"0403 Hamar (1992-2019)"	"Blokkleiligheter"	"2016K3"	35188	28
"0403 Hamar (1992-2019)"	"Blokkleiligheter"	"2016K4"	36510	17
"0403 Hamar (1992-2019)"	"Blokkleiligheter"	"2017K1"	36343	26
"0403 Hamar (1992-2019)"	"Blokkleiligheter"	"2017K2"	42843	27
"0403 Hamar (1992-2019)"	"Blokkleiligheter"	"2017K3"	38276	31
"0403 Hamar (1992-2019)"	"Blokkleiligheter"	"2017K4"	36917	16
"0403 Hamar (1992-2019)"	"Blokkleiligheter"	"2018K1"	40658	22
"0403 Hamar (1992-2019)"	"Blokkleiligheter"	"2018K2"	42050	35
"0403 Hamar (1992-2019)"	"Blokkleiligheter"	"2018K3"	48691	14
"0403 Hamar (1992-2019)"	"Blokkleiligheter"	"2018K4"	40623	14
"0403 Hamar (1992-2019)"	"Blokkleiligheter"	"2019K1"	43661	30
"0403 Hamar (1992-2019)"	"Blokkleiligheter"	"2019K2"	41098	33
"0403 Hamar (1992-2019)"	"Blokkleiligheter"	"2019K3"	46430	32
"0403 Hamar (1992-2019)"	"Blokkleiligheter"	"2019K4"	48851	20
"0403 Hamar (1992-2019)"	"Blokkleiligheter"	"2020K1"	.	.
"0403 Hamar (1992-2019)"	"Blokkleiligheter"	"2020K2"	.	.
"0403 Hamar (1992-2019)"	"Blokkleiligheter"	"2020K3"	.	.
"0403 Hamar (1992-2019)"	"Blokkleiligheter"	"2020K4"	.	.
"0403 Hamar (1992-2019)"	"Blokkleiligheter"	"2021K1"	.	.
"0403 Hamar (1992-2019)"	"Blokkleiligheter"	"2021K2"	.	.
"0403 Hamar (1992-2019)"	"Blokkleiligheter"	"2021K3"	.	.
"0403 Hamar (1992-2019)"	"Blokkleiligheter"	"2021K4"	.	.
"0403 Hamar (1992-2019)"	"Blokkleiligheter"	"2022K1"	.	.
"0403 Hamar (1992-2019)"	"Blokkleiligheter"	"2022K2"	.	.
"0403 Hamar (1992-2019)"	"Blokkleiligheter"	"2022K3"	.	.
"0403 Hamar (1992-2019)"	"Blokkleiligheter"	"2022K4"	.	.
"0403 Hamar (1992-2019)"	"Blokkleiligheter"	"2023K1"	.	.
"0403 Hamar (1992-2019)"	"Blokkleiligheter"	"2023K2"	.	.
"0403 Hamar (1992-2019)"	"Blokkleiligheter"	"2023K3"	.	.
"0412 Ringsaker (-2019)"	"Eneboliger"	"2006K1"	10987	36
"0412 Ringsaker (-2019)"	"Eneboliger"	"2006K2"	10558	57
"0412 Ringsaker (-2019)"	"Eneboliger"	"2006K3"	11387	65
"0412 Ringsaker (-2019)"	"Eneboliger"	"2006K4"	9953	56
"0412 Ringsaker (-2019)"	"Eneboliger"	"2007K1"	11519	38
"0412 Ringsaker (-2019)"	"Eneboliger"	"2007K2"	11358	91
"0412 Ringsaker (-2019)"	"Eneboliger"	"2007K3"	10920	58
"0412 Ringsaker (-2019)"	"Eneboliger"	"2007K4"	10980	49
"0412 Ringsaker (-2019)"	"Eneboliger"	"2008K1"	12239	38
"0412 Ringsaker (-2019)"	"Eneboliger"	"2008K2"	12479	75
"0412 Ringsaker (-2019)"	"Eneboliger"	"2008K3"	12139	60
"0412 Ringsaker (-2019)"	"Eneboliger"	"2008K4"	11139	49
"0412 Ringsaker (-2019)"	"Eneboliger"	"2009K1"	11656	40
"0412 Ringsaker (-2019)"	"Eneboliger"	"2009K2"	11256	78
"0412 Ringsaker (-2019)"	"Eneboliger"	"2009K3"	11628	71
"0412 Ringsaker (-2019)"	"Eneboliger"	"2009K4"	11593	52
"0412 Ringsaker (-2019)"	"Eneboliger"	"2010K1"	12880	48
"0412 Ringsaker (-2019)"	"Eneboliger"	"2010K2"	11971	74
"0412 Ringsaker (-2019)"	"Eneboliger"	"2010K3"	12388	82
"0412 Ringsaker (-2019)"	"Eneboliger"	"2010K4"	12417	63
"0412 Ringsaker (-2019)"	"Eneboliger"	"2011K1"	13390	38
"0412 Ringsaker (-2019)"	"Eneboliger"	"2011K2"	12490	70
"0412 Ringsaker (-2019)"	"Eneboliger"	"2011K3"	13087	77
"0412 Ringsaker (-2019)"	"Eneboliger"	"2011K4"	12701	62
"0412 Ringsaker (-2019)"	"Eneboliger"	"2012K1"	12899	48
"0412 Ringsaker (-2019)"	"Eneboliger"	"2012K2"	13411	76
"0412 Ringsaker (-2019)"	"Eneboliger"	"2012K3"	13379	74
"0412 Ringsaker (-2019)"	"Eneboliger"	"2012K4"	13314	59
"0412 Ringsaker (-2019)"	"Eneboliger"	"2013K1"	14856	37
"0412 Ringsaker (-2019)"	"Eneboliger"	"2013K2"	14936	74
"0412 Ringsaker (-2019)"	"Eneboliger"	"2013K3"	14367	76
"0412 Ringsaker (-2019)"	"Eneboliger"	"2013K4"	14267	69
"0412 Ringsaker (-2019)"	"Eneboliger"	"2014K1"	14478	42
"0412 Ringsaker (-2019)"	"Eneboliger"	"2014K2"	15073	73
"0412 Ringsaker (-2019)"	"Eneboliger"	"2014K3"	15396	77
"0412 Ringsaker (-2019)"	"Eneboliger"	"2014K4"	15544	71
"0412 Ringsaker (-2019)"	"Eneboliger"	"2015K1"	15854	60
"0412 Ringsaker (-2019)"	"Eneboliger"	"2015K2"	15647	85
"0412 Ringsaker (-2019)"	"Eneboliger"	"2015K3"	15629	78
"0412 Ringsaker (-2019)"	"Eneboliger"	"2015K4"	15955	69
"0412 Ringsaker (-2019)"	"Eneboliger"	"2016K1"	15113	43
"0412 Ringsaker (-2019)"	"Eneboliger"	"2016K2"	16632	110
"0412 Ringsaker (-2019)"	"Eneboliger"	"2016K3"	18329	85
"0412 Ringsaker (-2019)"	"Eneboliger"	"2016K4"	16212	60
"0412 Ringsaker (-2019)"	"Eneboliger"	"2017K1"	18670	49
"0412 Ringsaker (-2019)"	"Eneboliger"	"2017K2"	18690	91
"0412 Ringsaker (-2019)"	"Eneboliger"	"2017K3"	18271	95
"0412 Ringsaker (-2019)"	"Eneboliger"	"2017K4"	17627	70
"0412 Ringsaker (-2019)"	"Eneboliger"	"2018K1"	19524	49
"0412 Ringsaker (-2019)"	"Eneboliger"	"2018K2"	19032	102
"0412 Ringsaker (-2019)"	"Eneboliger"	"2018K3"	17919	84
"0412 Ringsaker (-2019)"	"Eneboliger"	"2018K4"	18029	70
"0412 Ringsaker (-2019)"	"Eneboliger"	"2019K1"	18247	78
"0412 Ringsaker (-2019)"	"Eneboliger"	"2019K2"	17280	74
"0412 Ringsaker (-2019)"	"Eneboliger"	"2019K3"	18760	83
"0412 Ringsaker (-2019)"	"Eneboliger"	"2019K4"	19197	65
"0412 Ringsaker (-2019)"	"Eneboliger"	"2020K1"	.	.
"0412 Ringsaker (-2019)"	"Eneboliger"	"2020K2"	.	.
"0412 Ringsaker (-2019)"	"Eneboliger"	"2020K3"	.	.
"0412 Ringsaker (-2019)"	"Eneboliger"	"2020K4"	.	.
"0412 Ringsaker (-2019)"	"Eneboliger"	"2021K1"	.	.
"0412 Ringsaker (-2019)"	"Eneboliger"	"2021K2"	.	.
"0412 Ringsaker (-2019)"	"Eneboliger"	"2021K3"	.	.
"0412 Ringsaker (-2019)"	"Eneboliger"	"2021K4"	.	.
"0412 Ringsaker (-2019)"	"Eneboliger"	"2022K1"	.	.
"0412 Ringsaker (-2019)"	"Eneboliger"	"2022K2"	.	.
"0412 Ringsaker (-2019)"	"Eneboliger"	"2022K3"	.	.
"0412 Ringsaker (-2019)"	"Eneboliger"	"2022K4"	.	.
"0412 Ringsaker (-2019)"	"Eneboliger"	"2023K1"	.	.
"0412 Ringsaker (-2019)"	"Eneboliger"	"2023K2"	.	.
"0412 Ringsaker (-2019)"	"Eneboliger"	"2023K3"	.	.
"0412 Ringsaker (-2019)"	"Småhus"	"2006K1"	..	5
"0412 Ringsaker (-2019)"	"Småhus"	"2006K2"	..	7
"0412 Ringsaker (-2019)"	"Småhus"	"2006K3"	..	6
"0412 Ringsaker (-2019)"	"Småhus"	"2006K4"	..	7
"0412 Ringsaker (-2019)"	"Småhus"	"2007K1"	..	7
"0412 Ringsaker (-2019)"	"Småhus"	"2007K2"	..	5
"0412 Ringsaker (-2019)"	"Småhus"	"2007K3"	..	9
"0412 Ringsaker (-2019)"	"Småhus"	"2007K4"	..	4
"0412 Ringsaker (-2019)"	"Småhus"	"2008K1"	..	4
"0412 Ringsaker (-2019)"	"Småhus"	"2008K2"	15151	11
"0412 Ringsaker (-2019)"	"Småhus"	"2008K3"	..	2
"0412 Ringsaker (-2019)"	"Småhus"	"2008K4"	..	7
"0412 Ringsaker (-2019)"	"Småhus"	"2009K1"	..	3
"0412 Ringsaker (-2019)"	"Småhus"	"2009K2"	..	8
"0412 Ringsaker (-2019)"	"Småhus"	"2009K3"	..	4
"0412 Ringsaker (-2019)"	"Småhus"	"2009K4"	..	3
"0412 Ringsaker (-2019)"	"Småhus"	"2010K1"	..	9
"0412 Ringsaker (-2019)"	"Småhus"	"2010K2"	..	5
"0412 Ringsaker (-2019)"	"Småhus"	"2010K3"	..	3
"0412 Ringsaker (-2019)"	"Småhus"	"2010K4"	..	9
"0412 Ringsaker (-2019)"	"Småhus"	"2011K1"	..	6
"0412 Ringsaker (-2019)"	"Småhus"	"2011K2"	..	7
"0412 Ringsaker (-2019)"	"Småhus"	"2011K3"	..	6
"0412 Ringsaker (-2019)"	"Småhus"	"2011K4"	..	2
"0412 Ringsaker (-2019)"	"Småhus"	"2012K1"	..	5
"0412 Ringsaker (-2019)"	"Småhus"	"2012K2"	..	8
"0412 Ringsaker (-2019)"	"Småhus"	"2012K3"	..	2
"0412 Ringsaker (-2019)"	"Småhus"	"2012K4"	..	7
"0412 Ringsaker (-2019)"	"Småhus"	"2013K1"	..	2
"0412 Ringsaker (-2019)"	"Småhus"	"2013K2"	..	5
"0412 Ringsaker (-2019)"	"Småhus"	"2013K3"	..	4
"0412 Ringsaker (-2019)"	"Småhus"	"2013K4"	..	2
"0412 Ringsaker (-2019)"	"Småhus"	"2014K1"	..	6
"0412 Ringsaker (-2019)"	"Småhus"	"2014K2"	..	7
"0412 Ringsaker (-2019)"	"Småhus"	"2014K3"	..	4
"0412 Ringsaker (-2019)"	"Småhus"	"2014K4"	..	5
"0412 Ringsaker (-2019)"	"Småhus"	"2015K1"	..	8
"0412 Ringsaker (-2019)"	"Småhus"	"2015K2"	..	9
"0412 Ringsaker (-2019)"	"Småhus"	"2015K3"	..	8
"0412 Ringsaker (-2019)"	"Småhus"	"2015K4"	..	8
"0412 Ringsaker (-2019)"	"Småhus"	"2016K1"	..	3
"0412 Ringsaker (-2019)"	"Småhus"	"2016K2"	..	9
"0412 Ringsaker (-2019)"	"Småhus"	"2016K3"	..	9
"0412 Ringsaker (-2019)"	"Småhus"	"2016K4"	..	6
"0412 Ringsaker (-2019)"	"Småhus"	"2017K1"	..	8
"0412 Ringsaker (-2019)"	"Småhus"	"2017K2"	25139	13
"0412 Ringsaker (-2019)"	"Småhus"	"2017K3"	..	5
"0412 Ringsaker (-2019)"	"Småhus"	"2017K4"	24166	14
"0412 Ringsaker (-2019)"	"Småhus"	"2018K1"	..	8
"0412 Ringsaker (-2019)"	"Småhus"	"2018K2"	..	9
"0412 Ringsaker (-2019)"	"Småhus"	"2018K3"	23434	12
"0412 Ringsaker (-2019)"	"Småhus"	"2018K4"	25193	11
"0412 Ringsaker (-2019)"	"Småhus"	"2019K1"	27110	10
"0412 Ringsaker (-2019)"	"Småhus"	"2019K2"	24331	12
"0412 Ringsaker (-2019)"	"Småhus"	"2019K3"	25456	18
"0412 Ringsaker (-2019)"	"Småhus"	"2019K4"	..	9
"0412 Ringsaker (-2019)"	"Småhus"	"2020K1"	.	.
"0412 Ringsaker (-2019)"	"Småhus"	"2020K2"	.	.
"0412 Ringsaker (-2019)"	"Småhus"	"2020K3"	.	.
"0412 Ringsaker (-2019)"	"Småhus"	"2020K4"	.	.
"0412 Ringsaker (-2019)"	"Småhus"	"2021K1"	.	.
"0412 Ringsaker (-2019)"	"Småhus"	"2021K2"	.	.
"0412 Ringsaker (-2019)"	"Småhus"	"2021K3"	.	.
"0412 Ringsaker (-2019)"	"Småhus"	"2021K4"	.	.
"0412 Ringsaker (-2019)"	"Småhus"	"2022K1"	.	.
"0412 Ringsaker (-2019)"	"Småhus"	"2022K2"	.	.
"0412 Ringsaker (-2019)"	"Småhus"	"2022K3"	.	.
"0412 Ringsaker (-2019)"	"Småhus"	"2022K4"	.	.
"0412 Ringsaker (-2019)"	"Småhus"	"2023K1"	.	.
"0412 Ringsaker (-2019)"	"Småhus"	"2023K2"	.	.
"0412 Ringsaker (-2019)"	"Småhus"	"2023K3"	.	.
"0412 Ringsaker (-2019)"	"Blokkleiligheter"	"2006K1"	..	6
"0412 Ringsaker (-2019)"	"Blokkleiligheter"	"2006K2"	..	8
"0412 Ringsaker (-2019)"	"Blokkleiligheter"	"2006K3"	..	4
"0412 Ringsaker (-2019)"	"Blokkleiligheter"	"2006K4"	..	8
"0412 Ringsaker (-2019)"	"Blokkleiligheter"	"2007K1"	..	7
"0412 Ringsaker (-2019)"	"Blokkleiligheter"	"2007K2"	16143	11
"0412 Ringsaker (-2019)"	"Blokkleiligheter"	"2007K3"	15342	15
"0412 Ringsaker (-2019)"	"Blokkleiligheter"	"2007K4"	..	8
"0412 Ringsaker (-2019)"	"Blokkleiligheter"	"2008K1"	..	7
"0412 Ringsaker (-2019)"	"Blokkleiligheter"	"2008K2"	16773	11
"0412 Ringsaker (-2019)"	"Blokkleiligheter"	"2008K3"	16271	11
"0412 Ringsaker (-2019)"	"Blokkleiligheter"	"2008K4"	..	5
"0412 Ringsaker (-2019)"	"Blokkleiligheter"	"2009K1"	..	6
"0412 Ringsaker (-2019)"	"Blokkleiligheter"	"2009K2"	..	4
"0412 Ringsaker (-2019)"	"Blokkleiligheter"	"2009K3"	..	9
"0412 Ringsaker (-2019)"	"Blokkleiligheter"	"2009K4"	..	8
"0412 Ringsaker (-2019)"	"Blokkleiligheter"	"2010K1"	..	9
"0412 Ringsaker (-2019)"	"Blokkleiligheter"	"2010K2"	19679	17
"0412 Ringsaker (-2019)"	"Blokkleiligheter"	"2010K3"	..	8
"0412 Ringsaker (-2019)"	"Blokkleiligheter"	"2010K4"	17861	13
"0412 Ringsaker (-2019)"	"Blokkleiligheter"	"2011K1"	..	7
"0412 Ringsaker (-2019)"	"Blokkleiligheter"	"2011K2"	19072	13
"0412 Ringsaker (-2019)"	"Blokkleiligheter"	"2011K3"	17532	11
"0412 Ringsaker (-2019)"	"Blokkleiligheter"	"2011K4"	..	6
"0412 Ringsaker (-2019)"	"Blokkleiligheter"	"2012K1"	..	9
"0412 Ringsaker (-2019)"	"Blokkleiligheter"	"2012K2"	22378	14
"0412 Ringsaker (-2019)"	"Blokkleiligheter"	"2012K3"	..	7
"0412 Ringsaker (-2019)"	"Blokkleiligheter"	"2012K4"	..	7
"0412 Ringsaker (-2019)"	"Blokkleiligheter"	"2013K1"	22489	12
"0412 Ringsaker (-2019)"	"Blokkleiligheter"	"2013K2"	..	6
"0412 Ringsaker (-2019)"	"Blokkleiligheter"	"2013K3"	22786	12
"0412 Ringsaker (-2019)"	"Blokkleiligheter"	"2013K4"	..	8
"0412 Ringsaker (-2019)"	"Blokkleiligheter"	"2014K1"	..	8
"0412 Ringsaker (-2019)"	"Blokkleiligheter"	"2014K2"	21786	14
"0412 Ringsaker (-2019)"	"Blokkleiligheter"	"2014K3"	23646	14
"0412 Ringsaker (-2019)"	"Blokkleiligheter"	"2014K4"	21957	14
"0412 Ringsaker (-2019)"	"Blokkleiligheter"	"2015K1"	25205	12
"0412 Ringsaker (-2019)"	"Blokkleiligheter"	"2015K2"	27179	13
"0412 Ringsaker (-2019)"	"Blokkleiligheter"	"2015K3"	25517	12
"0412 Ringsaker (-2019)"	"Blokkleiligheter"	"2015K4"	..	9
"0412 Ringsaker (-2019)"	"Blokkleiligheter"	"2016K1"	28472	15
"0412 Ringsaker (-2019)"	"Blokkleiligheter"	"2016K2"	27114	11
"0412 Ringsaker (-2019)"	"Blokkleiligheter"	"2016K3"	..	9
"0412 Ringsaker (-2019)"	"Blokkleiligheter"	"2016K4"	..	9
"0412 Ringsaker (-2019)"	"Blokkleiligheter"	"2017K1"	26918	13
"0412 Ringsaker (-2019)"	"Blokkleiligheter"	"2017K2"	29486	19
"0412 Ringsaker (-2019)"	"Blokkleiligheter"	"2017K3"	30926	11
"0412 Ringsaker (-2019)"	"Blokkleiligheter"	"2017K4"	..	7
"0412 Ringsaker (-2019)"	"Blokkleiligheter"	"2018K1"	..	4
"0412 Ringsaker (-2019)"	"Blokkleiligheter"	"2018K2"	32062	17
"0412 Ringsaker (-2019)"	"Blokkleiligheter"	"2018K3"	..	8
"0412 Ringsaker (-2019)"	"Blokkleiligheter"	"2018K4"	..	8
"0412 Ringsaker (-2019)"	"Blokkleiligheter"	"2019K1"	31194	14
"0412 Ringsaker (-2019)"	"Blokkleiligheter"	"2019K2"	32657	17
"0412 Ringsaker (-2019)"	"Blokkleiligheter"	"2019K3"	31641	13
"0412 Ringsaker (-2019)"	"Blokkleiligheter"	"2019K4"	29904	16
"0412 Ringsaker (-2019)"	"Blokkleiligheter"	"2020K1"	.	.
"0412 Ringsaker (-2019)"	"Blokkleiligheter"	"2020K2"	.	.
"0412 Ringsaker (-2019)"	"Blokkleiligheter"	"2020K3"	.	.
"0412 Ringsaker (-2019)"	"Blokkleiligheter"	"2020K4"	.	.
"0412 Ringsaker (-2019)"	"Blokkleiligheter"	"2021K1"	.	.
"0412 Ringsaker (-2019)"	"Blokkleiligheter"	"2021K2"	.	.
"0412 Ringsaker (-2019)"	"Blokkleiligheter"	"2021K3"	.	.
"0412 Ringsaker (-2019)"	"Blokkleiligheter"	"2021K4"	.	.
"0412 Ringsaker (-2019)"	"Blokkleiligheter"	"2022K1"	.	.
"0412 Ringsaker (-2019)"	"Blokkleiligheter"	"2022K2"	.	.
"0412 Ringsaker (-2019)"	"Blokkleiligheter"	"2022K3"	.	.
"0412 Ringsaker (-2019)"	"Blokkleiligheter"	"2022K4"	.	.
"0412 Ringsaker (-2019)"	"Blokkleiligheter"	"2023K1"	.	.
"0412 Ringsaker (-2019)"	"Blokkleiligheter"	"2023K2"	.	.
"0412 Ringsaker (-2019)"	"Blokkleiligheter"	"2023K3"	.	.
"0417 Stange (-2019)"	"Eneboliger"	"2006K1"	.	.
"0417 Stange (-2019)"	"Eneboliger"	"2006K2"	.	.
"0417 Stange (-2019)"	"Eneboliger"	"2006K3"	.	.
"0417 Stange (-2019)"	"Eneboliger"	"2006K4"	.	.
"0417 Stange (-2019)"	"Eneboliger"	"2007K1"	.	.
"0417 Stange (-2019)"	"Eneboliger"	"2007K2"	.	.
"0417 Stange (-2019)"	"Eneboliger"	"2007K3"	.	.
"0417 Stange (-2019)"	"Eneboliger"	"2007K4"	.	.
"0417 Stange (-2019)"	"Eneboliger"	"2008K1"	.	.
"0417 Stange (-2019)"	"Eneboliger"	"2008K2"	.	.
"0417 Stange (-2019)"	"Eneboliger"	"2008K3"	.	.
"0417 Stange (-2019)"	"Eneboliger"	"2008K4"	.	.
"0417 Stange (-2019)"	"Eneboliger"	"2009K1"	.	.
"0417 Stange (-2019)"	"Eneboliger"	"2009K2"	.	.
"0417 Stange (-2019)"	"Eneboliger"	"2009K3"	.	.
"0417 Stange (-2019)"	"Eneboliger"	"2009K4"	.	.
"0417 Stange (-2019)"	"Eneboliger"	"2010K1"	.	.
"0417 Stange (-2019)"	"Eneboliger"	"2010K2"	.	.
"0417 Stange (-2019)"	"Eneboliger"	"2010K3"	.	.
"0417 Stange (-2019)"	"Eneboliger"	"2010K4"	.	.
"0417 Stange (-2019)"	"Eneboliger"	"2011K1"	.	.
"0417 Stange (-2019)"	"Eneboliger"	"2011K2"	.	.
"0417 Stange (-2019)"	"Eneboliger"	"2011K3"	.	.
"0417 Stange (-2019)"	"Eneboliger"	"2011K4"	.	.
"0417 Stange (-2019)"	"Eneboliger"	"2012K1"	.	.
"0417 Stange (-2019)"	"Eneboliger"	"2012K2"	.	.
"0417 Stange (-2019)"	"Eneboliger"	"2012K3"	.	.
"0417 Stange (-2019)"	"Eneboliger"	"2012K4"	.	.
"0417 Stange (-2019)"	"Eneboliger"	"2013K1"	.	.
"0417 Stange (-2019)"	"Eneboliger"	"2013K2"	.	.
"0417 Stange (-2019)"	"Eneboliger"	"2013K3"	.	.
"0417 Stange (-2019)"	"Eneboliger"	"2013K4"	.	.
"0417 Stange (-2019)"	"Eneboliger"	"2014K1"	.	.
"0417 Stange (-2019)"	"Eneboliger"	"2014K2"	.	.
"0417 Stange (-2019)"	"Eneboliger"	"2014K3"	.	.
"0417 Stange (-2019)"	"Eneboliger"	"2014K4"	.	.
"0417 Stange (-2019)"	"Eneboliger"	"2015K1"	.	.
"0417 Stange (-2019)"	"Eneboliger"	"2015K2"	.	.
"0417 Stange (-2019)"	"Eneboliger"	"2015K3"	.	.
"0417 Stange (-2019)"	"Eneboliger"	"2015K4"	.	.
"0417 Stange (-2019)"	"Eneboliger"	"2016K1"	17288	33
"0417 Stange (-2019)"	"Eneboliger"	"2016K2"	17782	47
"0417 Stange (-2019)"	"Eneboliger"	"2016K3"	18878	50
"0417 Stange (-2019)"	"Eneboliger"	"2016K4"	19405	30
"0417 Stange (-2019)"	"Eneboliger"	"2017K1"	20608	43
"0417 Stange (-2019)"	"Eneboliger"	"2017K2"	20894	63
"0417 Stange (-2019)"	"Eneboliger"	"2017K3"	19905	45
"0417 Stange (-2019)"	"Eneboliger"	"2017K4"	16380	32
"0417 Stange (-2019)"	"Eneboliger"	"2018K1"	21771	26
"0417 Stange (-2019)"	"Eneboliger"	"2018K2"	22666	75
"0417 Stange (-2019)"	"Eneboliger"	"2018K3"	21285	52
"0417 Stange (-2019)"	"Eneboliger"	"2018K4"	19735	39
"0417 Stange (-2019)"	"Eneboliger"	"2019K1"	21078	39
"0417 Stange (-2019)"	"Eneboliger"	"2019K2"	21469	69
"0417 Stange (-2019)"	"Eneboliger"	"2019K3"	23063	58
"0417 Stange (-2019)"	"Eneboliger"	"2019K4"	23963	32
"0417 Stange (-2019)"	"Eneboliger"	"2020K1"	.	.
"0417 Stange (-2019)"	"Eneboliger"	"2020K2"	.	.
"0417 Stange (-2019)"	"Eneboliger"	"2020K3"	.	.
"0417 Stange (-2019)"	"Eneboliger"	"2020K4"	.	.
"0417 Stange (-2019)"	"Eneboliger"	"2021K1"	.	.
"0417 Stange (-2019)"	"Eneboliger"	"2021K2"	.	.
"0417 Stange (-2019)"	"Eneboliger"	"2021K3"	.	.
"0417 Stange (-2019)"	"Eneboliger"	"2021K4"	.	.
"0417 Stange (-2019)"	"Eneboliger"	"2022K1"	.	.
"0417 Stange (-2019)"	"Eneboliger"	"2022K2"	.	.
"0417 Stange (-2019)"	"Eneboliger"	"2022K3"	.	.
"0417 Stange (-2019)"	"Eneboliger"	"2022K4"	.	.
"0417 Stange (-2019)"	"Eneboliger"	"2023K1"	.	.
"0417 Stange (-2019)"	"Eneboliger"	"2023K2"	.	.
"0417 Stange (-2019)"	"Eneboliger"	"2023K3"	.	.
"0417 Stange (-2019)"	"Småhus"	"2006K1"	.	.
"0417 Stange (-2019)"	"Småhus"	"2006K2"	.	.
"0417 Stange (-2019)"	"Småhus"	"2006K3"	.	.
"0417 Stange (-2019)"	"Småhus"	"2006K4"	.	.
"0417 Stange (-2019)"	"Småhus"	"2007K1"	.	.
"0417 Stange (-2019)"	"Småhus"	"2007K2"	.	.
"0417 Stange (-2019)"	"Småhus"	"2007K3"	.	.
"0417 Stange (-2019)"	"Småhus"	"2007K4"	.	.
"0417 Stange (-2019)"	"Småhus"	"2008K1"	.	.
"0417 Stange (-2019)"	"Småhus"	"2008K2"	.	.
"0417 Stange (-2019)"	"Småhus"	"2008K3"	.	.
"0417 Stange (-2019)"	"Småhus"	"2008K4"	.	.
"0417 Stange (-2019)"	"Småhus"	"2009K1"	.	.
"0417 Stange (-2019)"	"Småhus"	"2009K2"	.	.
"0417 Stange (-2019)"	"Småhus"	"2009K3"	.	.
"0417 Stange (-2019)"	"Småhus"	"2009K4"	.	.
"0417 Stange (-2019)"	"Småhus"	"2010K1"	.	.
"0417 Stange (-2019)"	"Småhus"	"2010K2"	.	.
"0417 Stange (-2019)"	"Småhus"	"2010K3"	.	.
"0417 Stange (-2019)"	"Småhus"	"2010K4"	.	.
"0417 Stange (-2019)"	"Småhus"	"2011K1"	.	.
"0417 Stange (-2019)"	"Småhus"	"2011K2"	.	.
"0417 Stange (-2019)"	"Småhus"	"2011K3"	.	.
"0417 Stange (-2019)"	"Småhus"	"2011K4"	.	.
"0417 Stange (-2019)"	"Småhus"	"2012K1"	.	.
"0417 Stange (-2019)"	"Småhus"	"2012K2"	.	.
"0417 Stange (-2019)"	"Småhus"	"2012K3"	.	.
"0417 Stange (-2019)"	"Småhus"	"2012K4"	.	.
"0417 Stange (-2019)"	"Småhus"	"2013K1"	.	.
"0417 Stange (-2019)"	"Småhus"	"2013K2"	.	.
"0417 Stange (-2019)"	"Småhus"	"2013K3"	.	.
"0417 Stange (-2019)"	"Småhus"	"2013K4"	.	.
"0417 Stange (-2019)"	"Småhus"	"2014K1"	.	.
"0417 Stange (-2019)"	"Småhus"	"2014K2"	.	.
"0417 Stange (-2019)"	"Småhus"	"2014K3"	.	.
"0417 Stange (-2019)"	"Småhus"	"2014K4"	.	.
"0417 Stange (-2019)"	"Småhus"	"2015K1"	.	.
"0417 Stange (-2019)"	"Småhus"	"2015K2"	.	.
"0417 Stange (-2019)"	"Småhus"	"2015K3"	.	.
"0417 Stange (-2019)"	"Småhus"	"2015K4"	.	.
"0417 Stange (-2019)"	"Småhus"	"2016K1"	..	2
"0417 Stange (-2019)"	"Småhus"	"2016K2"	22962	12
"0417 Stange (-2019)"	"Småhus"	"2016K3"	..	4
"0417 Stange (-2019)"	"Småhus"	"2016K4"	..	5
"0417 Stange (-2019)"	"Småhus"	"2017K1"	28159	15
"0417 Stange (-2019)"	"Småhus"	"2017K2"	29036	10
"0417 Stange (-2019)"	"Småhus"	"2017K3"	..	4
"0417 Stange (-2019)"	"Småhus"	"2017K4"	..	4
"0417 Stange (-2019)"	"Småhus"	"2018K1"	..	8
"0417 Stange (-2019)"	"Småhus"	"2018K2"	..	4
"0417 Stange (-2019)"	"Småhus"	"2018K3"	29775	11
"0417 Stange (-2019)"	"Småhus"	"2018K4"	28935	12
"0417 Stange (-2019)"	"Småhus"	"2019K1"	..	8
"0417 Stange (-2019)"	"Småhus"	"2019K2"	..	6
"0417 Stange (-2019)"	"Småhus"	"2019K3"	..	5
"0417 Stange (-2019)"	"Småhus"	"2019K4"	30858	10
"0417 Stange (-2019)"	"Småhus"	"2020K1"	.	.
"0417 Stange (-2019)"	"Småhus"	"2020K2"	.	.
"0417 Stange (-2019)"	"Småhus"	"2020K3"	.	.
"0417 Stange (-2019)"	"Småhus"	"2020K4"	.	.
"0417 Stange (-2019)"	"Småhus"	"2021K1"	.	.
"0417 Stange (-2019)"	"Småhus"	"2021K2"	.	.
"0417 Stange (-2019)"	"Småhus"	"2021K3"	.	.
"0417 Stange (-2019)"	"Småhus"	"2021K4"	.	.
"0417 Stange (-2019)"	"Småhus"	"2022K1"	.	.
"0417 Stange (-2019)"	"Småhus"	"2022K2"	.	.
"0417 Stange (-2019)"	"Småhus"	"2022K3"	.	.
"0417 Stange (-2019)"	"Småhus"	"2022K4"	.	.
"0417 Stange (-2019)"	"Småhus"	"2023K1"	.	.
"0417 Stange (-2019)"	"Småhus"	"2023K2"	.	.
"0417 Stange (-2019)"	"Småhus"	"2023K3"	.	.
"0417 Stange (-2019)"	"Blokkleiligheter"	"2006K1"	.	.
"0417 Stange (-2019)"	"Blokkleiligheter"	"2006K2"	.	.
"0417 Stange (-2019)"	"Blokkleiligheter"	"2006K3"	.	.
"0417 Stange (-2019)"	"Blokkleiligheter"	"2006K4"	.	.
"0417 Stange (-2019)"	"Blokkleiligheter"	"2007K1"	.	.
"0417 Stange (-2019)"	"Blokkleiligheter"	"2007K2"	.	.
"0417 Stange (-2019)"	"Blokkleiligheter"	"2007K3"	.	.
"0417 Stange (-2019)"	"Blokkleiligheter"	"2007K4"	.	.
"0417 Stange (-2019)"	"Blokkleiligheter"	"2008K1"	.	.
"0417 Stange (-2019)"	"Blokkleiligheter"	"2008K2"	.	.
"0417 Stange (-2019)"	"Blokkleiligheter"	"2008K3"	.	.
"0417 Stange (-2019)"	"Blokkleiligheter"	"2008K4"	.	.
"0417 Stange (-2019)"	"Blokkleiligheter"	"2009K1"	.	.
"0417 Stange (-2019)"	"Blokkleiligheter"	"2009K2"	.	.
"0417 Stange (-2019)"	"Blokkleiligheter"	"2009K3"	.	.
"0417 Stange (-2019)"	"Blokkleiligheter"	"2009K4"	.	.
"0417 Stange (-2019)"	"Blokkleiligheter"	"2010K1"	.	.
"0417 Stange (-2019)"	"Blokkleiligheter"	"2010K2"	.	.
"0417 Stange (-2019)"	"Blokkleiligheter"	"2010K3"	.	.
"0417 Stange (-2019)"	"Blokkleiligheter"	"2010K4"	.	.
"0417 Stange (-2019)"	"Blokkleiligheter"	"2011K1"	.	.
"0417 Stange (-2019)"	"Blokkleiligheter"	"2011K2"	.	.
"0417 Stange (-2019)"	"Blokkleiligheter"	"2011K3"	.	.
"0417 Stange (-2019)"	"Blokkleiligheter"	"2011K4"	.	.
"0417 Stange (-2019)"	"Blokkleiligheter"	"2012K1"	.	.
"0417 Stange (-2019)"	"Blokkleiligheter"	"2012K2"	.	.
"0417 Stange (-2019)"	"Blokkleiligheter"	"2012K3"	.	.
"0417 Stange (-2019)"	"Blokkleiligheter"	"2012K4"	.	.
"0417 Stange (-2019)"	"Blokkleiligheter"	"2013K1"	.	.
"0417 Stange (-2019)"	"Blokkleiligheter"	"2013K2"	.	.
"0417 Stange (-2019)"	"Blokkleiligheter"	"2013K3"	.	.
"0417 Stange (-2019)"	"Blokkleiligheter"	"2013K4"	.	.
"0417 Stange (-2019)"	"Blokkleiligheter"	"2014K1"	.	.
"0417 Stange (-2019)"	"Blokkleiligheter"	"2014K2"	.	.
"0417 Stange (-2019)"	"Blokkleiligheter"	"2014K3"	.	.
"0417 Stange (-2019)"	"Blokkleiligheter"	"2014K4"	.	.
"0417 Stange (-2019)"	"Blokkleiligheter"	"2015K1"	.	.
"0417 Stange (-2019)"	"Blokkleiligheter"	"2015K2"	.	.
"0417 Stange (-2019)"	"Blokkleiligheter"	"2015K3"	.	.
"0417 Stange (-2019)"	"Blokkleiligheter"	"2015K4"	.	.
"0417 Stange (-2019)"	"Blokkleiligheter"	"2016K1"	..	9
"0417 Stange (-2019)"	"Blokkleiligheter"	"2016K2"	28516	11
"0417 Stange (-2019)"	"Blokkleiligheter"	"2016K3"	27794	15
"0417 Stange (-2019)"	"Blokkleiligheter"	"2016K4"	30760	10
"0417 Stange (-2019)"	"Blokkleiligheter"	"2017K1"	29716	13
"0417 Stange (-2019)"	"Blokkleiligheter"	"2017K2"	..	9
"0417 Stange (-2019)"	"Blokkleiligheter"	"2017K3"	..	9
"0417 Stange (-2019)"	"Blokkleiligheter"	"2017K4"	36899	10
"0417 Stange (-2019)"	"Blokkleiligheter"	"2018K1"	..	9
"0417 Stange (-2019)"	"Blokkleiligheter"	"2018K2"	34703	23
"0417 Stange (-2019)"	"Blokkleiligheter"	"2018K3"	32270	24
"0417 Stange (-2019)"	"Blokkleiligheter"	"2018K4"	32944	10
"0417 Stange (-2019)"	"Blokkleiligheter"	"2019K1"	32692	14
"0417 Stange (-2019)"	"Blokkleiligheter"	"2019K2"	33444	14
"0417 Stange (-2019)"	"Blokkleiligheter"	"2019K3"	31934	19
"0417 Stange (-2019)"	"Blokkleiligheter"	"2019K4"	34953	17
"0417 Stange (-2019)"	"Blokkleiligheter"	"2020K1"	.	.
"0417 Stange (-2019)"	"Blokkleiligheter"	"2020K2"	.	.
"0417 Stange (-2019)"	"Blokkleiligheter"	"2020K3"	.	.
"0417 Stange (-2019)"	"Blokkleiligheter"	"2020K4"	.	.
"0417 Stange (-2019)"	"Blokkleiligheter"	"2021K1"	.	.
"0417 Stange (-2019)"	"Blokkleiligheter"	"2021K2"	.	.
"0417 Stange (-2019)"	"Blokkleiligheter"	"2021K3"	.	.
"0417 Stange (-2019)"	"Blokkleiligheter"	"2021K4"	.	.
"0417 Stange (-2019)"	"Blokkleiligheter"	"2022K1"	.	.
"0417 Stange (-2019)"	"Blokkleiligheter"	"2022K2"	.	.
"0417 Stange (-2019)"	"Blokkleiligheter"	"2022K3"	.	.
"0417 Stange (-2019)"	"Blokkleiligheter"	"2022K4"	.	.
"0417 Stange (-2019)"	"Blokkleiligheter"	"2023K1"	.	.
"0417 Stange (-2019)"	"Blokkleiligheter"	"2023K2"	.	.
"0417 Stange (-2019)"	"Blokkleiligheter"	"2023K3"	.	.
"0427 Elverum (-2019)"	"Eneboliger"	"2006K1"	.	.
"0427 Elverum (-2019)"	"Eneboliger"	"2006K2"	.	.
"0427 Elverum (-2019)"	"Eneboliger"	"2006K3"	.	.
"0427 Elverum (-2019)"	"Eneboliger"	"2006K4"	.	.
"0427 Elverum (-2019)"	"Eneboliger"	"2007K1"	.	.
"0427 Elverum (-2019)"	"Eneboliger"	"2007K2"	.	.
"0427 Elverum (-2019)"	"Eneboliger"	"2007K3"	.	.
"0427 Elverum (-2019)"	"Eneboliger"	"2007K4"	.	.
"0427 Elverum (-2019)"	"Eneboliger"	"2008K1"	.	.
"0427 Elverum (-2019)"	"Eneboliger"	"2008K2"	.	.
"0427 Elverum (-2019)"	"Eneboliger"	"2008K3"	.	.
"0427 Elverum (-2019)"	"Eneboliger"	"2008K4"	.	.
"0427 Elverum (-2019)"	"Eneboliger"	"2009K1"	.	.
"0427 Elverum (-2019)"	"Eneboliger"	"2009K2"	.	.
"0427 Elverum (-2019)"	"Eneboliger"	"2009K3"	.	.
"0427 Elverum (-2019)"	"Eneboliger"	"2009K4"	.	.
"0427 Elverum (-2019)"	"Eneboliger"	"2010K1"	.	.
"0427 Elverum (-2019)"	"Eneboliger"	"2010K2"	.	.
"0427 Elverum (-2019)"	"Eneboliger"	"2010K3"	.	.
"0427 Elverum (-2019)"	"Eneboliger"	"2010K4"	.	.
"0427 Elverum (-2019)"	"Eneboliger"	"2011K1"	.	.
"0427 Elverum (-2019)"	"Eneboliger"	"2011K2"	.	.
"0427 Elverum (-2019)"	"Eneboliger"	"2011K3"	.	.
"0427 Elverum (-2019)"	"Eneboliger"	"2011K4"	.	.
"0427 Elverum (-2019)"	"Eneboliger"	"2012K1"	15155	22
"0427 Elverum (-2019)"	"Eneboliger"	"2012K2"	17261	34
"0427 Elverum (-2019)"	"Eneboliger"	"2012K3"	14634	36
"0427 Elverum (-2019)"	"Eneboliger"	"2012K4"	14207	41
"0427 Elverum (-2019)"	"Eneboliger"	"2013K1"	15577	31
"0427 Elverum (-2019)"	"Eneboliger"	"2013K2"	16264	55
"0427 Elverum (-2019)"	"Eneboliger"	"2013K3"	14592	43
"0427 Elverum (-2019)"	"Eneboliger"	"2013K4"	15798	34
"0427 Elverum (-2019)"	"Eneboliger"	"2014K1"	16767	32
"0427 Elverum (-2019)"	"Eneboliger"	"2014K2"	16127	39
"0427 Elverum (-2019)"	"Eneboliger"	"2014K3"	15905	43
"0427 Elverum (-2019)"	"Eneboliger"	"2014K4"	16311	32
"0427 Elverum (-2019)"	"Eneboliger"	"2015K1"	16277	38
"0427 Elverum (-2019)"	"Eneboliger"	"2015K2"	17525	53
"0427 Elverum (-2019)"	"Eneboliger"	"2015K3"	17126	45
"0427 Elverum (-2019)"	"Eneboliger"	"2015K4"	15421	36
"0427 Elverum (-2019)"	"Eneboliger"	"2016K1"	17091	35
"0427 Elverum (-2019)"	"Eneboliger"	"2016K2"	19191	44
"0427 Elverum (-2019)"	"Eneboliger"	"2016K3"	17089	36
"0427 Elverum (-2019)"	"Eneboliger"	"2016K4"	16722	44
"0427 Elverum (-2019)"	"Eneboliger"	"2017K1"	18937	42
"0427 Elverum (-2019)"	"Eneboliger"	"2017K2"	20039	45
"0427 Elverum (-2019)"	"Eneboliger"	"2017K3"	17289	44
"0427 Elverum (-2019)"	"Eneboliger"	"2017K4"	18740	38
"0427 Elverum (-2019)"	"Eneboliger"	"2018K1"	18440	31
"0427 Elverum (-2019)"	"Eneboliger"	"2018K2"	19406	51
"0427 Elverum (-2019)"	"Eneboliger"	"2018K3"	19032	39
"0427 Elverum (-2019)"	"Eneboliger"	"2018K4"	17642	41
"0427 Elverum (-2019)"	"Eneboliger"	"2019K1"	18148	41
"0427 Elverum (-2019)"	"Eneboliger"	"2019K2"	19348	49
"0427 Elverum (-2019)"	"Eneboliger"	"2019K3"	17957	48
"0427 Elverum (-2019)"	"Eneboliger"	"2019K4"	18303	35
"0427 Elverum (-2019)"	"Eneboliger"	"2020K1"	.	.
"0427 Elverum (-2019)"	"Eneboliger"	"2020K2"	.	.
"0427 Elverum (-2019)"	"Eneboliger"	"2020K3"	.	.
"0427 Elverum (-2019)"	"Eneboliger"	"2020K4"	.	.
"0427 Elverum (-2019)"	"Eneboliger"	"2021K1"	.	.
"0427 Elverum (-2019)"	"Eneboliger"	"2021K2"	.	.
"0427 Elverum (-2019)"	"Eneboliger"	"2021K3"	.	.
"0427 Elverum (-2019)"	"Eneboliger"	"2021K4"	.	.
"0427 Elverum (-2019)"	"Eneboliger"	"2022K1"	.	.
"0427 Elverum (-2019)"	"Eneboliger"	"2022K2"	.	.
"0427 Elverum (-2019)"	"Eneboliger"	"2022K3"	.	.
"0427 Elverum (-2019)"	"Eneboliger"	"2022K4"	.	.
"0427 Elverum (-2019)"	"Eneboliger"	"2023K1"	.	.
"0427 Elverum (-2019)"	"Eneboliger"	"2023K2"	.	.
"0427 Elverum (-2019)"	"Eneboliger"	"2023K3"	.	.
"0427 Elverum (-2019)"	"Småhus"	"2006K1"	.	.
"0427 Elverum (-2019)"	"Småhus"	"2006K2"	.	.
"0427 Elverum (-2019)"	"Småhus"	"2006K3"	.	.
"0427 Elverum (-2019)"	"Småhus"	"2006K4"	.	.
"0427 Elverum (-2019)"	"Småhus"	"2007K1"	.	.
"0427 Elverum (-2019)"	"Småhus"	"2007K2"	.	.
"0427 Elverum (-2019)"	"Småhus"	"2007K3"	.	.
"0427 Elverum (-2019)"	"Småhus"	"2007K4"	.	.
"0427 Elverum (-2019)"	"Småhus"	"2008K1"	.	.
"0427 Elverum (-2019)"	"Småhus"	"2008K2"	.	.
"0427 Elverum (-2019)"	"Småhus"	"2008K3"	.	.
"0427 Elverum (-2019)"	"Småhus"	"2008K4"	.	.
"0427 Elverum (-2019)"	"Småhus"	"2009K1"	.	.
"0427 Elverum (-2019)"	"Småhus"	"2009K2"	.	.
"0427 Elverum (-2019)"	"Småhus"	"2009K3"	.	.
"0427 Elverum (-2019)"	"Småhus"	"2009K4"	.	.
"0427 Elverum (-2019)"	"Småhus"	"2010K1"	.	.
"0427 Elverum (-2019)"	"Småhus"	"2010K2"	.	.
"0427 Elverum (-2019)"	"Småhus"	"2010K3"	.	.
"0427 Elverum (-2019)"	"Småhus"	"2010K4"	.	.
"0427 Elverum (-2019)"	"Småhus"	"2011K1"	.	.
"0427 Elverum (-2019)"	"Småhus"	"2011K2"	.	.
"0427 Elverum (-2019)"	"Småhus"	"2011K3"	.	.
"0427 Elverum (-2019)"	"Småhus"	"2011K4"	.	.
"0427 Elverum (-2019)"	"Småhus"	"2012K1"	..	8
"0427 Elverum (-2019)"	"Småhus"	"2012K2"	..	7
"0427 Elverum (-2019)"	"Småhus"	"2012K3"	..	6
"0427 Elverum (-2019)"	"Småhus"	"2012K4"	..	4
"0427 Elverum (-2019)"	"Småhus"	"2013K1"	..	8
"0427 Elverum (-2019)"	"Småhus"	"2013K2"	..	7
"0427 Elverum (-2019)"	"Småhus"	"2013K3"	..	9
"0427 Elverum (-2019)"	"Småhus"	"2013K4"	..	7
"0427 Elverum (-2019)"	"Småhus"	"2014K1"	..	9
"0427 Elverum (-2019)"	"Småhus"	"2014K2"	20275	11
"0427 Elverum (-2019)"	"Småhus"	"2014K3"	..	3
"0427 Elverum (-2019)"	"Småhus"	"2014K4"	..	9
"0427 Elverum (-2019)"	"Småhus"	"2015K1"	..	9
"0427 Elverum (-2019)"	"Småhus"	"2015K2"	24294	16
"0427 Elverum (-2019)"	"Småhus"	"2015K3"	..	7
"0427 Elverum (-2019)"	"Småhus"	"2015K4"	..	5
"0427 Elverum (-2019)"	"Småhus"	"2016K1"	..	6
"0427 Elverum (-2019)"	"Småhus"	"2016K2"	..	8
"0427 Elverum (-2019)"	"Småhus"	"2016K3"	..	4
"0427 Elverum (-2019)"	"Småhus"	"2016K4"	..	7
"0427 Elverum (-2019)"	"Småhus"	"2017K1"	..	4
"0427 Elverum (-2019)"	"Småhus"	"2017K2"	26721	10
"0427 Elverum (-2019)"	"Småhus"	"2017K3"	..	8
"0427 Elverum (-2019)"	"Småhus"	"2017K4"	..	5
"0427 Elverum (-2019)"	"Småhus"	"2018K1"	..	4
"0427 Elverum (-2019)"	"Småhus"	"2018K2"	26664	13
"0427 Elverum (-2019)"	"Småhus"	"2018K3"	..	9
"0427 Elverum (-2019)"	"Småhus"	"2018K4"	..	5
"0427 Elverum (-2019)"	"Småhus"	"2019K1"	24195	18
"0427 Elverum (-2019)"	"Småhus"	"2019K2"	24996	15
"0427 Elverum (-2019)"	"Småhus"	"2019K3"	25897	11
"0427 Elverum (-2019)"	"Småhus"	"2019K4"	..	7
"0427 Elverum (-2019)"	"Småhus"	"2020K1"	.	.
"0427 Elverum (-2019)"	"Småhus"	"2020K2"	.	.
"0427 Elverum (-2019)"	"Småhus"	"2020K3"	.	.
"0427 Elverum (-2019)"	"Småhus"	"2020K4"	.	.
"0427 Elverum (-2019)"	"Småhus"	"2021K1"	.	.
"0427 Elverum (-2019)"	"Småhus"	"2021K2"	.	.
"0427 Elverum (-2019)"	"Småhus"	"2021K3"	.	.
"0427 Elverum (-2019)"	"Småhus"	"2021K4"	.	.
"0427 Elverum (-2019)"	"Småhus"	"2022K1"	.	.
"0427 Elverum (-2019)"	"Småhus"	"2022K2"	.	.
"0427 Elverum (-2019)"	"Småhus"	"2022K3"	.	.
"0427 Elverum (-2019)"	"Småhus"	"2022K4"	.	.
"0427 Elverum (-2019)"	"Småhus"	"2023K1"	.	.
"0427 Elverum (-2019)"	"Småhus"	"2023K2"	.	.
"0427 Elverum (-2019)"	"Småhus"	"2023K3"	.	.
"0427 Elverum (-2019)"	"Blokkleiligheter"	"2006K1"	.	.
"0427 Elverum (-2019)"	"Blokkleiligheter"	"2006K2"	.	.
"0427 Elverum (-2019)"	"Blokkleiligheter"	"2006K3"	.	.
"0427 Elverum (-2019)"	"Blokkleiligheter"	"2006K4"	.	.
"0427 Elverum (-2019)"	"Blokkleiligheter"	"2007K1"	.	.
"0427 Elverum (-2019)"	"Blokkleiligheter"	"2007K2"	.	.
"0427 Elverum (-2019)"	"Blokkleiligheter"	"2007K3"	.	.
"0427 Elverum (-2019)"	"Blokkleiligheter"	"2007K4"	.	.
"0427 Elverum (-2019)"	"Blokkleiligheter"	"2008K1"	.	.
"0427 Elverum (-2019)"	"Blokkleiligheter"	"2008K2"	.	.
"0427 Elverum (-2019)"	"Blokkleiligheter"	"2008K3"	.	.
"0427 Elverum (-2019)"	"Blokkleiligheter"	"2008K4"	.	.
"0427 Elverum (-2019)"	"Blokkleiligheter"	"2009K1"	.	.
"0427 Elverum (-2019)"	"Blokkleiligheter"	"2009K2"	.	.
"0427 Elverum (-2019)"	"Blokkleiligheter"	"2009K3"	.	.
"0427 Elverum (-2019)"	"Blokkleiligheter"	"2009K4"	.	.
"0427 Elverum (-2019)"	"Blokkleiligheter"	"2010K1"	.	.
"0427 Elverum (-2019)"	"Blokkleiligheter"	"2010K2"	.	.
"0427 Elverum (-2019)"	"Blokkleiligheter"	"2010K3"	.	.
"0427 Elverum (-2019)"	"Blokkleiligheter"	"2010K4"	.	.
"0427 Elverum (-2019)"	"Blokkleiligheter"	"2011K1"	.	.
"0427 Elverum (-2019)"	"Blokkleiligheter"	"2011K2"	.	.
"0427 Elverum (-2019)"	"Blokkleiligheter"	"2011K3"	.	.
"0427 Elverum (-2019)"	"Blokkleiligheter"	"2011K4"	.	.
"0427 Elverum (-2019)"	"Blokkleiligheter"	"2012K1"	26966	10
"0427 Elverum (-2019)"	"Blokkleiligheter"	"2012K2"	26740	12
"0427 Elverum (-2019)"	"Blokkleiligheter"	"2012K3"	..	9
"0427 Elverum (-2019)"	"Blokkleiligheter"	"2012K4"	..	8
"0427 Elverum (-2019)"	"Blokkleiligheter"	"2013K1"	23923	19
"0427 Elverum (-2019)"	"Blokkleiligheter"	"2013K2"	..	7
"0427 Elverum (-2019)"	"Blokkleiligheter"	"2013K3"	24937	15
"0427 Elverum (-2019)"	"Blokkleiligheter"	"2013K4"	..	5
"0427 Elverum (-2019)"	"Blokkleiligheter"	"2014K1"	..	8
"0427 Elverum (-2019)"	"Blokkleiligheter"	"2014K2"	23695	13
"0427 Elverum (-2019)"	"Blokkleiligheter"	"2014K3"	..	9
"0427 Elverum (-2019)"	"Blokkleiligheter"	"2014K4"	24286	12
"0427 Elverum (-2019)"	"Blokkleiligheter"	"2015K1"	..	8
"0427 Elverum (-2019)"	"Blokkleiligheter"	"2015K2"	25806	17
"0427 Elverum (-2019)"	"Blokkleiligheter"	"2015K3"	26976	11
"0427 Elverum (-2019)"	"Blokkleiligheter"	"2015K4"	..	7
"0427 Elverum (-2019)"	"Blokkleiligheter"	"2016K1"	..	7
"0427 Elverum (-2019)"	"Blokkleiligheter"	"2016K2"	27562	16
"0427 Elverum (-2019)"	"Blokkleiligheter"	"2016K3"	28628	10
"0427 Elverum (-2019)"	"Blokkleiligheter"	"2016K4"	..	8
"0427 Elverum (-2019)"	"Blokkleiligheter"	"2017K1"	32395	12
"0427 Elverum (-2019)"	"Blokkleiligheter"	"2017K2"	30100	18
"0427 Elverum (-2019)"	"Blokkleiligheter"	"2017K3"	27428	17
"0427 Elverum (-2019)"	"Blokkleiligheter"	"2017K4"	29843	12
"0427 Elverum (-2019)"	"Blokkleiligheter"	"2018K1"	..	7
"0427 Elverum (-2019)"	"Blokkleiligheter"	"2018K2"	27912	16
"0427 Elverum (-2019)"	"Blokkleiligheter"	"2018K3"	32183	14
"0427 Elverum (-2019)"	"Blokkleiligheter"	"2018K4"	31810	14
"0427 Elverum (-2019)"	"Blokkleiligheter"	"2019K1"	28184	11
"0427 Elverum (-2019)"	"Blokkleiligheter"	"2019K2"	31116	15
"0427 Elverum (-2019)"	"Blokkleiligheter"	"2019K3"	..	8
"0427 Elverum (-2019)"	"Blokkleiligheter"	"2019K4"	35329	15
"0427 Elverum (-2019)"	"Blokkleiligheter"	"2020K1"	.	.
"0427 Elverum (-2019)"	"Blokkleiligheter"	"2020K2"	.	.
"0427 Elverum (-2019)"	"Blokkleiligheter"	"2020K3"	.	.
"0427 Elverum (-2019)"	"Blokkleiligheter"	"2020K4"	.	.
"0427 Elverum (-2019)"	"Blokkleiligheter"	"2021K1"	.	.
"0427 Elverum (-2019)"	"Blokkleiligheter"	"2021K2"	.	.
"0427 Elverum (-2019)"	"Blokkleiligheter"	"2021K3"	.	.
"0427 Elverum (-2019)"	"Blokkleiligheter"	"2021K4"	.	.
"0427 Elverum (-2019)"	"Blokkleiligheter"	"2022K1"	.	.
"0427 Elverum (-2019)"	"Blokkleiligheter"	"2022K2"	.	.
"0427 Elverum (-2019)"	"Blokkleiligheter"	"2022K3"	.	.
"0427 Elverum (-2019)"	"Blokkleiligheter"	"2022K4"	.	.
"0427 Elverum (-2019)"	"Blokkleiligheter"	"2023K1"	.	.
"0427 Elverum (-2019)"	"Blokkleiligheter"	"2023K2"	.	.
"0427 Elverum (-2019)"	"Blokkleiligheter"	"2023K3"	.	.
"0501 Lillehammer (-2019)"	"Eneboliger"	"2006K1"	15335	12
"0501 Lillehammer (-2019)"	"Eneboliger"	"2006K2"	16052	40
"0501 Lillehammer (-2019)"	"Eneboliger"	"2006K3"	15534	31
"0501 Lillehammer (-2019)"	"Eneboliger"	"2006K4"	16911	15
"0501 Lillehammer (-2019)"	"Eneboliger"	"2007K1"	17830	12
"0501 Lillehammer (-2019)"	"Eneboliger"	"2007K2"	16461	31
"0501 Lillehammer (-2019)"	"Eneboliger"	"2007K3"	17072	22
"0501 Lillehammer (-2019)"	"Eneboliger"	"2007K4"	17114	31
"0501 Lillehammer (-2019)"	"Eneboliger"	"2008K1"	16193	24
"0501 Lillehammer (-2019)"	"Eneboliger"	"2008K2"	17589	44
"0501 Lillehammer (-2019)"	"Eneboliger"	"2008K3"	15723	44
"0501 Lillehammer (-2019)"	"Eneboliger"	"2008K4"	14683	24
"0501 Lillehammer (-2019)"	"Eneboliger"	"2009K1"	17592	26
"0501 Lillehammer (-2019)"	"Eneboliger"	"2009K2"	16573	50
"0501 Lillehammer (-2019)"	"Eneboliger"	"2009K3"	16681	47
"0501 Lillehammer (-2019)"	"Eneboliger"	"2009K4"	16692	30
"0501 Lillehammer (-2019)"	"Eneboliger"	"2010K1"	16194	27
"0501 Lillehammer (-2019)"	"Eneboliger"	"2010K2"	17659	44
"0501 Lillehammer (-2019)"	"Eneboliger"	"2010K3"	17291	39
"0501 Lillehammer (-2019)"	"Eneboliger"	"2010K4"	17899	33
"0501 Lillehammer (-2019)"	"Eneboliger"	"2011K1"	18054	33
"0501 Lillehammer (-2019)"	"Eneboliger"	"2011K2"	20813	50
"0501 Lillehammer (-2019)"	"Eneboliger"	"2011K3"	19934	50
"0501 Lillehammer (-2019)"	"Eneboliger"	"2011K4"	18404	34
"0501 Lillehammer (-2019)"	"Eneboliger"	"2012K1"	21857	35
"0501 Lillehammer (-2019)"	"Eneboliger"	"2012K2"	21012	64
"0501 Lillehammer (-2019)"	"Eneboliger"	"2012K3"	20525	41
"0501 Lillehammer (-2019)"	"Eneboliger"	"2012K4"	20940	47
"0501 Lillehammer (-2019)"	"Eneboliger"	"2013K1"	22824	31
"0501 Lillehammer (-2019)"	"Eneboliger"	"2013K2"	22749	52
"0501 Lillehammer (-2019)"	"Eneboliger"	"2013K3"	19505	49
"0501 Lillehammer (-2019)"	"Eneboliger"	"2013K4"	20337	39
"0501 Lillehammer (-2019)"	"Eneboliger"	"2014K1"	21068	34
"0501 Lillehammer (-2019)"	"Eneboliger"	"2014K2"	21534	64
"0501 Lillehammer (-2019)"	"Eneboliger"	"2014K3"	20018	58
"0501 Lillehammer (-2019)"	"Eneboliger"	"2014K4"	22127	36
"0501 Lillehammer (-2019)"	"Eneboliger"	"2015K1"	20812	37
"0501 Lillehammer (-2019)"	"Eneboliger"	"2015K2"	23286	52
"0501 Lillehammer (-2019)"	"Eneboliger"	"2015K3"	21340	57
"0501 Lillehammer (-2019)"	"Eneboliger"	"2015K4"	21834	35
"0501 Lillehammer (-2019)"	"Eneboliger"	"2016K1"	22061	43
"0501 Lillehammer (-2019)"	"Eneboliger"	"2016K2"	24011	61
"0501 Lillehammer (-2019)"	"Eneboliger"	"2016K3"	24065	52
"0501 Lillehammer (-2019)"	"Eneboliger"	"2016K4"	23036	32
"0501 Lillehammer (-2019)"	"Eneboliger"	"2017K1"	25442	41
"0501 Lillehammer (-2019)"	"Eneboliger"	"2017K2"	25578	62
"0501 Lillehammer (-2019)"	"Eneboliger"	"2017K3"	26721	42
"0501 Lillehammer (-2019)"	"Eneboliger"	"2017K4"	24619	21
"0501 Lillehammer (-2019)"	"Eneboliger"	"2018K1"	24213	24
"0501 Lillehammer (-2019)"	"Eneboliger"	"2018K2"	26811	56
"0501 Lillehammer (-2019)"	"Eneboliger"	"2018K3"	24954	51
"0501 Lillehammer (-2019)"	"Eneboliger"	"2018K4"	22871	38
"0501 Lillehammer (-2019)"	"Eneboliger"	"2019K1"	28747	40
"0501 Lillehammer (-2019)"	"Eneboliger"	"2019K2"	27470	51
"0501 Lillehammer (-2019)"	"Eneboliger"	"2019K3"	24386	45
"0501 Lillehammer (-2019)"	"Eneboliger"	"2019K4"	24314	34
"0501 Lillehammer (-2019)"	"Eneboliger"	"2020K1"	.	.
"0501 Lillehammer (-2019)"	"Eneboliger"	"2020K2"	.	.
"0501 Lillehammer (-2019)"	"Eneboliger"	"2020K3"	.	.
"0501 Lillehammer (-2019)"	"Eneboliger"	"2020K4"	.	.
"0501 Lillehammer (-2019)"	"Eneboliger"	"2021K1"	.	.
"0501 Lillehammer (-2019)"	"Eneboliger"	"2021K2"	.	.
"0501 Lillehammer (-2019)"	"Eneboliger"	"2021K3"	.	.
"0501 Lillehammer (-2019)"	"Eneboliger"	"2021K4"	.	.
"0501 Lillehammer (-2019)"	"Eneboliger"	"2022K1"	.	.
"0501 Lillehammer (-2019)"	"Eneboliger"	"2022K2"	.	.
"0501 Lillehammer (-2019)"	"Eneboliger"	"2022K3"	.	.
"0501 Lillehammer (-2019)"	"Eneboliger"	"2022K4"	.	.
"0501 Lillehammer (-2019)"	"Eneboliger"	"2023K1"	.	.
"0501 Lillehammer (-2019)"	"Eneboliger"	"2023K2"	.	.
"0501 Lillehammer (-2019)"	"Eneboliger"	"2023K3"	.	.
"0501 Lillehammer (-2019)"	"Småhus"	"2006K1"	17532	12
"0501 Lillehammer (-2019)"	"Småhus"	"2006K2"	16752	21
"0501 Lillehammer (-2019)"	"Småhus"	"2006K3"	17814	11
"0501 Lillehammer (-2019)"	"Småhus"	"2006K4"	18466	15
"0501 Lillehammer (-2019)"	"Småhus"	"2007K1"	..	9
"0501 Lillehammer (-2019)"	"Småhus"	"2007K2"	17225	20
"0501 Lillehammer (-2019)"	"Småhus"	"2007K3"	17898	16
"0501 Lillehammer (-2019)"	"Småhus"	"2007K4"	18374	14
"0501 Lillehammer (-2019)"	"Småhus"	"2008K1"	18295	13
"0501 Lillehammer (-2019)"	"Småhus"	"2008K2"	18495	27
"0501 Lillehammer (-2019)"	"Småhus"	"2008K3"	17796	14
"0501 Lillehammer (-2019)"	"Småhus"	"2008K4"	18195	10
"0501 Lillehammer (-2019)"	"Småhus"	"2009K1"	..	8
"0501 Lillehammer (-2019)"	"Småhus"	"2009K2"	17850	10
"0501 Lillehammer (-2019)"	"Småhus"	"2009K3"	..	9
"0501 Lillehammer (-2019)"	"Småhus"	"2009K4"	17784	12
"0501 Lillehammer (-2019)"	"Småhus"	"2010K1"	..	9
"0501 Lillehammer (-2019)"	"Småhus"	"2010K2"	20053	19
"0501 Lillehammer (-2019)"	"Småhus"	"2010K3"	..	5
"0501 Lillehammer (-2019)"	"Småhus"	"2010K4"	..	8
"0501 Lillehammer (-2019)"	"Småhus"	"2011K1"	21527	18
"0501 Lillehammer (-2019)"	"Småhus"	"2011K2"	22739	14
"0501 Lillehammer (-2019)"	"Småhus"	"2011K3"	22472	10
"0501 Lillehammer (-2019)"	"Småhus"	"2011K4"	22905	11
"0501 Lillehammer (-2019)"	"Småhus"	"2012K1"	22322	10
"0501 Lillehammer (-2019)"	"Småhus"	"2012K2"	23097	20
"0501 Lillehammer (-2019)"	"Småhus"	"2012K3"	23452	19
"0501 Lillehammer (-2019)"	"Småhus"	"2012K4"	..	6
"0501 Lillehammer (-2019)"	"Småhus"	"2013K1"	22347	12
"0501 Lillehammer (-2019)"	"Småhus"	"2013K2"	24066	14
"0501 Lillehammer (-2019)"	"Småhus"	"2013K3"	22160	16
"0501 Lillehammer (-2019)"	"Småhus"	"2013K4"	..	8
"0501 Lillehammer (-2019)"	"Småhus"	"2014K1"	..	8
"0501 Lillehammer (-2019)"	"Småhus"	"2014K2"	22309	15
"0501 Lillehammer (-2019)"	"Småhus"	"2014K3"	21670	10
"0501 Lillehammer (-2019)"	"Småhus"	"2014K4"	..	9
"0501 Lillehammer (-2019)"	"Småhus"	"2015K1"	24704	11
"0501 Lillehammer (-2019)"	"Småhus"	"2015K2"	25438	20
"0501 Lillehammer (-2019)"	"Småhus"	"2015K3"	24719	12
"0501 Lillehammer (-2019)"	"Småhus"	"2015K4"	..	9
"0501 Lillehammer (-2019)"	"Småhus"	"2016K1"	..	8
"0501 Lillehammer (-2019)"	"Småhus"	"2016K2"	24968	19
"0501 Lillehammer (-2019)"	"Småhus"	"2016K3"	26422	25
"0501 Lillehammer (-2019)"	"Småhus"	"2016K4"	26601	11
"0501 Lillehammer (-2019)"	"Småhus"	"2017K1"	29554	16
"0501 Lillehammer (-2019)"	"Småhus"	"2017K2"	27065	19
"0501 Lillehammer (-2019)"	"Småhus"	"2017K3"	26704	12
"0501 Lillehammer (-2019)"	"Småhus"	"2017K4"	27668	11
"0501 Lillehammer (-2019)"	"Småhus"	"2018K1"	28891	10
"0501 Lillehammer (-2019)"	"Småhus"	"2018K2"	28359	16
"0501 Lillehammer (-2019)"	"Småhus"	"2018K3"	28084	19
"0501 Lillehammer (-2019)"	"Småhus"	"2018K4"	29333	21
"0501 Lillehammer (-2019)"	"Småhus"	"2019K1"	34803	14
"0501 Lillehammer (-2019)"	"Småhus"	"2019K2"	32491	29
"0501 Lillehammer (-2019)"	"Småhus"	"2019K3"	30030	12
"0501 Lillehammer (-2019)"	"Småhus"	"2019K4"	30100	13
"0501 Lillehammer (-2019)"	"Småhus"	"2020K1"	.	.
"0501 Lillehammer (-2019)"	"Småhus"	"2020K2"	.	.
"0501 Lillehammer (-2019)"	"Småhus"	"2020K3"	.	.
"0501 Lillehammer (-2019)"	"Småhus"	"2020K4"	.	.
"0501 Lillehammer (-2019)"	"Småhus"	"2021K1"	.	.
"0501 Lillehammer (-2019)"	"Småhus"	"2021K2"	.	.
"0501 Lillehammer (-2019)"	"Småhus"	"2021K3"	.	.
"0501 Lillehammer (-2019)"	"Småhus"	"2021K4"	.	.
"0501 Lillehammer (-2019)"	"Småhus"	"2022K1"	.	.
"0501 Lillehammer (-2019)"	"Småhus"	"2022K2"	.	.
"0501 Lillehammer (-2019)"	"Småhus"	"2022K3"	.	.
"0501 Lillehammer (-2019)"	"Småhus"	"2022K4"	.	.
"0501 Lillehammer (-2019)"	"Småhus"	"2023K1"	.	.
"0501 Lillehammer (-2019)"	"Småhus"	"2023K2"	.	.
"0501 Lillehammer (-2019)"	"Småhus"	"2023K3"	.	.
"0501 Lillehammer (-2019)"	"Blokkleiligheter"	"2006K1"	21482	18
"0501 Lillehammer (-2019)"	"Blokkleiligheter"	"2006K2"	22078	26
"0501 Lillehammer (-2019)"	"Blokkleiligheter"	"2006K3"	23077	20
"0501 Lillehammer (-2019)"	"Blokkleiligheter"	"2006K4"	20591	13
"0501 Lillehammer (-2019)"	"Blokkleiligheter"	"2007K1"	23859	12
"0501 Lillehammer (-2019)"	"Blokkleiligheter"	"2007K2"	26469	11
"0501 Lillehammer (-2019)"	"Blokkleiligheter"	"2007K3"	22687	15
"0501 Lillehammer (-2019)"	"Blokkleiligheter"	"2007K4"	21611	21
"0501 Lillehammer (-2019)"	"Blokkleiligheter"	"2008K1"	22891	12
"0501 Lillehammer (-2019)"	"Blokkleiligheter"	"2008K2"	23174	20
"0501 Lillehammer (-2019)"	"Blokkleiligheter"	"2008K3"	24601	26
"0501 Lillehammer (-2019)"	"Blokkleiligheter"	"2008K4"	..	6
"0501 Lillehammer (-2019)"	"Blokkleiligheter"	"2009K1"	24057	16
"0501 Lillehammer (-2019)"	"Blokkleiligheter"	"2009K2"	23067	23
"0501 Lillehammer (-2019)"	"Blokkleiligheter"	"2009K3"	23945	28
"0501 Lillehammer (-2019)"	"Blokkleiligheter"	"2009K4"	26824	22
"0501 Lillehammer (-2019)"	"Blokkleiligheter"	"2010K1"	25550	13
"0501 Lillehammer (-2019)"	"Blokkleiligheter"	"2010K2"	25651	35
"0501 Lillehammer (-2019)"	"Blokkleiligheter"	"2010K3"	24725	26
"0501 Lillehammer (-2019)"	"Blokkleiligheter"	"2010K4"	24807	18
"0501 Lillehammer (-2019)"	"Blokkleiligheter"	"2011K1"	30133	21
"0501 Lillehammer (-2019)"	"Blokkleiligheter"	"2011K2"	29820	31
"0501 Lillehammer (-2019)"	"Blokkleiligheter"	"2011K3"	29938	42
"0501 Lillehammer (-2019)"	"Blokkleiligheter"	"2011K4"	28794	29
"0501 Lillehammer (-2019)"	"Blokkleiligheter"	"2012K1"	30500	21
"0501 Lillehammer (-2019)"	"Blokkleiligheter"	"2012K2"	31950	36
"0501 Lillehammer (-2019)"	"Blokkleiligheter"	"2012K3"	31437	30
"0501 Lillehammer (-2019)"	"Blokkleiligheter"	"2012K4"	29022	23
"0501 Lillehammer (-2019)"	"Blokkleiligheter"	"2013K1"	29637	29
"0501 Lillehammer (-2019)"	"Blokkleiligheter"	"2013K2"	33344	42
"0501 Lillehammer (-2019)"	"Blokkleiligheter"	"2013K3"	33116	40
"0501 Lillehammer (-2019)"	"Blokkleiligheter"	"2013K4"	31029	26
"0501 Lillehammer (-2019)"	"Blokkleiligheter"	"2014K1"	29425	22
"0501 Lillehammer (-2019)"	"Blokkleiligheter"	"2014K2"	35111	33
"0501 Lillehammer (-2019)"	"Blokkleiligheter"	"2014K3"	35469	40
"0501 Lillehammer (-2019)"	"Blokkleiligheter"	"2014K4"	32725	27
"0501 Lillehammer (-2019)"	"Blokkleiligheter"	"2015K1"	33109	38
"0501 Lillehammer (-2019)"	"Blokkleiligheter"	"2015K2"	39626	42
"0501 Lillehammer (-2019)"	"Blokkleiligheter"	"2015K3"	36817	27
"0501 Lillehammer (-2019)"	"Blokkleiligheter"	"2015K4"	32943	24
"0501 Lillehammer (-2019)"	"Blokkleiligheter"	"2016K1"	36657	32
"0501 Lillehammer (-2019)"	"Blokkleiligheter"	"2016K2"	39098	54
"0501 Lillehammer (-2019)"	"Blokkleiligheter"	"2016K3"	40930	37
"0501 Lillehammer (-2019)"	"Blokkleiligheter"	"2016K4"	42012	31
"0501 Lillehammer (-2019)"	"Blokkleiligheter"	"2017K1"	39382	27
"0501 Lillehammer (-2019)"	"Blokkleiligheter"	"2017K2"	40716	51
"0501 Lillehammer (-2019)"	"Blokkleiligheter"	"2017K3"	37810	40
"0501 Lillehammer (-2019)"	"Blokkleiligheter"	"2017K4"	41460	27
"0501 Lillehammer (-2019)"	"Blokkleiligheter"	"2018K1"	37946	22
"0501 Lillehammer (-2019)"	"Blokkleiligheter"	"2018K2"	44697	44
"0501 Lillehammer (-2019)"	"Blokkleiligheter"	"2018K3"	42739	40
"0501 Lillehammer (-2019)"	"Blokkleiligheter"	"2018K4"	41890	28
"0501 Lillehammer (-2019)"	"Blokkleiligheter"	"2019K1"	43473	34
"0501 Lillehammer (-2019)"	"Blokkleiligheter"	"2019K2"	42449	47
"0501 Lillehammer (-2019)"	"Blokkleiligheter"	"2019K3"	45979	49
"0501 Lillehammer (-2019)"	"Blokkleiligheter"	"2019K4"	39638	20
"0501 Lillehammer (-2019)"	"Blokkleiligheter"	"2020K1"	.	.
"0501 Lillehammer (-2019)"	"Blokkleiligheter"	"2020K2"	.	.
"0501 Lillehammer (-2019)"	"Blokkleiligheter"	"2020K3"	.	.
"0501 Lillehammer (-2019)"	"Blokkleiligheter"	"2020K4"	.	.
"0501 Lillehammer (-2019)"	"Blokkleiligheter"	"2021K1"	.	.
"0501 Lillehammer (-2019)"	"Blokkleiligheter"	"2021K2"	.	.
"0501 Lillehammer (-2019)"	"Blokkleiligheter"	"2021K3"	.	.
"0501 Lillehammer (-2019)"	"Blokkleiligheter"	"2021K4"	.	.
"0501 Lillehammer (-2019)"	"Blokkleiligheter"	"2022K1"	.	.
"0501 Lillehammer (-2019)"	"Blokkleiligheter"	"2022K2"	.	.
"0501 Lillehammer (-2019)"	"Blokkleiligheter"	"2022K3"	.	.
"0501 Lillehammer (-2019)"	"Blokkleiligheter"	"2022K4"	.	.
"0501 Lillehammer (-2019)"	"Blokkleiligheter"	"2023K1"	.	.
"0501 Lillehammer (-2019)"	"Blokkleiligheter"	"2023K2"	.	.
"0501 Lillehammer (-2019)"	"Blokkleiligheter"	"2023K3"	.	.
"0502 Gjøvik (-2019)"	"Eneboliger"	"2006K1"	12164	26
"0502 Gjøvik (-2019)"	"Eneboliger"	"2006K2"	11989	52
"0502 Gjøvik (-2019)"	"Eneboliger"	"2006K3"	11298	43
"0502 Gjøvik (-2019)"	"Eneboliger"	"2006K4"	11496	27
"0502 Gjøvik (-2019)"	"Eneboliger"	"2007K1"	12859	18
"0502 Gjøvik (-2019)"	"Eneboliger"	"2007K2"	12615	51
"0502 Gjøvik (-2019)"	"Eneboliger"	"2007K3"	12868	44
"0502 Gjøvik (-2019)"	"Eneboliger"	"2007K4"	11929	47
"0502 Gjøvik (-2019)"	"Eneboliger"	"2008K1"	13069	28
"0502 Gjøvik (-2019)"	"Eneboliger"	"2008K2"	13174	52
"0502 Gjøvik (-2019)"	"Eneboliger"	"2008K3"	12283	42
"0502 Gjøvik (-2019)"	"Eneboliger"	"2008K4"	11494	27
"0502 Gjøvik (-2019)"	"Eneboliger"	"2009K1"	12702	29
"0502 Gjøvik (-2019)"	"Eneboliger"	"2009K2"	13798	41
"0502 Gjøvik (-2019)"	"Eneboliger"	"2009K3"	12985	46
"0502 Gjøvik (-2019)"	"Eneboliger"	"2009K4"	13649	46
"0502 Gjøvik (-2019)"	"Eneboliger"	"2010K1"	14909	23
"0502 Gjøvik (-2019)"	"Eneboliger"	"2010K2"	13828	51
"0502 Gjøvik (-2019)"	"Eneboliger"	"2010K3"	13696	51
"0502 Gjøvik (-2019)"	"Eneboliger"	"2010K4"	13028	41
"0502 Gjøvik (-2019)"	"Eneboliger"	"2011K1"	14705	39
"0502 Gjøvik (-2019)"	"Eneboliger"	"2011K2"	15727	59
"0502 Gjøvik (-2019)"	"Eneboliger"	"2011K3"	14429	63
"0502 Gjøvik (-2019)"	"Eneboliger"	"2011K4"	14387	57
"0502 Gjøvik (-2019)"	"Eneboliger"	"2012K1"	16190	30
"0502 Gjøvik (-2019)"	"Eneboliger"	"2012K2"	15244	58
"0502 Gjøvik (-2019)"	"Eneboliger"	"2012K3"	15611	58
"0502 Gjøvik (-2019)"	"Eneboliger"	"2012K4"	13272	47
"0502 Gjøvik (-2019)"	"Eneboliger"	"2013K1"	13488	30
"0502 Gjøvik (-2019)"	"Eneboliger"	"2013K2"	16174	69
"0502 Gjøvik (-2019)"	"Eneboliger"	"2013K3"	16133	64
"0502 Gjøvik (-2019)"	"Eneboliger"	"2013K4"	14808	43
"0502 Gjøvik (-2019)"	"Eneboliger"	"2014K1"	16042	43
"0502 Gjøvik (-2019)"	"Eneboliger"	"2014K2"	16040	74
"0502 Gjøvik (-2019)"	"Eneboliger"	"2014K3"	16866	71
"0502 Gjøvik (-2019)"	"Eneboliger"	"2014K4"	16731	47
"0502 Gjøvik (-2019)"	"Eneboliger"	"2015K1"	16997	48
"0502 Gjøvik (-2019)"	"Eneboliger"	"2015K2"	18058	55
"0502 Gjøvik (-2019)"	"Eneboliger"	"2015K3"	18430	65
"0502 Gjøvik (-2019)"	"Eneboliger"	"2015K4"	17179	45
"0502 Gjøvik (-2019)"	"Eneboliger"	"2016K1"	17227	28
"0502 Gjøvik (-2019)"	"Eneboliger"	"2016K2"	19506	52
"0502 Gjøvik (-2019)"	"Eneboliger"	"2016K3"	19975	67
"0502 Gjøvik (-2019)"	"Eneboliger"	"2016K4"	19942	43
"0502 Gjøvik (-2019)"	"Eneboliger"	"2017K1"	19736	45
"0502 Gjøvik (-2019)"	"Eneboliger"	"2017K2"	20874	62
"0502 Gjøvik (-2019)"	"Eneboliger"	"2017K3"	20494	50
"0502 Gjøvik (-2019)"	"Eneboliger"	"2017K4"	19935	42
"0502 Gjøvik (-2019)"	"Eneboliger"	"2018K1"	16874	29
"0502 Gjøvik (-2019)"	"Eneboliger"	"2018K2"	21255	72
"0502 Gjøvik (-2019)"	"Eneboliger"	"2018K3"	20994	65
"0502 Gjøvik (-2019)"	"Eneboliger"	"2018K4"	20457	55
"0502 Gjøvik (-2019)"	"Eneboliger"	"2019K1"	19848	33
"0502 Gjøvik (-2019)"	"Eneboliger"	"2019K2"	22602	62
"0502 Gjøvik (-2019)"	"Eneboliger"	"2019K3"	19141	54
"0502 Gjøvik (-2019)"	"Eneboliger"	"2019K4"	20047	37
"0502 Gjøvik (-2019)"	"Eneboliger"	"2020K1"	.	.
"0502 Gjøvik (-2019)"	"Eneboliger"	"2020K2"	.	.
"0502 Gjøvik (-2019)"	"Eneboliger"	"2020K3"	.	.
"0502 Gjøvik (-2019)"	"Eneboliger"	"2020K4"	.	.
"0502 Gjøvik (-2019)"	"Eneboliger"	"2021K1"	.	.
"0502 Gjøvik (-2019)"	"Eneboliger"	"2021K2"	.	.
"0502 Gjøvik (-2019)"	"Eneboliger"	"2021K3"	.	.
"0502 Gjøvik (-2019)"	"Eneboliger"	"2021K4"	.	.
"0502 Gjøvik (-2019)"	"Eneboliger"	"2022K1"	.	.
"0502 Gjøvik (-2019)"	"Eneboliger"	"2022K2"	.	.
"0502 Gjøvik (-2019)"	"Eneboliger"	"2022K3"	.	.
"0502 Gjøvik (-2019)"	"Eneboliger"	"2022K4"	.	.
"0502 Gjøvik (-2019)"	"Eneboliger"	"2023K1"	.	.
"0502 Gjøvik (-2019)"	"Eneboliger"	"2023K2"	.	.
"0502 Gjøvik (-2019)"	"Eneboliger"	"2023K3"	.	.
"0502 Gjøvik (-2019)"	"Småhus"	"2006K1"	..	4
"0502 Gjøvik (-2019)"	"Småhus"	"2006K2"	13704	17
"0502 Gjøvik (-2019)"	"Småhus"	"2006K3"	..	9
"0502 Gjøvik (-2019)"	"Småhus"	"2006K4"	..	7
"0502 Gjøvik (-2019)"	"Småhus"	"2007K1"	14482	12
"0502 Gjøvik (-2019)"	"Småhus"	"2007K2"	14043	16
"0502 Gjøvik (-2019)"	"Småhus"	"2007K3"	..	6
"0502 Gjøvik (-2019)"	"Småhus"	"2007K4"	..	7
"0502 Gjøvik (-2019)"	"Småhus"	"2008K1"	..	4
"0502 Gjøvik (-2019)"	"Småhus"	"2008K2"	15278	14
"0502 Gjøvik (-2019)"	"Småhus"	"2008K3"	..	8
"0502 Gjøvik (-2019)"	"Småhus"	"2008K4"	..	5
"0502 Gjøvik (-2019)"	"Småhus"	"2009K1"	..	5
"0502 Gjøvik (-2019)"	"Småhus"	"2009K2"	16702	11
"0502 Gjøvik (-2019)"	"Småhus"	"2009K3"	..	8
"0502 Gjøvik (-2019)"	"Småhus"	"2009K4"	14981	14
"0502 Gjøvik (-2019)"	"Småhus"	"2010K1"	..	1
"0502 Gjøvik (-2019)"	"Småhus"	"2010K2"	16019	10
"0502 Gjøvik (-2019)"	"Småhus"	"2010K3"	16162	13
"0502 Gjøvik (-2019)"	"Småhus"	"2010K4"	..	8
"0502 Gjøvik (-2019)"	"Småhus"	"2011K1"	..	7
"0502 Gjøvik (-2019)"	"Småhus"	"2011K2"	17512	15
"0502 Gjøvik (-2019)"	"Småhus"	"2011K3"	19721	11
"0502 Gjøvik (-2019)"	"Småhus"	"2011K4"	16753	11
"0502 Gjøvik (-2019)"	"Småhus"	"2012K1"	..	7
"0502 Gjøvik (-2019)"	"Småhus"	"2012K2"	..	9
"0502 Gjøvik (-2019)"	"Småhus"	"2012K3"	17219	17
"0502 Gjøvik (-2019)"	"Småhus"	"2012K4"	..	9
"0502 Gjøvik (-2019)"	"Småhus"	"2013K1"	..	7
"0502 Gjøvik (-2019)"	"Småhus"	"2013K2"	21541	13
"0502 Gjøvik (-2019)"	"Småhus"	"2013K3"	19773	13
"0502 Gjøvik (-2019)"	"Småhus"	"2013K4"	..	8
"0502 Gjøvik (-2019)"	"Småhus"	"2014K1"	..	2
"0502 Gjøvik (-2019)"	"Småhus"	"2014K2"	21810	11
"0502 Gjøvik (-2019)"	"Småhus"	"2014K3"	18842	14
"0502 Gjøvik (-2019)"	"Småhus"	"2014K4"	..	8
"0502 Gjøvik (-2019)"	"Småhus"	"2015K1"	22926	11
"0502 Gjøvik (-2019)"	"Småhus"	"2015K2"	..	6
"0502 Gjøvik (-2019)"	"Småhus"	"2015K3"	..	8
"0502 Gjøvik (-2019)"	"Småhus"	"2015K4"	..	7
"0502 Gjøvik (-2019)"	"Småhus"	"2016K1"	24177	10
"0502 Gjøvik (-2019)"	"Småhus"	"2016K2"	..	9
"0502 Gjøvik (-2019)"	"Småhus"	"2016K3"	..	8
"0502 Gjøvik (-2019)"	"Småhus"	"2016K4"	..	9
"0502 Gjøvik (-2019)"	"Småhus"	"2017K1"	..	7
"0502 Gjøvik (-2019)"	"Småhus"	"2017K2"	..	9
"0502 Gjøvik (-2019)"	"Småhus"	"2017K3"	26841	15
"0502 Gjøvik (-2019)"	"Småhus"	"2017K4"	..	8
"0502 Gjøvik (-2019)"	"Småhus"	"2018K1"	..	7
"0502 Gjøvik (-2019)"	"Småhus"	"2018K2"	27024	15
"0502 Gjøvik (-2019)"	"Småhus"	"2018K3"	26159	17
"0502 Gjøvik (-2019)"	"Småhus"	"2018K4"	27041	11
"0502 Gjøvik (-2019)"	"Småhus"	"2019K1"	28093	10
"0502 Gjøvik (-2019)"	"Småhus"	"2019K2"	29865	12
"0502 Gjøvik (-2019)"	"Småhus"	"2019K3"	28830	12
"0502 Gjøvik (-2019)"	"Småhus"	"2019K4"	24079	14
"0502 Gjøvik (-2019)"	"Småhus"	"2020K1"	.	.
"0502 Gjøvik (-2019)"	"Småhus"	"2020K2"	.	.
"0502 Gjøvik (-2019)"	"Småhus"	"2020K3"	.	.
"0502 Gjøvik (-2019)"	"Småhus"	"2020K4"	.	.
"0502 Gjøvik (-2019)"	"Småhus"	"2021K1"	.	.
"0502 Gjøvik (-2019)"	"Småhus"	"2021K2"	.	.
"0502 Gjøvik (-2019)"	"Småhus"	"2021K3"	.	.
"0502 Gjøvik (-2019)"	"Småhus"	"2021K4"	.	.
"0502 Gjøvik (-2019)"	"Småhus"	"2022K1"	.	.
"0502 Gjøvik (-2019)"	"Småhus"	"2022K2"	.	.
"0502 Gjøvik (-2019)"	"Småhus"	"2022K3"	.	.
"0502 Gjøvik (-2019)"	"Småhus"	"2022K4"	.	.
"0502 Gjøvik (-2019)"	"Småhus"	"2023K1"	.	.
"0502 Gjøvik (-2019)"	"Småhus"	"2023K2"	.	.
"0502 Gjøvik (-2019)"	"Småhus"	"2023K3"	.	.
"0502 Gjøvik (-2019)"	"Blokkleiligheter"	"2006K1"	16209	12
"0502 Gjøvik (-2019)"	"Blokkleiligheter"	"2006K2"	..	9
"0502 Gjøvik (-2019)"	"Blokkleiligheter"	"2006K3"	18233	12
"0502 Gjøvik (-2019)"	"Blokkleiligheter"	"2006K4"	..	9
"0502 Gjøvik (-2019)"	"Blokkleiligheter"	"2007K1"	..	8
"0502 Gjøvik (-2019)"	"Blokkleiligheter"	"2007K2"	20639	14
"0502 Gjøvik (-2019)"	"Blokkleiligheter"	"2007K3"	21432	10
"0502 Gjøvik (-2019)"	"Blokkleiligheter"	"2007K4"	18639	14
"0502 Gjøvik (-2019)"	"Blokkleiligheter"	"2008K1"	19523	10
"0502 Gjøvik (-2019)"	"Blokkleiligheter"	"2008K2"	22095	18
"0502 Gjøvik (-2019)"	"Blokkleiligheter"	"2008K3"	..	8
"0502 Gjøvik (-2019)"	"Blokkleiligheter"	"2008K4"	..	9
"0502 Gjøvik (-2019)"	"Blokkleiligheter"	"2009K1"	19116	13
"0502 Gjøvik (-2019)"	"Blokkleiligheter"	"2009K2"	..	8
"0502 Gjøvik (-2019)"	"Blokkleiligheter"	"2009K3"	20355	16
"0502 Gjøvik (-2019)"	"Blokkleiligheter"	"2009K4"	..	9
"0502 Gjøvik (-2019)"	"Blokkleiligheter"	"2010K1"	..	9
"0502 Gjøvik (-2019)"	"Blokkleiligheter"	"2010K2"	20995	16
"0502 Gjøvik (-2019)"	"Blokkleiligheter"	"2010K3"	..	8
"0502 Gjøvik (-2019)"	"Blokkleiligheter"	"2010K4"	..	7
"0502 Gjøvik (-2019)"	"Blokkleiligheter"	"2011K1"	23617	12
"0502 Gjøvik (-2019)"	"Blokkleiligheter"	"2011K2"	24571	20
"0502 Gjøvik (-2019)"	"Blokkleiligheter"	"2011K3"	25595	16
"0502 Gjøvik (-2019)"	"Blokkleiligheter"	"2011K4"	26972	19
"0502 Gjøvik (-2019)"	"Blokkleiligheter"	"2012K1"	..	8
"0502 Gjøvik (-2019)"	"Blokkleiligheter"	"2012K2"	27418	17
"0502 Gjøvik (-2019)"	"Blokkleiligheter"	"2012K3"	26348	13
"0502 Gjøvik (-2019)"	"Blokkleiligheter"	"2012K4"	24669	15
"0502 Gjøvik (-2019)"	"Blokkleiligheter"	"2013K1"	..	9
"0502 Gjøvik (-2019)"	"Blokkleiligheter"	"2013K2"	28215	18
"0502 Gjøvik (-2019)"	"Blokkleiligheter"	"2013K3"	26586	15
"0502 Gjøvik (-2019)"	"Blokkleiligheter"	"2013K4"	27621	11
"0502 Gjøvik (-2019)"	"Blokkleiligheter"	"2014K1"	..	9
"0502 Gjøvik (-2019)"	"Blokkleiligheter"	"2014K2"	28685	20
"0502 Gjøvik (-2019)"	"Blokkleiligheter"	"2014K3"	28051	12
"0502 Gjøvik (-2019)"	"Blokkleiligheter"	"2014K4"	28951	13
"0502 Gjøvik (-2019)"	"Blokkleiligheter"	"2015K1"	31345	19
"0502 Gjøvik (-2019)"	"Blokkleiligheter"	"2015K2"	29026	21
"0502 Gjøvik (-2019)"	"Blokkleiligheter"	"2015K3"	30885	13
"0502 Gjøvik (-2019)"	"Blokkleiligheter"	"2015K4"	29956	13
"0502 Gjøvik (-2019)"	"Blokkleiligheter"	"2016K1"	35080	11
"0502 Gjøvik (-2019)"	"Blokkleiligheter"	"2016K2"	34756	19
"0502 Gjøvik (-2019)"	"Blokkleiligheter"	"2016K3"	38562	15
"0502 Gjøvik (-2019)"	"Blokkleiligheter"	"2016K4"	..	7
"0502 Gjøvik (-2019)"	"Blokkleiligheter"	"2017K1"	37358	13
"0502 Gjøvik (-2019)"	"Blokkleiligheter"	"2017K2"	40776	20
"0502 Gjøvik (-2019)"	"Blokkleiligheter"	"2017K3"	41541	18
"0502 Gjøvik (-2019)"	"Blokkleiligheter"	"2017K4"	41913	16
"0502 Gjøvik (-2019)"	"Blokkleiligheter"	"2018K1"	40092	12
"0502 Gjøvik (-2019)"	"Blokkleiligheter"	"2018K2"	37321	25
"0502 Gjøvik (-2019)"	"Blokkleiligheter"	"2018K3"	38035	18
"0502 Gjøvik (-2019)"	"Blokkleiligheter"	"2018K4"	40544	21
"0502 Gjøvik (-2019)"	"Blokkleiligheter"	"2019K1"	40341	12
"0502 Gjøvik (-2019)"	"Blokkleiligheter"	"2019K2"	38658	19
"0502 Gjøvik (-2019)"	"Blokkleiligheter"	"2019K3"	41829	18
"0502 Gjøvik (-2019)"	"Blokkleiligheter"	"2019K4"	34810	18
"0502 Gjøvik (-2019)"	"Blokkleiligheter"	"2020K1"	.	.
"0502 Gjøvik (-2019)"	"Blokkleiligheter"	"2020K2"	.	.
"0502 Gjøvik (-2019)"	"Blokkleiligheter"	"2020K3"	.	.
"0502 Gjøvik (-2019)"	"Blokkleiligheter"	"2020K4"	.	.
"0502 Gjøvik (-2019)"	"Blokkleiligheter"	"2021K1"	.	.
"0502 Gjøvik (-2019)"	"Blokkleiligheter"	"2021K2"	.	.
"0502 Gjøvik (-2019)"	"Blokkleiligheter"	"2021K3"	.	.
"0502 Gjøvik (-2019)"	"Blokkleiligheter"	"2021K4"	.	.
"0502 Gjøvik (-2019)"	"Blokkleiligheter"	"2022K1"	.	.
"0502 Gjøvik (-2019)"	"Blokkleiligheter"	"2022K2"	.	.
"0502 Gjøvik (-2019)"	"Blokkleiligheter"	"2022K3"	.	.
"0502 Gjøvik (-2019)"	"Blokkleiligheter"	"2022K4"	.	.
"0502 Gjøvik (-2019)"	"Blokkleiligheter"	"2023K1"	.	.
"0502 Gjøvik (-2019)"	"Blokkleiligheter"	"2023K2"	.	.
"0502 Gjøvik (-2019)"	"Blokkleiligheter"	"2023K3"	.	.
"3801 Horten"	"Eneboliger"	"2006K1"	.	.
"3801 Horten"	"Eneboliger"	"2006K2"	.	.
"3801 Horten"	"Eneboliger"	"2006K3"	.	.
"3801 Horten"	"Eneboliger"	"2006K4"	.	.
"3801 Horten"	"Eneboliger"	"2007K1"	.	.
"3801 Horten"	"Eneboliger"	"2007K2"	.	.
"3801 Horten"	"Eneboliger"	"2007K3"	.	.
"3801 Horten"	"Eneboliger"	"2007K4"	.	.
"3801 Horten"	"Eneboliger"	"2008K1"	.	.
"3801 Horten"	"Eneboliger"	"2008K2"	.	.
"3801 Horten"	"Eneboliger"	"2008K3"	.	.
"3801 Horten"	"Eneboliger"	"2008K4"	.	.
"3801 Horten"	"Eneboliger"	"2009K1"	.	.
"3801 Horten"	"Eneboliger"	"2009K2"	.	.
"3801 Horten"	"Eneboliger"	"2009K3"	.	.
"3801 Horten"	"Eneboliger"	"2009K4"	.	.
"3801 Horten"	"Eneboliger"	"2010K1"	.	.
"3801 Horten"	"Eneboliger"	"2010K2"	.	.
"3801 Horten"	"Eneboliger"	"2010K3"	.	.
"3801 Horten"	"Eneboliger"	"2010K4"	.	.
"3801 Horten"	"Eneboliger"	"2011K1"	.	.
"3801 Horten"	"Eneboliger"	"2011K2"	.	.
"3801 Horten"	"Eneboliger"	"2011K3"	.	.
"3801 Horten"	"Eneboliger"	"2011K4"	.	.
"3801 Horten"	"Eneboliger"	"2012K1"	.	.
"3801 Horten"	"Eneboliger"	"2012K2"	.	.
"3801 Horten"	"Eneboliger"	"2012K3"	.	.
"3801 Horten"	"Eneboliger"	"2012K4"	.	.
"3801 Horten"	"Eneboliger"	"2013K1"	.	.
"3801 Horten"	"Eneboliger"	"2013K2"	.	.
"3801 Horten"	"Eneboliger"	"2013K3"	.	.
"3801 Horten"	"Eneboliger"	"2013K4"	.	.
"3801 Horten"	"Eneboliger"	"2014K1"	.	.
"3801 Horten"	"Eneboliger"	"2014K2"	.	.
"3801 Horten"	"Eneboliger"	"2014K3"	.	.
"3801 Horten"	"Eneboliger"	"2014K4"	.	.
"3801 Horten"	"Eneboliger"	"2015K1"	.	.
"3801 Horten"	"Eneboliger"	"2015K2"	.	.
"3801 Horten"	"Eneboliger"	"2015K3"	.	.
"3801 Horten"	"Eneboliger"	"2015K4"	.	.
"3801 Horten"	"Eneboliger"	"2016K1"	.	.
"3801 Horten"	"Eneboliger"	"2016K2"	.	.
"3801 Horten"	"Eneboliger"	"2016K3"	.	.
"3801 Horten"	"Eneboliger"	"2016K4"	.	.
"3801 Horten"	"Eneboliger"	"2017K1"	.	.
"3801 Horten"	"Eneboliger"	"2017K2"	.	.
"3801 Horten"	"Eneboliger"	"2017K3"	.	.
"3801 Horten"	"Eneboliger"	"2017K4"	.	.
"3801 Horten"	"Eneboliger"	"2018K1"	.	.
"3801 Horten"	"Eneboliger"	"2018K2"	.	.
"3801 Horten"	"Eneboliger"	"2018K3"	.	.
"3801 Horten"	"Eneboliger"	"2018K4"	.	.
"3801 Horten"	"Eneboliger"	"2019K1"	.	.
"3801 Horten"	"Eneboliger"	"2019K2"	.	.
"3801 Horten"	"Eneboliger"	"2019K3"	.	.
"3801 Horten"	"Eneboliger"	"2019K4"	.	.
"3801 Horten"	"Eneboliger"	"2020K1"	24820	60
"3801 Horten"	"Eneboliger"	"2020K2"	27717	61
"3801 Horten"	"Eneboliger"	"2020K3"	28935	63
"3801 Horten"	"Eneboliger"	"2020K4"	28834	37
"3801 Horten"	"Eneboliger"	"2021K1"	29185	42
"3801 Horten"	"Eneboliger"	"2021K2"	32384	66
"3801 Horten"	"Eneboliger"	"2021K3"	33261	41
"3801 Horten"	"Eneboliger"	"2021K4"	32303	39
"3801 Horten"	"Eneboliger"	"2022K1"	33847	23
"3801 Horten"	"Eneboliger"	"2022K2"	34166	64
"3801 Horten"	"Eneboliger"	"2022K3"	33927	51
"3801 Horten"	"Eneboliger"	"2022K4"	29769	27
"3801 Horten"	"Eneboliger"	"2023K1"	30874	34
"3801 Horten"	"Eneboliger"	"2023K2"	33187	66
"3801 Horten"	"Eneboliger"	"2023K3"	34708	47
"3801 Horten"	"Småhus"	"2006K1"	.	.
"3801 Horten"	"Småhus"	"2006K2"	.	.
"3801 Horten"	"Småhus"	"2006K3"	.	.
"3801 Horten"	"Småhus"	"2006K4"	.	.
"3801 Horten"	"Småhus"	"2007K1"	.	.
"3801 Horten"	"Småhus"	"2007K2"	.	.
"3801 Horten"	"Småhus"	"2007K3"	.	.
"3801 Horten"	"Småhus"	"2007K4"	.	.
"3801 Horten"	"Småhus"	"2008K1"	.	.
"3801 Horten"	"Småhus"	"2008K2"	.	.
"3801 Horten"	"Småhus"	"2008K3"	.	.
"3801 Horten"	"Småhus"	"2008K4"	.	.
"3801 Horten"	"Småhus"	"2009K1"	.	.
"3801 Horten"	"Småhus"	"2009K2"	.	.
"3801 Horten"	"Småhus"	"2009K3"	.	.
"3801 Horten"	"Småhus"	"2009K4"	.	.
"3801 Horten"	"Småhus"	"2010K1"	.	.
"3801 Horten"	"Småhus"	"2010K2"	.	.
"3801 Horten"	"Småhus"	"2010K3"	.	.
"3801 Horten"	"Småhus"	"2010K4"	.	.
"3801 Horten"	"Småhus"	"2011K1"	.	.
"3801 Horten"	"Småhus"	"2011K2"	.	.
"3801 Horten"	"Småhus"	"2011K3"	.	.
"3801 Horten"	"Småhus"	"2011K4"	.	.
"3801 Horten"	"Småhus"	"2012K1"	.	.
"3801 Horten"	"Småhus"	"2012K2"	.	.
"3801 Horten"	"Småhus"	"2012K3"	.	.
"3801 Horten"	"Småhus"	"2012K4"	.	.
"3801 Horten"	"Småhus"	"2013K1"	.	.
"3801 Horten"	"Småhus"	"2013K2"	.	.
"3801 Horten"	"Småhus"	"2013K3"	.	.
"3801 Horten"	"Småhus"	"2013K4"	.	.
"3801 Horten"	"Småhus"	"2014K1"	.	.
"3801 Horten"	"Småhus"	"2014K2"	.	.
"3801 Horten"	"Småhus"	"2014K3"	.	.
"3801 Horten"	"Småhus"	"2014K4"	.	.
"3801 Horten"	"Småhus"	"2015K1"	.	.
"3801 Horten"	"Småhus"	"2015K2"	.	.
"3801 Horten"	"Småhus"	"2015K3"	.	.
"3801 Horten"	"Småhus"	"2015K4"	.	.
"3801 Horten"	"Småhus"	"2016K1"	.	.
"3801 Horten"	"Småhus"	"2016K2"	.	.
"3801 Horten"	"Småhus"	"2016K3"	.	.
"3801 Horten"	"Småhus"	"2016K4"	.	.
"3801 Horten"	"Småhus"	"2017K1"	.	.
"3801 Horten"	"Småhus"	"2017K2"	.	.
"3801 Horten"	"Småhus"	"2017K3"	.	.
"3801 Horten"	"Småhus"	"2017K4"	.	.
"3801 Horten"	"Småhus"	"2018K1"	.	.
"3801 Horten"	"Småhus"	"2018K2"	.	.
"3801 Horten"	"Småhus"	"2018K3"	.	.
"3801 Horten"	"Småhus"	"2018K4"	.	.
"3801 Horten"	"Småhus"	"2019K1"	.	.
"3801 Horten"	"Småhus"	"2019K2"	.	.
"3801 Horten"	"Småhus"	"2019K3"	.	.
"3801 Horten"	"Småhus"	"2019K4"	.	.
"3801 Horten"	"Småhus"	"2020K1"	25853	16
"3801 Horten"	"Småhus"	"2020K2"	24053	15
"3801 Horten"	"Småhus"	"2020K3"	..	9
"3801 Horten"	"Småhus"	"2020K4"	27771	10
"3801 Horten"	"Småhus"	"2021K1"	..	6
"3801 Horten"	"Småhus"	"2021K2"	28391	13
"3801 Horten"	"Småhus"	"2021K3"	32233	12
"3801 Horten"	"Småhus"	"2021K4"	35317	15
"3801 Horten"	"Småhus"	"2022K1"	..	6
"3801 Horten"	"Småhus"	"2022K2"	..	9
"3801 Horten"	"Småhus"	"2022K3"	33414	12
"3801 Horten"	"Småhus"	"2022K4"	31454	10
"3801 Horten"	"Småhus"	"2023K1"	35669	11
"3801 Horten"	"Småhus"	"2023K2"	31549	13
"3801 Horten"	"Småhus"	"2023K3"	30999	16
"3801 Horten"	"Blokkleiligheter"	"2006K1"	.	.
"3801 Horten"	"Blokkleiligheter"	"2006K2"	.	.
"3801 Horten"	"Blokkleiligheter"	"2006K3"	.	.
"3801 Horten"	"Blokkleiligheter"	"2006K4"	.	.
"3801 Horten"	"Blokkleiligheter"	"2007K1"	.	.
"3801 Horten"	"Blokkleiligheter"	"2007K2"	.	.
"3801 Horten"	"Blokkleiligheter"	"2007K3"	.	.
"3801 Horten"	"Blokkleiligheter"	"2007K4"	.	.
"3801 Horten"	"Blokkleiligheter"	"2008K1"	.	.
"3801 Horten"	"Blokkleiligheter"	"2008K2"	.	.
"3801 Horten"	"Blokkleiligheter"	"2008K3"	.	.
"3801 Horten"	"Blokkleiligheter"	"2008K4"	.	.
"3801 Horten"	"Blokkleiligheter"	"2009K1"	.	.
"3801 Horten"	"Blokkleiligheter"	"2009K2"	.	.
"3801 Horten"	"Blokkleiligheter"	"2009K3"	.	.
"3801 Horten"	"Blokkleiligheter"	"2009K4"	.	.
"3801 Horten"	"Blokkleiligheter"	"2010K1"	.	.
"3801 Horten"	"Blokkleiligheter"	"2010K2"	.	.
"3801 Horten"	"Blokkleiligheter"	"2010K3"	.	.
"3801 Horten"	"Blokkleiligheter"	"2010K4"	.	.
"3801 Horten"	"Blokkleiligheter"	"2011K1"	.	.
"3801 Horten"	"Blokkleiligheter"	"2011K2"	.	.
"3801 Horten"	"Blokkleiligheter"	"2011K3"	.	.
"3801 Horten"	"Blokkleiligheter"	"2011K4"	.	.
"3801 Horten"	"Blokkleiligheter"	"2012K1"	.	.
"3801 Horten"	"Blokkleiligheter"	"2012K2"	.	.
"3801 Horten"	"Blokkleiligheter"	"2012K3"	.	.
"3801 Horten"	"Blokkleiligheter"	"2012K4"	.	.
"3801 Horten"	"Blokkleiligheter"	"2013K1"	.	.
"3801 Horten"	"Blokkleiligheter"	"2013K2"	.	.
"3801 Horten"	"Blokkleiligheter"	"2013K3"	.	.
"3801 Horten"	"Blokkleiligheter"	"2013K4"	.	.
"3801 Horten"	"Blokkleiligheter"	"2014K1"	.	.
"3801 Horten"	"Blokkleiligheter"	"2014K2"	.	.
"3801 Horten"	"Blokkleiligheter"	"2014K3"	.	.
"3801 Horten"	"Blokkleiligheter"	"2014K4"	.	.
"3801 Horten"	"Blokkleiligheter"	"2015K1"	.	.
"3801 Horten"	"Blokkleiligheter"	"2015K2"	.	.
"3801 Horten"	"Blokkleiligheter"	"2015K3"	.	.
"3801 Horten"	"Blokkleiligheter"	"2015K4"	.	.
"3801 Horten"	"Blokkleiligheter"	"2016K1"	.	.
"3801 Horten"	"Blokkleiligheter"	"2016K2"	.	.
"3801 Horten"	"Blokkleiligheter"	"2016K3"	.	.
"3801 Horten"	"Blokkleiligheter"	"2016K4"	.	.
"3801 Horten"	"Blokkleiligheter"	"2017K1"	.	.
"3801 Horten"	"Blokkleiligheter"	"2017K2"	.	.
"3801 Horten"	"Blokkleiligheter"	"2017K3"	.	.
"3801 Horten"	"Blokkleiligheter"	"2017K4"	.	.
"3801 Horten"	"Blokkleiligheter"	"2018K1"	.	.
"3801 Horten"	"Blokkleiligheter"	"2018K2"	.	.
"3801 Horten"	"Blokkleiligheter"	"2018K3"	.	.
"3801 Horten"	"Blokkleiligheter"	"2018K4"	.	.
"3801 Horten"	"Blokkleiligheter"	"2019K1"	.	.
"3801 Horten"	"Blokkleiligheter"	"2019K2"	.	.
"3801 Horten"	"Blokkleiligheter"	"2019K3"	.	.
"3801 Horten"	"Blokkleiligheter"	"2019K4"	.	.
"3801 Horten"	"Blokkleiligheter"	"2020K1"	34751	22
"3801 Horten"	"Blokkleiligheter"	"2020K2"	35738	24
"3801 Horten"	"Blokkleiligheter"	"2020K3"	41739	25
"3801 Horten"	"Blokkleiligheter"	"2020K4"	40425	15
"3801 Horten"	"Blokkleiligheter"	"2021K1"	39955	20
"3801 Horten"	"Blokkleiligheter"	"2021K2"	40083	21
"3801 Horten"	"Blokkleiligheter"	"2021K3"	44224	20
"3801 Horten"	"Blokkleiligheter"	"2021K4"	43183	25
"3801 Horten"	"Blokkleiligheter"	"2022K1"	45894	13
"3801 Horten"	"Blokkleiligheter"	"2022K2"	43390	26
"3801 Horten"	"Blokkleiligheter"	"2022K3"	46999	17
"3801 Horten"	"Blokkleiligheter"	"2022K4"	47149	14
"3801 Horten"	"Blokkleiligheter"	"2023K1"	47358	14
"3801 Horten"	"Blokkleiligheter"	"2023K2"	50134	32
"3801 Horten"	"Blokkleiligheter"	"2023K3"	44620	20
"3803 Tønsberg"	"Eneboliger"	"2006K1"	.	.
"3803 Tønsberg"	"Eneboliger"	"2006K2"	.	.
"3803 Tønsberg"	"Eneboliger"	"2006K3"	.	.
"3803 Tønsberg"	"Eneboliger"	"2006K4"	.	.
"3803 Tønsberg"	"Eneboliger"	"2007K1"	.	.
"3803 Tønsberg"	"Eneboliger"	"2007K2"	.	.
"3803 Tønsberg"	"Eneboliger"	"2007K3"	.	.
"3803 Tønsberg"	"Eneboliger"	"2007K4"	.	.
"3803 Tønsberg"	"Eneboliger"	"2008K1"	.	.
"3803 Tønsberg"	"Eneboliger"	"2008K2"	.	.
"3803 Tønsberg"	"Eneboliger"	"2008K3"	.	.
"3803 Tønsberg"	"Eneboliger"	"2008K4"	.	.
"3803 Tønsberg"	"Eneboliger"	"2009K1"	.	.
"3803 Tønsberg"	"Eneboliger"	"2009K2"	.	.
"3803 Tønsberg"	"Eneboliger"	"2009K3"	.	.
"3803 Tønsberg"	"Eneboliger"	"2009K4"	.	.
"3803 Tønsberg"	"Eneboliger"	"2010K1"	.	.
"3803 Tønsberg"	"Eneboliger"	"2010K2"	.	.
"3803 Tønsberg"	"Eneboliger"	"2010K3"	.	.
"3803 Tønsberg"	"Eneboliger"	"2010K4"	.	.
"3803 Tønsberg"	"Eneboliger"	"2011K1"	.	.
"3803 Tønsberg"	"Eneboliger"	"2011K2"	.	.
"3803 Tønsberg"	"Eneboliger"	"2011K3"	.	.
"3803 Tønsberg"	"Eneboliger"	"2011K4"	.	.
"3803 Tønsberg"	"Eneboliger"	"2012K1"	.	.
"3803 Tønsberg"	"Eneboliger"	"2012K2"	.	.
"3803 Tønsberg"	"Eneboliger"	"2012K3"	.	.
"3803 Tønsberg"	"Eneboliger"	"2012K4"	.	.
"3803 Tønsberg"	"Eneboliger"	"2013K1"	.	.
"3803 Tønsberg"	"Eneboliger"	"2013K2"	.	.
"3803 Tønsberg"	"Eneboliger"	"2013K3"	.	.
"3803 Tønsberg"	"Eneboliger"	"2013K4"	.	.
"3803 Tønsberg"	"Eneboliger"	"2014K1"	.	.
"3803 Tønsberg"	"Eneboliger"	"2014K2"	.	.
"3803 Tønsberg"	"Eneboliger"	"2014K3"	.	.
"3803 Tønsberg"	"Eneboliger"	"2014K4"	.	.
"3803 Tønsberg"	"Eneboliger"	"2015K1"	.	.
"3803 Tønsberg"	"Eneboliger"	"2015K2"	.	.
"3803 Tønsberg"	"Eneboliger"	"2015K3"	.	.
"3803 Tønsberg"	"Eneboliger"	"2015K4"	.	.
"3803 Tønsberg"	"Eneboliger"	"2016K1"	.	.
"3803 Tønsberg"	"Eneboliger"	"2016K2"	.	.
"3803 Tønsberg"	"Eneboliger"	"2016K3"	.	.
"3803 Tønsberg"	"Eneboliger"	"2016K4"	.	.
"3803 Tønsberg"	"Eneboliger"	"2017K1"	.	.
"3803 Tønsberg"	"Eneboliger"	"2017K2"	.	.
"3803 Tønsberg"	"Eneboliger"	"2017K3"	.	.
"3803 Tønsberg"	"Eneboliger"	"2017K4"	.	.
"3803 Tønsberg"	"Eneboliger"	"2018K1"	.	.
"3803 Tønsberg"	"Eneboliger"	"2018K2"	.	.
"3803 Tønsberg"	"Eneboliger"	"2018K3"	.	.
"3803 Tønsberg"	"Eneboliger"	"2018K4"	.	.
"3803 Tønsberg"	"Eneboliger"	"2019K1"	.	.
"3803 Tønsberg"	"Eneboliger"	"2019K2"	.	.
"3803 Tønsberg"	"Eneboliger"	"2019K3"	.	.
"3803 Tønsberg"	"Eneboliger"	"2019K4"	.	.
"3803 Tønsberg"	"Eneboliger"	"2020K1"	28683	86
"3803 Tønsberg"	"Eneboliger"	"2020K2"	29434	147
"3803 Tønsberg"	"Eneboliger"	"2020K3"	29284	114
"3803 Tønsberg"	"Eneboliger"	"2020K4"	30687	77
"3803 Tønsberg"	"Eneboliger"	"2021K1"	32448	69
"3803 Tønsberg"	"Eneboliger"	"2021K2"	36167	140
"3803 Tønsberg"	"Eneboliger"	"2021K3"	36501	86
"3803 Tønsberg"	"Eneboliger"	"2021K4"	36837	91
"3803 Tønsberg"	"Eneboliger"	"2022K1"	37996	70
"3803 Tønsberg"	"Eneboliger"	"2022K2"	38990	132
"3803 Tønsberg"	"Eneboliger"	"2022K3"	37064	87
"3803 Tønsberg"	"Eneboliger"	"2022K4"	33565	61
"3803 Tønsberg"	"Eneboliger"	"2023K1"	37191	75
"3803 Tønsberg"	"Eneboliger"	"2023K2"	38477	120
"3803 Tønsberg"	"Eneboliger"	"2023K3"	37213	72
"3803 Tønsberg"	"Småhus"	"2006K1"	.	.
"3803 Tønsberg"	"Småhus"	"2006K2"	.	.
"3803 Tønsberg"	"Småhus"	"2006K3"	.	.
"3803 Tønsberg"	"Småhus"	"2006K4"	.	.
"3803 Tønsberg"	"Småhus"	"2007K1"	.	.
"3803 Tønsberg"	"Småhus"	"2007K2"	.	.
"3803 Tønsberg"	"Småhus"	"2007K3"	.	.
"3803 Tønsberg"	"Småhus"	"2007K4"	.	.
"3803 Tønsberg"	"Småhus"	"2008K1"	.	.
"3803 Tønsberg"	"Småhus"	"2008K2"	.	.
"3803 Tønsberg"	"Småhus"	"2008K3"	.	.
"3803 Tønsberg"	"Småhus"	"2008K4"	.	.
"3803 Tønsberg"	"Småhus"	"2009K1"	.	.
"3803 Tønsberg"	"Småhus"	"2009K2"	.	.
"3803 Tønsberg"	"Småhus"	"2009K3"	.	.
"3803 Tønsberg"	"Småhus"	"2009K4"	.	.
"3803 Tønsberg"	"Småhus"	"2010K1"	.	.
"3803 Tønsberg"	"Småhus"	"2010K2"	.	.
"3803 Tønsberg"	"Småhus"	"2010K3"	.	.
"3803 Tønsberg"	"Småhus"	"2010K4"	.	.
"3803 Tønsberg"	"Småhus"	"2011K1"	.	.
"3803 Tønsberg"	"Småhus"	"2011K2"	.	.
"3803 Tønsberg"	"Småhus"	"2011K3"	.	.
"3803 Tønsberg"	"Småhus"	"2011K4"	.	.
"3803 Tønsberg"	"Småhus"	"2012K1"	.	.
"3803 Tønsberg"	"Småhus"	"2012K2"	.	.
"3803 Tønsberg"	"Småhus"	"2012K3"	.	.
"3803 Tønsberg"	"Småhus"	"2012K4"	.	.
"3803 Tønsberg"	"Småhus"	"2013K1"	.	.
"3803 Tønsberg"	"Småhus"	"2013K2"	.	.
"3803 Tønsberg"	"Småhus"	"2013K3"	.	.
"3803 Tønsberg"	"Småhus"	"2013K4"	.	.
"3803 Tønsberg"	"Småhus"	"2014K1"	.	.
"3803 Tønsberg"	"Småhus"	"2014K2"	.	.
"3803 Tønsberg"	"Småhus"	"2014K3"	.	.
"3803 Tønsberg"	"Småhus"	"2014K4"	.	.
"3803 Tønsberg"	"Småhus"	"2015K1"	.	.
"3803 Tønsberg"	"Småhus"	"2015K2"	.	.
"3803 Tønsberg"	"Småhus"	"2015K3"	.	.
"3803 Tønsberg"	"Småhus"	"2015K4"	.	.
"3803 Tønsberg"	"Småhus"	"2016K1"	.	.
"3803 Tønsberg"	"Småhus"	"2016K2"	.	.
"3803 Tønsberg"	"Småhus"	"2016K3"	.	.
"3803 Tønsberg"	"Småhus"	"2016K4"	.	.
"3803 Tønsberg"	"Småhus"	"2017K1"	.	.
"3803 Tønsberg"	"Småhus"	"2017K2"	.	.
"3803 Tønsberg"	"Småhus"	"2017K3"	.	.
"3803 Tønsberg"	"Småhus"	"2017K4"	.	.
"3803 Tønsberg"	"Småhus"	"2018K1"	.	.
"3803 Tønsberg"	"Småhus"	"2018K2"	.	.
"3803 Tønsberg"	"Småhus"	"2018K3"	.	.
"3803 Tønsberg"	"Småhus"	"2018K4"	.	.
"3803 Tønsberg"	"Småhus"	"2019K1"	.	.
"3803 Tønsberg"	"Småhus"	"2019K2"	.	.
"3803 Tønsberg"	"Småhus"	"2019K3"	.	.
"3803 Tønsberg"	"Småhus"	"2019K4"	.	.
"3803 Tønsberg"	"Småhus"	"2020K1"	29704	21
"3803 Tønsberg"	"Småhus"	"2020K2"	29463	36
"3803 Tønsberg"	"Småhus"	"2020K3"	32450	46
"3803 Tønsberg"	"Småhus"	"2020K4"	32813	18
"3803 Tønsberg"	"Småhus"	"2021K1"	35101	27
"3803 Tønsberg"	"Småhus"	"2021K2"	37393	27
"3803 Tønsberg"	"Småhus"	"2021K3"	38619	22
"3803 Tønsberg"	"Småhus"	"2021K4"	35553	25
"3803 Tønsberg"	"Småhus"	"2022K1"	42065	34
"3803 Tønsberg"	"Småhus"	"2022K2"	38501	28
"3803 Tønsberg"	"Småhus"	"2022K3"	41841	30
"3803 Tønsberg"	"Småhus"	"2022K4"	35304	23
"3803 Tønsberg"	"Småhus"	"2023K1"	39082	27
"3803 Tønsberg"	"Småhus"	"2023K2"	40962	26
"3803 Tønsberg"	"Småhus"	"2023K3"	37592	16
"3803 Tønsberg"	"Blokkleiligheter"	"2006K1"	.	.
"3803 Tønsberg"	"Blokkleiligheter"	"2006K2"	.	.
"3803 Tønsberg"	"Blokkleiligheter"	"2006K3"	.	.
"3803 Tønsberg"	"Blokkleiligheter"	"2006K4"	.	.
"3803 Tønsberg"	"Blokkleiligheter"	"2007K1"	.	.
"3803 Tønsberg"	"Blokkleiligheter"	"2007K2"	.	.
"3803 Tønsberg"	"Blokkleiligheter"	"2007K3"	.	.
"3803 Tønsberg"	"Blokkleiligheter"	"2007K4"	.	.
"3803 Tønsberg"	"Blokkleiligheter"	"2008K1"	.	.
"3803 Tønsberg"	"Blokkleiligheter"	"2008K2"	.	.
"3803 Tønsberg"	"Blokkleiligheter"	"2008K3"	.	.
"3803 Tønsberg"	"Blokkleiligheter"	"2008K4"	.	.
"3803 Tønsberg"	"Blokkleiligheter"	"2009K1"	.	.
"3803 Tønsberg"	"Blokkleiligheter"	"2009K2"	.	.
"3803 Tønsberg"	"Blokkleiligheter"	"2009K3"	.	.
"3803 Tønsberg"	"Blokkleiligheter"	"2009K4"	.	.
"3803 Tønsberg"	"Blokkleiligheter"	"2010K1"	.	.
"3803 Tønsberg"	"Blokkleiligheter"	"2010K2"	.	.
"3803 Tønsberg"	"Blokkleiligheter"	"2010K3"	.	.
"3803 Tønsberg"	"Blokkleiligheter"	"2010K4"	.	.
"3803 Tønsberg"	"Blokkleiligheter"	"2011K1"	.	.
"3803 Tønsberg"	"Blokkleiligheter"	"2011K2"	.	.
"3803 Tønsberg"	"Blokkleiligheter"	"2011K3"	.	.
"3803 Tønsberg"	"Blokkleiligheter"	"2011K4"	.	.
"3803 Tønsberg"	"Blokkleiligheter"	"2012K1"	.	.
"3803 Tønsberg"	"Blokkleiligheter"	"2012K2"	.	.
"3803 Tønsberg"	"Blokkleiligheter"	"2012K3"	.	.
"3803 Tønsberg"	"Blokkleiligheter"	"2012K4"	.	.
"3803 Tønsberg"	"Blokkleiligheter"	"2013K1"	.	.
"3803 Tønsberg"	"Blokkleiligheter"	"2013K2"	.	.
"3803 Tønsberg"	"Blokkleiligheter"	"2013K3"	.	.
"3803 Tønsberg"	"Blokkleiligheter"	"2013K4"	.	.
"3803 Tønsberg"	"Blokkleiligheter"	"2014K1"	.	.
"3803 Tønsberg"	"Blokkleiligheter"	"2014K2"	.	.
"3803 Tønsberg"	"Blokkleiligheter"	"2014K3"	.	.
"3803 Tønsberg"	"Blokkleiligheter"	"2014K4"	.	.
"3803 Tønsberg"	"Blokkleiligheter"	"2015K1"	.	.
"3803 Tønsberg"	"Blokkleiligheter"	"2015K2"	.	.
"3803 Tønsberg"	"Blokkleiligheter"	"2015K3"	.	.
"3803 Tønsberg"	"Blokkleiligheter"	"2015K4"	.	.
"3803 Tønsberg"	"Blokkleiligheter"	"2016K1"	.	.
"3803 Tønsberg"	"Blokkleiligheter"	"2016K2"	.	.
"3803 Tønsberg"	"Blokkleiligheter"	"2016K3"	.	.
"3803 Tønsberg"	"Blokkleiligheter"	"2016K4"	.	.
"3803 Tønsberg"	"Blokkleiligheter"	"2017K1"	.	.
"3803 Tønsberg"	"Blokkleiligheter"	"2017K2"	.	.
"3803 Tønsberg"	"Blokkleiligheter"	"2017K3"	.	.
"3803 Tønsberg"	"Blokkleiligheter"	"2017K4"	.	.
"3803 Tønsberg"	"Blokkleiligheter"	"2018K1"	.	.
"3803 Tønsberg"	"Blokkleiligheter"	"2018K2"	.	.
"3803 Tønsberg"	"Blokkleiligheter"	"2018K3"	.	.
"3803 Tønsberg"	"Blokkleiligheter"	"2018K4"	.	.
"3803 Tønsberg"	"Blokkleiligheter"	"2019K1"	.	.
"3803 Tønsberg"	"Blokkleiligheter"	"2019K2"	.	.
"3803 Tønsberg"	"Blokkleiligheter"	"2019K3"	.	.
"3803 Tønsberg"	"Blokkleiligheter"	"2019K4"	.	.
"3803 Tønsberg"	"Blokkleiligheter"	"2020K1"	44649	80
"3803 Tønsberg"	"Blokkleiligheter"	"2020K2"	46293	106
"3803 Tønsberg"	"Blokkleiligheter"	"2020K3"	47719	108
"3803 Tønsberg"	"Blokkleiligheter"	"2020K4"	47996	89
"3803 Tønsberg"	"Blokkleiligheter"	"2021K1"	50506	117
"3803 Tønsberg"	"Blokkleiligheter"	"2021K2"	54510	141
"3803 Tønsberg"	"Blokkleiligheter"	"2021K3"	54959	115
"3803 Tønsberg"	"Blokkleiligheter"	"2021K4"	49073	91
"3803 Tønsberg"	"Blokkleiligheter"	"2022K1"	56529	80
"3803 Tønsberg"	"Blokkleiligheter"	"2022K2"	55136	108
"3803 Tønsberg"	"Blokkleiligheter"	"2022K3"	57074	99
"3803 Tønsberg"	"Blokkleiligheter"	"2022K4"	53797	74
"3803 Tønsberg"	"Blokkleiligheter"	"2023K1"	60110	100
"3803 Tønsberg"	"Blokkleiligheter"	"2023K2"	56053	138
"3803 Tønsberg"	"Blokkleiligheter"	"2023K3"	56645	100
"3804 Sandefjord"	"Eneboliger"	"2006K1"	.	.
"3804 Sandefjord"	"Eneboliger"	"2006K2"	.	.
"3804 Sandefjord"	"Eneboliger"	"2006K3"	.	.
"3804 Sandefjord"	"Eneboliger"	"2006K4"	.	.
"3804 Sandefjord"	"Eneboliger"	"2007K1"	.	.
"3804 Sandefjord"	"Eneboliger"	"2007K2"	.	.
"3804 Sandefjord"	"Eneboliger"	"2007K3"	.	.
"3804 Sandefjord"	"Eneboliger"	"2007K4"	.	.
"3804 Sandefjord"	"Eneboliger"	"2008K1"	.	.
"3804 Sandefjord"	"Eneboliger"	"2008K2"	.	.
"3804 Sandefjord"	"Eneboliger"	"2008K3"	.	.
"3804 Sandefjord"	"Eneboliger"	"2008K4"	.	.
"3804 Sandefjord"	"Eneboliger"	"2009K1"	.	.
"3804 Sandefjord"	"Eneboliger"	"2009K2"	.	.
"3804 Sandefjord"	"Eneboliger"	"2009K3"	.	.
"3804 Sandefjord"	"Eneboliger"	"2009K4"	.	.
"3804 Sandefjord"	"Eneboliger"	"2010K1"	.	.
"3804 Sandefjord"	"Eneboliger"	"2010K2"	.	.
"3804 Sandefjord"	"Eneboliger"	"2010K3"	.	.
"3804 Sandefjord"	"Eneboliger"	"2010K4"	.	.
"3804 Sandefjord"	"Eneboliger"	"2011K1"	.	.
"3804 Sandefjord"	"Eneboliger"	"2011K2"	.	.
"3804 Sandefjord"	"Eneboliger"	"2011K3"	.	.
"3804 Sandefjord"	"Eneboliger"	"2011K4"	.	.
"3804 Sandefjord"	"Eneboliger"	"2012K1"	.	.
"3804 Sandefjord"	"Eneboliger"	"2012K2"	.	.
"3804 Sandefjord"	"Eneboliger"	"2012K3"	.	.
"3804 Sandefjord"	"Eneboliger"	"2012K4"	.	.
"3804 Sandefjord"	"Eneboliger"	"2013K1"	.	.
"3804 Sandefjord"	"Eneboliger"	"2013K2"	.	.
"3804 Sandefjord"	"Eneboliger"	"2013K3"	.	.
"3804 Sandefjord"	"Eneboliger"	"2013K4"	.	.
"3804 Sandefjord"	"Eneboliger"	"2014K1"	.	.
"3804 Sandefjord"	"Eneboliger"	"2014K2"	.	.
"3804 Sandefjord"	"Eneboliger"	"2014K3"	.	.
"3804 Sandefjord"	"Eneboliger"	"2014K4"	.	.
"3804 Sandefjord"	"Eneboliger"	"2015K1"	.	.
"3804 Sandefjord"	"Eneboliger"	"2015K2"	.	.
"3804 Sandefjord"	"Eneboliger"	"2015K3"	.	.
"3804 Sandefjord"	"Eneboliger"	"2015K4"	.	.
"3804 Sandefjord"	"Eneboliger"	"2016K1"	.	.
"3804 Sandefjord"	"Eneboliger"	"2016K2"	.	.
"3804 Sandefjord"	"Eneboliger"	"2016K3"	.	.
"3804 Sandefjord"	"Eneboliger"	"2016K4"	.	.
"3804 Sandefjord"	"Eneboliger"	"2017K1"	.	.
"3804 Sandefjord"	"Eneboliger"	"2017K2"	.	.
"3804 Sandefjord"	"Eneboliger"	"2017K3"	.	.
"3804 Sandefjord"	"Eneboliger"	"2017K4"	.	.
"3804 Sandefjord"	"Eneboliger"	"2018K1"	.	.
"3804 Sandefjord"	"Eneboliger"	"2018K2"	.	.
"3804 Sandefjord"	"Eneboliger"	"2018K3"	.	.
"3804 Sandefjord"	"Eneboliger"	"2018K4"	.	.
"3804 Sandefjord"	"Eneboliger"	"2019K1"	.	.
"3804 Sandefjord"	"Eneboliger"	"2019K2"	.	.
"3804 Sandefjord"	"Eneboliger"	"2019K3"	.	.
"3804 Sandefjord"	"Eneboliger"	"2019K4"	.	.
"3804 Sandefjord"	"Eneboliger"	"2020K1"	26953	118
"3804 Sandefjord"	"Eneboliger"	"2020K2"	27637	183
"3804 Sandefjord"	"Eneboliger"	"2020K3"	28025	150
"3804 Sandefjord"	"Eneboliger"	"2020K4"	27499	88
"3804 Sandefjord"	"Eneboliger"	"2021K1"	29790	118
"3804 Sandefjord"	"Eneboliger"	"2021K2"	31449	170
"3804 Sandefjord"	"Eneboliger"	"2021K3"	31791	143
"3804 Sandefjord"	"Eneboliger"	"2021K4"	28952	106
"3804 Sandefjord"	"Eneboliger"	"2022K1"	32201	74
"3804 Sandefjord"	"Eneboliger"	"2022K2"	34051	148
"3804 Sandefjord"	"Eneboliger"	"2022K3"	34270	124
"3804 Sandefjord"	"Eneboliger"	"2022K4"	29877	66
"3804 Sandefjord"	"Eneboliger"	"2023K1"	31623	96
"3804 Sandefjord"	"Eneboliger"	"2023K2"	35137	142
"3804 Sandefjord"	"Eneboliger"	"2023K3"	32552	123
"3804 Sandefjord"	"Småhus"	"2006K1"	.	.
"3804 Sandefjord"	"Småhus"	"2006K2"	.	.
"3804 Sandefjord"	"Småhus"	"2006K3"	.	.
"3804 Sandefjord"	"Småhus"	"2006K4"	.	.
"3804 Sandefjord"	"Småhus"	"2007K1"	.	.
"3804 Sandefjord"	"Småhus"	"2007K2"	.	.
"3804 Sandefjord"	"Småhus"	"2007K3"	.	.
"3804 Sandefjord"	"Småhus"	"2007K4"	.	.
"3804 Sandefjord"	"Småhus"	"2008K1"	.	.
"3804 Sandefjord"	"Småhus"	"2008K2"	.	.
"3804 Sandefjord"	"Småhus"	"2008K3"	.	.
"3804 Sandefjord"	"Småhus"	"2008K4"	.	.
"3804 Sandefjord"	"Småhus"	"2009K1"	.	.
"3804 Sandefjord"	"Småhus"	"2009K2"	.	.
"3804 Sandefjord"	"Småhus"	"2009K3"	.	.
"3804 Sandefjord"	"Småhus"	"2009K4"	.	.
"3804 Sandefjord"	"Småhus"	"2010K1"	.	.
"3804 Sandefjord"	"Småhus"	"2010K2"	.	.
"3804 Sandefjord"	"Småhus"	"2010K3"	.	.
"3804 Sandefjord"	"Småhus"	"2010K4"	.	.
"3804 Sandefjord"	"Småhus"	"2011K1"	.	.
"3804 Sandefjord"	"Småhus"	"2011K2"	.	.
"3804 Sandefjord"	"Småhus"	"2011K3"	.	.
"3804 Sandefjord"	"Småhus"	"2011K4"	.	.
"3804 Sandefjord"	"Småhus"	"2012K1"	.	.
"3804 Sandefjord"	"Småhus"	"2012K2"	.	.
"3804 Sandefjord"	"Småhus"	"2012K3"	.	.
"3804 Sandefjord"	"Småhus"	"2012K4"	.	.
"3804 Sandefjord"	"Småhus"	"2013K1"	.	.
"3804 Sandefjord"	"Småhus"	"2013K2"	.	.
"3804 Sandefjord"	"Småhus"	"2013K3"	.	.
"3804 Sandefjord"	"Småhus"	"2013K4"	.	.
"3804 Sandefjord"	"Småhus"	"2014K1"	.	.
"3804 Sandefjord"	"Småhus"	"2014K2"	.	.
"3804 Sandefjord"	"Småhus"	"2014K3"	.	.
"3804 Sandefjord"	"Småhus"	"2014K4"	.	.
"3804 Sandefjord"	"Småhus"	"2015K1"	.	.
"3804 Sandefjord"	"Småhus"	"2015K2"	.	.
"3804 Sandefjord"	"Småhus"	"2015K3"	.	.
"3804 Sandefjord"	"Småhus"	"2015K4"	.	.
"3804 Sandefjord"	"Småhus"	"2016K1"	.	.
"3804 Sandefjord"	"Småhus"	"2016K2"	.	.
"3804 Sandefjord"	"Småhus"	"2016K3"	.	.
"3804 Sandefjord"	"Småhus"	"2016K4"	.	.
"3804 Sandefjord"	"Småhus"	"2017K1"	.	.
"3804 Sandefjord"	"Småhus"	"2017K2"	.	.
"3804 Sandefjord"	"Småhus"	"2017K3"	.	.
"3804 Sandefjord"	"Småhus"	"2017K4"	.	.
"3804 Sandefjord"	"Småhus"	"2018K1"	.	.
"3804 Sandefjord"	"Småhus"	"2018K2"	.	.
"3804 Sandefjord"	"Småhus"	"2018K3"	.	.
"3804 Sandefjord"	"Småhus"	"2018K4"	.	.
"3804 Sandefjord"	"Småhus"	"2019K1"	.	.
"3804 Sandefjord"	"Småhus"	"2019K2"	.	.
"3804 Sandefjord"	"Småhus"	"2019K3"	.	.
"3804 Sandefjord"	"Småhus"	"2019K4"	.	.
"3804 Sandefjord"	"Småhus"	"2020K1"	26296	20
"3804 Sandefjord"	"Småhus"	"2020K2"	28172	40
"3804 Sandefjord"	"Småhus"	"2020K3"	27410	40
"3804 Sandefjord"	"Småhus"	"2020K4"	28195	25
"3804 Sandefjord"	"Småhus"	"2021K1"	28242	25
"3804 Sandefjord"	"Småhus"	"2021K2"	32081	43
"3804 Sandefjord"	"Småhus"	"2021K3"	31245	31
"3804 Sandefjord"	"Småhus"	"2021K4"	32323	23
"3804 Sandefjord"	"Småhus"	"2022K1"	30959	29
"3804 Sandefjord"	"Småhus"	"2022K2"	32398	39
"3804 Sandefjord"	"Småhus"	"2022K3"	30678	34
"3804 Sandefjord"	"Småhus"	"2022K4"	31132	25
"3804 Sandefjord"	"Småhus"	"2023K1"	32801	28
"3804 Sandefjord"	"Småhus"	"2023K2"	35403	37
"3804 Sandefjord"	"Småhus"	"2023K3"	32471	28
"3804 Sandefjord"	"Blokkleiligheter"	"2006K1"	.	.
"3804 Sandefjord"	"Blokkleiligheter"	"2006K2"	.	.
"3804 Sandefjord"	"Blokkleiligheter"	"2006K3"	.	.
"3804 Sandefjord"	"Blokkleiligheter"	"2006K4"	.	.
"3804 Sandefjord"	"Blokkleiligheter"	"2007K1"	.	.
"3804 Sandefjord"	"Blokkleiligheter"	"2007K2"	.	.
"3804 Sandefjord"	"Blokkleiligheter"	"2007K3"	.	.
"3804 Sandefjord"	"Blokkleiligheter"	"2007K4"	.	.
"3804 Sandefjord"	"Blokkleiligheter"	"2008K1"	.	.
"3804 Sandefjord"	"Blokkleiligheter"	"2008K2"	.	.
"3804 Sandefjord"	"Blokkleiligheter"	"2008K3"	.	.
"3804 Sandefjord"	"Blokkleiligheter"	"2008K4"	.	.
"3804 Sandefjord"	"Blokkleiligheter"	"2009K1"	.	.
"3804 Sandefjord"	"Blokkleiligheter"	"2009K2"	.	.
"3804 Sandefjord"	"Blokkleiligheter"	"2009K3"	.	.
"3804 Sandefjord"	"Blokkleiligheter"	"2009K4"	.	.
"3804 Sandefjord"	"Blokkleiligheter"	"2010K1"	.	.
"3804 Sandefjord"	"Blokkleiligheter"	"2010K2"	.	.
"3804 Sandefjord"	"Blokkleiligheter"	"2010K3"	.	.
"3804 Sandefjord"	"Blokkleiligheter"	"2010K4"	.	.
"3804 Sandefjord"	"Blokkleiligheter"	"2011K1"	.	.
"3804 Sandefjord"	"Blokkleiligheter"	"2011K2"	.	.
"3804 Sandefjord"	"Blokkleiligheter"	"2011K3"	.	.
"3804 Sandefjord"	"Blokkleiligheter"	"2011K4"	.	.
"3804 Sandefjord"	"Blokkleiligheter"	"2012K1"	.	.
"3804 Sandefjord"	"Blokkleiligheter"	"2012K2"	.	.
"3804 Sandefjord"	"Blokkleiligheter"	"2012K3"	.	.
"3804 Sandefjord"	"Blokkleiligheter"	"2012K4"	.	.
"3804 Sandefjord"	"Blokkleiligheter"	"2013K1"	.	.
"3804 Sandefjord"	"Blokkleiligheter"	"2013K2"	.	.
"3804 Sandefjord"	"Blokkleiligheter"	"2013K3"	.	.
"3804 Sandefjord"	"Blokkleiligheter"	"2013K4"	.	.
"3804 Sandefjord"	"Blokkleiligheter"	"2014K1"	.	.
"3804 Sandefjord"	"Blokkleiligheter"	"2014K2"	.	.
"3804 Sandefjord"	"Blokkleiligheter"	"2014K3"	.	.
"3804 Sandefjord"	"Blokkleiligheter"	"2014K4"	.	.
"3804 Sandefjord"	"Blokkleiligheter"	"2015K1"	.	.
"3804 Sandefjord"	"Blokkleiligheter"	"2015K2"	.	.
"3804 Sandefjord"	"Blokkleiligheter"	"2015K3"	.	.
"3804 Sandefjord"	"Blokkleiligheter"	"2015K4"	.	.
"3804 Sandefjord"	"Blokkleiligheter"	"2016K1"	.	.
"3804 Sandefjord"	"Blokkleiligheter"	"2016K2"	.	.
"3804 Sandefjord"	"Blokkleiligheter"	"2016K3"	.	.
"3804 Sandefjord"	"Blokkleiligheter"	"2016K4"	.	.
"3804 Sandefjord"	"Blokkleiligheter"	"2017K1"	.	.
"3804 Sandefjord"	"Blokkleiligheter"	"2017K2"	.	.
"3804 Sandefjord"	"Blokkleiligheter"	"2017K3"	.	.
"3804 Sandefjord"	"Blokkleiligheter"	"2017K4"	.	.
"3804 Sandefjord"	"Blokkleiligheter"	"2018K1"	.	.
"3804 Sandefjord"	"Blokkleiligheter"	"2018K2"	.	.
"3804 Sandefjord"	"Blokkleiligheter"	"2018K3"	.	.
"3804 Sandefjord"	"Blokkleiligheter"	"2018K4"	.	.
"3804 Sandefjord"	"Blokkleiligheter"	"2019K1"	.	.
"3804 Sandefjord"	"Blokkleiligheter"	"2019K2"	.	.
"3804 Sandefjord"	"Blokkleiligheter"	"2019K3"	.	.
"3804 Sandefjord"	"Blokkleiligheter"	"2019K4"	.	.
"3804 Sandefjord"	"Blokkleiligheter"	"2020K1"	38743	55
"3804 Sandefjord"	"Blokkleiligheter"	"2020K2"	37946	82
"3804 Sandefjord"	"Blokkleiligheter"	"2020K3"	40822	64
"3804 Sandefjord"	"Blokkleiligheter"	"2020K4"	41245	50
"3804 Sandefjord"	"Blokkleiligheter"	"2021K1"	40933	58
"3804 Sandefjord"	"Blokkleiligheter"	"2021K2"	41827	72
"3804 Sandefjord"	"Blokkleiligheter"	"2021K3"	43938	64
"3804 Sandefjord"	"Blokkleiligheter"	"2021K4"	45213	55
"3804 Sandefjord"	"Blokkleiligheter"	"2022K1"	46089	48
"3804 Sandefjord"	"Blokkleiligheter"	"2022K2"	46774	68
"3804 Sandefjord"	"Blokkleiligheter"	"2022K3"	47157	52
"3804 Sandefjord"	"Blokkleiligheter"	"2022K4"	45222	48
"3804 Sandefjord"	"Blokkleiligheter"	"2023K1"	47265	52
"3804 Sandefjord"	"Blokkleiligheter"	"2023K2"	49250	61
"3804 Sandefjord"	"Blokkleiligheter"	"2023K3"	48727	51
"3805 Larvik"	"Eneboliger"	"2006K1"	.	.
"3805 Larvik"	"Eneboliger"	"2006K2"	.	.
"3805 Larvik"	"Eneboliger"	"2006K3"	.	.
"3805 Larvik"	"Eneboliger"	"2006K4"	.	.
"3805 Larvik"	"Eneboliger"	"2007K1"	.	.
"3805 Larvik"	"Eneboliger"	"2007K2"	.	.
"3805 Larvik"	"Eneboliger"	"2007K3"	.	.
"3805 Larvik"	"Eneboliger"	"2007K4"	.	.
"3805 Larvik"	"Eneboliger"	"2008K1"	.	.
"3805 Larvik"	"Eneboliger"	"2008K2"	.	.
"3805 Larvik"	"Eneboliger"	"2008K3"	.	.
"3805 Larvik"	"Eneboliger"	"2008K4"	.	.
"3805 Larvik"	"Eneboliger"	"2009K1"	.	.
"3805 Larvik"	"Eneboliger"	"2009K2"	.	.
"3805 Larvik"	"Eneboliger"	"2009K3"	.	.
"3805 Larvik"	"Eneboliger"	"2009K4"	.	.
"3805 Larvik"	"Eneboliger"	"2010K1"	.	.
"3805 Larvik"	"Eneboliger"	"2010K2"	.	.
"3805 Larvik"	"Eneboliger"	"2010K3"	.	.
"3805 Larvik"	"Eneboliger"	"2010K4"	.	.
"3805 Larvik"	"Eneboliger"	"2011K1"	.	.
"3805 Larvik"	"Eneboliger"	"2011K2"	.	.
"3805 Larvik"	"Eneboliger"	"2011K3"	.	.
"3805 Larvik"	"Eneboliger"	"2011K4"	.	.
"3805 Larvik"	"Eneboliger"	"2012K1"	.	.
"3805 Larvik"	"Eneboliger"	"2012K2"	.	.
"3805 Larvik"	"Eneboliger"	"2012K3"	.	.
"3805 Larvik"	"Eneboliger"	"2012K4"	.	.
"3805 Larvik"	"Eneboliger"	"2013K1"	.	.
"3805 Larvik"	"Eneboliger"	"2013K2"	.	.
"3805 Larvik"	"Eneboliger"	"2013K3"	.	.
"3805 Larvik"	"Eneboliger"	"2013K4"	.	.
"3805 Larvik"	"Eneboliger"	"2014K1"	.	.
"3805 Larvik"	"Eneboliger"	"2014K2"	.	.
"3805 Larvik"	"Eneboliger"	"2014K3"	.	.
"3805 Larvik"	"Eneboliger"	"2014K4"	.	.
"3805 Larvik"	"Eneboliger"	"2015K1"	.	.
"3805 Larvik"	"Eneboliger"	"2015K2"	.	.
"3805 Larvik"	"Eneboliger"	"2015K3"	.	.
"3805 Larvik"	"Eneboliger"	"2015K4"	.	.
"3805 Larvik"	"Eneboliger"	"2016K1"	.	.
"3805 Larvik"	"Eneboliger"	"2016K2"	.	.
"3805 Larvik"	"Eneboliger"	"2016K3"	.	.
"3805 Larvik"	"Eneboliger"	"2016K4"	.	.
"3805 Larvik"	"Eneboliger"	"2017K1"	.	.
"3805 Larvik"	"Eneboliger"	"2017K2"	.	.
"3805 Larvik"	"Eneboliger"	"2017K3"	.	.
"3805 Larvik"	"Eneboliger"	"2017K4"	.	.
"3805 Larvik"	"Eneboliger"	"2018K1"	.	.
"3805 Larvik"	"Eneboliger"	"2018K2"	.	.
"3805 Larvik"	"Eneboliger"	"2018K3"	.	.
"3805 Larvik"	"Eneboliger"	"2018K4"	.	.
"3805 Larvik"	"Eneboliger"	"2019K1"	.	.
"3805 Larvik"	"Eneboliger"	"2019K2"	.	.
"3805 Larvik"	"Eneboliger"	"2019K3"	.	.
"3805 Larvik"	"Eneboliger"	"2019K4"	.	.
"3805 Larvik"	"Eneboliger"	"2020K1"	21492	73
"3805 Larvik"	"Eneboliger"	"2020K2"	23037	121
"3805 Larvik"	"Eneboliger"	"2020K3"	25764	103
"3805 Larvik"	"Eneboliger"	"2020K4"	22502	74
"3805 Larvik"	"Eneboliger"	"2021K1"	27198	80
"3805 Larvik"	"Eneboliger"	"2021K2"	30244	121
"3805 Larvik"	"Eneboliger"	"2021K3"	28896	87
"3805 Larvik"	"Eneboliger"	"2021K4"	28429	75
"3805 Larvik"	"Eneboliger"	"2022K1"	29698	47
"3805 Larvik"	"Eneboliger"	"2022K2"	29099	123
"3805 Larvik"	"Eneboliger"	"2022K3"	32216	81
"3805 Larvik"	"Eneboliger"	"2022K4"	27978	51
"3805 Larvik"	"Eneboliger"	"2023K1"	28522	78
"3805 Larvik"	"Eneboliger"	"2023K2"	30270	129
"3805 Larvik"	"Eneboliger"	"2023K3"	28174	69
"3805 Larvik"	"Småhus"	"2006K1"	.	.
"3805 Larvik"	"Småhus"	"2006K2"	.	.
"3805 Larvik"	"Småhus"	"2006K3"	.	.
"3805 Larvik"	"Småhus"	"2006K4"	.	.
"3805 Larvik"	"Småhus"	"2007K1"	.	.
"3805 Larvik"	"Småhus"	"2007K2"	.	.
"3805 Larvik"	"Småhus"	"2007K3"	.	.
"3805 Larvik"	"Småhus"	"2007K4"	.	.
"3805 Larvik"	"Småhus"	"2008K1"	.	.
"3805 Larvik"	"Småhus"	"2008K2"	.	.
"3805 Larvik"	"Småhus"	"2008K3"	.	.
"3805 Larvik"	"Småhus"	"2008K4"	.	.
"3805 Larvik"	"Småhus"	"2009K1"	.	.
"3805 Larvik"	"Småhus"	"2009K2"	.	.
"3805 Larvik"	"Småhus"	"2009K3"	.	.
"3805 Larvik"	"Småhus"	"2009K4"	.	.
"3805 Larvik"	"Småhus"	"2010K1"	.	.
"3805 Larvik"	"Småhus"	"2010K2"	.	.
"3805 Larvik"	"Småhus"	"2010K3"	.	.
"3805 Larvik"	"Småhus"	"2010K4"	.	.
"3805 Larvik"	"Småhus"	"2011K1"	.	.
"3805 Larvik"	"Småhus"	"2011K2"	.	.
"3805 Larvik"	"Småhus"	"2011K3"	.	.
"3805 Larvik"	"Småhus"	"2011K4"	.	.
"3805 Larvik"	"Småhus"	"2012K1"	.	.
"3805 Larvik"	"Småhus"	"2012K2"	.	.
"3805 Larvik"	"Småhus"	"2012K3"	.	.
"3805 Larvik"	"Småhus"	"2012K4"	.	.
"3805 Larvik"	"Småhus"	"2013K1"	.	.
"3805 Larvik"	"Småhus"	"2013K2"	.	.
"3805 Larvik"	"Småhus"	"2013K3"	.	.
"3805 Larvik"	"Småhus"	"2013K4"	.	.
"3805 Larvik"	"Småhus"	"2014K1"	.	.
"3805 Larvik"	"Småhus"	"2014K2"	.	.
"3805 Larvik"	"Småhus"	"2014K3"	.	.
"3805 Larvik"	"Småhus"	"2014K4"	.	.
"3805 Larvik"	"Småhus"	"2015K1"	.	.
"3805 Larvik"	"Småhus"	"2015K2"	.	.
"3805 Larvik"	"Småhus"	"2015K3"	.	.
"3805 Larvik"	"Småhus"	"2015K4"	.	.
"3805 Larvik"	"Småhus"	"2016K1"	.	.
"3805 Larvik"	"Småhus"	"2016K2"	.	.
"3805 Larvik"	"Småhus"	"2016K3"	.	.
"3805 Larvik"	"Småhus"	"2016K4"	.	.
"3805 Larvik"	"Småhus"	"2017K1"	.	.
"3805 Larvik"	"Småhus"	"2017K2"	.	.
"3805 Larvik"	"Småhus"	"2017K3"	.	.
"3805 Larvik"	"Småhus"	"2017K4"	.	.
"3805 Larvik"	"Småhus"	"2018K1"	.	.
"3805 Larvik"	"Småhus"	"2018K2"	.	.
"3805 Larvik"	"Småhus"	"2018K3"	.	.
"3805 Larvik"	"Småhus"	"2018K4"	.	.
"3805 Larvik"	"Småhus"	"2019K1"	.	.
"3805 Larvik"	"Småhus"	"2019K2"	.	.
"3805 Larvik"	"Småhus"	"2019K3"	.	.
"3805 Larvik"	"Småhus"	"2019K4"	.	.
"3805 Larvik"	"Småhus"	"2020K1"	22134	19
"3805 Larvik"	"Småhus"	"2020K2"	25959	24
"3805 Larvik"	"Småhus"	"2020K3"	27178	24
"3805 Larvik"	"Småhus"	"2020K4"	24773	18
"3805 Larvik"	"Småhus"	"2021K1"	25890	20
"3805 Larvik"	"Småhus"	"2021K2"	30603	26
"3805 Larvik"	"Småhus"	"2021K3"	29285	22
"3805 Larvik"	"Småhus"	"2021K4"	27659	14
"3805 Larvik"	"Småhus"	"2022K1"	30436	20
"3805 Larvik"	"Småhus"	"2022K2"	30802	25
"3805 Larvik"	"Småhus"	"2022K3"	..	6
"3805 Larvik"	"Småhus"	"2022K4"	28964	16
"3805 Larvik"	"Småhus"	"2023K1"	31669	15
"3805 Larvik"	"Småhus"	"2023K2"	29586	30
"3805 Larvik"	"Småhus"	"2023K3"	33684	17
"3805 Larvik"	"Blokkleiligheter"	"2006K1"	.	.
"3805 Larvik"	"Blokkleiligheter"	"2006K2"	.	.
"3805 Larvik"	"Blokkleiligheter"	"2006K3"	.	.
"3805 Larvik"	"Blokkleiligheter"	"2006K4"	.	.
"3805 Larvik"	"Blokkleiligheter"	"2007K1"	.	.
"3805 Larvik"	"Blokkleiligheter"	"2007K2"	.	.
"3805 Larvik"	"Blokkleiligheter"	"2007K3"	.	.
"3805 Larvik"	"Blokkleiligheter"	"2007K4"	.	.
"3805 Larvik"	"Blokkleiligheter"	"2008K1"	.	.
"3805 Larvik"	"Blokkleiligheter"	"2008K2"	.	.
"3805 Larvik"	"Blokkleiligheter"	"2008K3"	.	.
"3805 Larvik"	"Blokkleiligheter"	"2008K4"	.	.
"3805 Larvik"	"Blokkleiligheter"	"2009K1"	.	.
"3805 Larvik"	"Blokkleiligheter"	"2009K2"	.	.
"3805 Larvik"	"Blokkleiligheter"	"2009K3"	.	.
"3805 Larvik"	"Blokkleiligheter"	"2009K4"	.	.
"3805 Larvik"	"Blokkleiligheter"	"2010K1"	.	.
"3805 Larvik"	"Blokkleiligheter"	"2010K2"	.	.
"3805 Larvik"	"Blokkleiligheter"	"2010K3"	.	.
"3805 Larvik"	"Blokkleiligheter"	"2010K4"	.	.
"3805 Larvik"	"Blokkleiligheter"	"2011K1"	.	.
"3805 Larvik"	"Blokkleiligheter"	"2011K2"	.	.
"3805 Larvik"	"Blokkleiligheter"	"2011K3"	.	.
"3805 Larvik"	"Blokkleiligheter"	"2011K4"	.	.
"3805 Larvik"	"Blokkleiligheter"	"2012K1"	.	.
"3805 Larvik"	"Blokkleiligheter"	"2012K2"	.	.
"3805 Larvik"	"Blokkleiligheter"	"2012K3"	.	.
"3805 Larvik"	"Blokkleiligheter"	"2012K4"	.	.
"3805 Larvik"	"Blokkleiligheter"	"2013K1"	.	.
"3805 Larvik"	"Blokkleiligheter"	"2013K2"	.	.
"3805 Larvik"	"Blokkleiligheter"	"2013K3"	.	.
"3805 Larvik"	"Blokkleiligheter"	"2013K4"	.	.
"3805 Larvik"	"Blokkleiligheter"	"2014K1"	.	.
"3805 Larvik"	"Blokkleiligheter"	"2014K2"	.	.
"3805 Larvik"	"Blokkleiligheter"	"2014K3"	.	.
"3805 Larvik"	"Blokkleiligheter"	"2014K4"	.	.
"3805 Larvik"	"Blokkleiligheter"	"2015K1"	.	.
"3805 Larvik"	"Blokkleiligheter"	"2015K2"	.	.
"3805 Larvik"	"Blokkleiligheter"	"2015K3"	.	.
"3805 Larvik"	"Blokkleiligheter"	"2015K4"	.	.
"3805 Larvik"	"Blokkleiligheter"	"2016K1"	.	.
"3805 Larvik"	"Blokkleiligheter"	"2016K2"	.	.
"3805 Larvik"	"Blokkleiligheter"	"2016K3"	.	.
"3805 Larvik"	"Blokkleiligheter"	"2016K4"	.	.
"3805 Larvik"	"Blokkleiligheter"	"2017K1"	.	.
"3805 Larvik"	"Blokkleiligheter"	"2017K2"	.	.
"3805 Larvik"	"Blokkleiligheter"	"2017K3"	.	.
"3805 Larvik"	"Blokkleiligheter"	"2017K4"	.	.
"3805 Larvik"	"Blokkleiligheter"	"2018K1"	.	.
"3805 Larvik"	"Blokkleiligheter"	"2018K2"	.	.
"3805 Larvik"	"Blokkleiligheter"	"2018K3"	.	.
"3805 Larvik"	"Blokkleiligheter"	"2018K4"	.	.
"3805 Larvik"	"Blokkleiligheter"	"2019K1"	.	.
"3805 Larvik"	"Blokkleiligheter"	"2019K2"	.	.
"3805 Larvik"	"Blokkleiligheter"	"2019K3"	.	.
"3805 Larvik"	"Blokkleiligheter"	"2019K4"	.	.
"3805 Larvik"	"Blokkleiligheter"	"2020K1"	36529	23
"3805 Larvik"	"Blokkleiligheter"	"2020K2"	36362	41
"3805 Larvik"	"Blokkleiligheter"	"2020K3"	36176	29
"3805 Larvik"	"Blokkleiligheter"	"2020K4"	36351	35
"3805 Larvik"	"Blokkleiligheter"	"2021K1"	39446	27
"3805 Larvik"	"Blokkleiligheter"	"2021K2"	43325	51
"3805 Larvik"	"Blokkleiligheter"	"2021K3"	39065	29
"3805 Larvik"	"Blokkleiligheter"	"2021K4"	41351	31
"3805 Larvik"	"Blokkleiligheter"	"2022K1"	44458	27
"3805 Larvik"	"Blokkleiligheter"	"2022K2"	42131	35
"3805 Larvik"	"Blokkleiligheter"	"2022K3"	43049	39
"3805 Larvik"	"Blokkleiligheter"	"2022K4"	38984	28
"3805 Larvik"	"Blokkleiligheter"	"2023K1"	42844	37
"3805 Larvik"	"Blokkleiligheter"	"2023K2"	42721	42
"3805 Larvik"	"Blokkleiligheter"	"2023K3"	40689	19
"3806 Porsgrunn"	"Eneboliger"	"2006K1"	.	.
"3806 Porsgrunn"	"Eneboliger"	"2006K2"	.	.
"3806 Porsgrunn"	"Eneboliger"	"2006K3"	.	.
"3806 Porsgrunn"	"Eneboliger"	"2006K4"	.	.
"3806 Porsgrunn"	"Eneboliger"	"2007K1"	.	.
"3806 Porsgrunn"	"Eneboliger"	"2007K2"	.	.
"3806 Porsgrunn"	"Eneboliger"	"2007K3"	.	.
"3806 Porsgrunn"	"Eneboliger"	"2007K4"	.	.
"3806 Porsgrunn"	"Eneboliger"	"2008K1"	.	.
"3806 Porsgrunn"	"Eneboliger"	"2008K2"	.	.
"3806 Porsgrunn"	"Eneboliger"	"2008K3"	.	.
"3806 Porsgrunn"	"Eneboliger"	"2008K4"	.	.
"3806 Porsgrunn"	"Eneboliger"	"2009K1"	.	.
"3806 Porsgrunn"	"Eneboliger"	"2009K2"	.	.
"3806 Porsgrunn"	"Eneboliger"	"2009K3"	.	.
"3806 Porsgrunn"	"Eneboliger"	"2009K4"	.	.
"3806 Porsgrunn"	"Eneboliger"	"2010K1"	.	.
"3806 Porsgrunn"	"Eneboliger"	"2010K2"	.	.
"3806 Porsgrunn"	"Eneboliger"	"2010K3"	.	.
"3806 Porsgrunn"	"Eneboliger"	"2010K4"	.	.
"3806 Porsgrunn"	"Eneboliger"	"2011K1"	.	.
"3806 Porsgrunn"	"Eneboliger"	"2011K2"	.	.
"3806 Porsgrunn"	"Eneboliger"	"2011K3"	.	.
"3806 Porsgrunn"	"Eneboliger"	"2011K4"	.	.
"3806 Porsgrunn"	"Eneboliger"	"2012K1"	.	.
"3806 Porsgrunn"	"Eneboliger"	"2012K2"	.	.
"3806 Porsgrunn"	"Eneboliger"	"2012K3"	.	.
"3806 Porsgrunn"	"Eneboliger"	"2012K4"	.	.
"3806 Porsgrunn"	"Eneboliger"	"2013K1"	.	.
"3806 Porsgrunn"	"Eneboliger"	"2013K2"	.	.
"3806 Porsgrunn"	"Eneboliger"	"2013K3"	.	.
"3806 Porsgrunn"	"Eneboliger"	"2013K4"	.	.
"3806 Porsgrunn"	"Eneboliger"	"2014K1"	.	.
"3806 Porsgrunn"	"Eneboliger"	"2014K2"	.	.
"3806 Porsgrunn"	"Eneboliger"	"2014K3"	.	.
"3806 Porsgrunn"	"Eneboliger"	"2014K4"	.	.
"3806 Porsgrunn"	"Eneboliger"	"2015K1"	.	.
"3806 Porsgrunn"	"Eneboliger"	"2015K2"	.	.
"3806 Porsgrunn"	"Eneboliger"	"2015K3"	.	.
"3806 Porsgrunn"	"Eneboliger"	"2015K4"	.	.
"3806 Porsgrunn"	"Eneboliger"	"2016K1"	.	.
"3806 Porsgrunn"	"Eneboliger"	"2016K2"	.	.
"3806 Porsgrunn"	"Eneboliger"	"2016K3"	.	.
"3806 Porsgrunn"	"Eneboliger"	"2016K4"	.	.
"3806 Porsgrunn"	"Eneboliger"	"2017K1"	.	.
"3806 Porsgrunn"	"Eneboliger"	"2017K2"	.	.
"3806 Porsgrunn"	"Eneboliger"	"2017K3"	.	.
"3806 Porsgrunn"	"Eneboliger"	"2017K4"	.	.
"3806 Porsgrunn"	"Eneboliger"	"2018K1"	.	.
"3806 Porsgrunn"	"Eneboliger"	"2018K2"	.	.
"3806 Porsgrunn"	"Eneboliger"	"2018K3"	.	.
"3806 Porsgrunn"	"Eneboliger"	"2018K4"	.	.
"3806 Porsgrunn"	"Eneboliger"	"2019K1"	.	.
"3806 Porsgrunn"	"Eneboliger"	"2019K2"	.	.
"3806 Porsgrunn"	"Eneboliger"	"2019K3"	.	.
"3806 Porsgrunn"	"Eneboliger"	"2019K4"	.	.
"3806 Porsgrunn"	"Eneboliger"	"2020K1"	22055	70
"3806 Porsgrunn"	"Eneboliger"	"2020K2"	21033	98
"3806 Porsgrunn"	"Eneboliger"	"2020K3"	22693	85
"3806 Porsgrunn"	"Eneboliger"	"2020K4"	21678	50
"3806 Porsgrunn"	"Eneboliger"	"2021K1"	23785	64
"3806 Porsgrunn"	"Eneboliger"	"2021K2"	27909	88
"3806 Porsgrunn"	"Eneboliger"	"2021K3"	27613	50
"3806 Porsgrunn"	"Eneboliger"	"2021K4"	26589	56
"3806 Porsgrunn"	"Eneboliger"	"2022K1"	27121	51
"3806 Porsgrunn"	"Eneboliger"	"2022K2"	27546	89
"3806 Porsgrunn"	"Eneboliger"	"2022K3"	25789	64
"3806 Porsgrunn"	"Eneboliger"	"2022K4"	25198	63
"3806 Porsgrunn"	"Eneboliger"	"2023K1"	26425	68
"3806 Porsgrunn"	"Eneboliger"	"2023K2"	27738	93
"3806 Porsgrunn"	"Eneboliger"	"2023K3"	25200	83
"3806 Porsgrunn"	"Småhus"	"2006K1"	.	.
"3806 Porsgrunn"	"Småhus"	"2006K2"	.	.
"3806 Porsgrunn"	"Småhus"	"2006K3"	.	.
"3806 Porsgrunn"	"Småhus"	"2006K4"	.	.
"3806 Porsgrunn"	"Småhus"	"2007K1"	.	.
"3806 Porsgrunn"	"Småhus"	"2007K2"	.	.
"3806 Porsgrunn"	"Småhus"	"2007K3"	.	.
"3806 Porsgrunn"	"Småhus"	"2007K4"	.	.
"3806 Porsgrunn"	"Småhus"	"2008K1"	.	.
"3806 Porsgrunn"	"Småhus"	"2008K2"	.	.
"3806 Porsgrunn"	"Småhus"	"2008K3"	.	.
"3806 Porsgrunn"	"Småhus"	"2008K4"	.	.
"3806 Porsgrunn"	"Småhus"	"2009K1"	.	.
"3806 Porsgrunn"	"Småhus"	"2009K2"	.	.
"3806 Porsgrunn"	"Småhus"	"2009K3"	.	.
"3806 Porsgrunn"	"Småhus"	"2009K4"	.	.
"3806 Porsgrunn"	"Småhus"	"2010K1"	.	.
"3806 Porsgrunn"	"Småhus"	"2010K2"	.	.
"3806 Porsgrunn"	"Småhus"	"2010K3"	.	.
"3806 Porsgrunn"	"Småhus"	"2010K4"	.	.
"3806 Porsgrunn"	"Småhus"	"2011K1"	.	.
"3806 Porsgrunn"	"Småhus"	"2011K2"	.	.
"3806 Porsgrunn"	"Småhus"	"2011K3"	.	.
"3806 Porsgrunn"	"Småhus"	"2011K4"	.	.
"3806 Porsgrunn"	"Småhus"	"2012K1"	.	.
"3806 Porsgrunn"	"Småhus"	"2012K2"	.	.
"3806 Porsgrunn"	"Småhus"	"2012K3"	.	.
"3806 Porsgrunn"	"Småhus"	"2012K4"	.	.
"3806 Porsgrunn"	"Småhus"	"2013K1"	.	.
"3806 Porsgrunn"	"Småhus"	"2013K2"	.	.
"3806 Porsgrunn"	"Småhus"	"2013K3"	.	.
"3806 Porsgrunn"	"Småhus"	"2013K4"	.	.
"3806 Porsgrunn"	"Småhus"	"2014K1"	.	.
"3806 Porsgrunn"	"Småhus"	"2014K2"	.	.
"3806 Porsgrunn"	"Småhus"	"2014K3"	.	.
"3806 Porsgrunn"	"Småhus"	"2014K4"	.	.
"3806 Porsgrunn"	"Småhus"	"2015K1"	.	.
"3806 Porsgrunn"	"Småhus"	"2015K2"	.	.
"3806 Porsgrunn"	"Småhus"	"2015K3"	.	.
"3806 Porsgrunn"	"Småhus"	"2015K4"	.	.
"3806 Porsgrunn"	"Småhus"	"2016K1"	.	.
"3806 Porsgrunn"	"Småhus"	"2016K2"	.	.
"3806 Porsgrunn"	"Småhus"	"2016K3"	.	.
"3806 Porsgrunn"	"Småhus"	"2016K4"	.	.
"3806 Porsgrunn"	"Småhus"	"2017K1"	.	.
"3806 Porsgrunn"	"Småhus"	"2017K2"	.	.
"3806 Porsgrunn"	"Småhus"	"2017K3"	.	.
"3806 Porsgrunn"	"Småhus"	"2017K4"	.	.
"3806 Porsgrunn"	"Småhus"	"2018K1"	.	.
"3806 Porsgrunn"	"Småhus"	"2018K2"	.	.
"3806 Porsgrunn"	"Småhus"	"2018K3"	.	.
"3806 Porsgrunn"	"Småhus"	"2018K4"	.	.
"3806 Porsgrunn"	"Småhus"	"2019K1"	.	.
"3806 Porsgrunn"	"Småhus"	"2019K2"	.	.
"3806 Porsgrunn"	"Småhus"	"2019K3"	.	.
"3806 Porsgrunn"	"Småhus"	"2019K4"	.	.
"3806 Porsgrunn"	"Småhus"	"2020K1"	..	8
"3806 Porsgrunn"	"Småhus"	"2020K2"	23216	16
"3806 Porsgrunn"	"Småhus"	"2020K3"	28741	11
"3806 Porsgrunn"	"Småhus"	"2020K4"	27081	10
"3806 Porsgrunn"	"Småhus"	"2021K1"	25475	12
"3806 Porsgrunn"	"Småhus"	"2021K2"	27915	10
"3806 Porsgrunn"	"Småhus"	"2021K3"	29017	11
"3806 Porsgrunn"	"Småhus"	"2021K4"	..	9
"3806 Porsgrunn"	"Småhus"	"2022K1"	..	8
"3806 Porsgrunn"	"Småhus"	"2022K2"	31811	11
"3806 Porsgrunn"	"Småhus"	"2022K3"	25511	14
"3806 Porsgrunn"	"Småhus"	"2022K4"	..	9
"3806 Porsgrunn"	"Småhus"	"2023K1"	..	6
"3806 Porsgrunn"	"Småhus"	"2023K2"	26130	10
"3806 Porsgrunn"	"Småhus"	"2023K3"	..	9
"3806 Porsgrunn"	"Blokkleiligheter"	"2006K1"	.	.
"3806 Porsgrunn"	"Blokkleiligheter"	"2006K2"	.	.
"3806 Porsgrunn"	"Blokkleiligheter"	"2006K3"	.	.
"3806 Porsgrunn"	"Blokkleiligheter"	"2006K4"	.	.
"3806 Porsgrunn"	"Blokkleiligheter"	"2007K1"	.	.
"3806 Porsgrunn"	"Blokkleiligheter"	"2007K2"	.	.
"3806 Porsgrunn"	"Blokkleiligheter"	"2007K3"	.	.
"3806 Porsgrunn"	"Blokkleiligheter"	"2007K4"	.	.
"3806 Porsgrunn"	"Blokkleiligheter"	"2008K1"	.	.
"3806 Porsgrunn"	"Blokkleiligheter"	"2008K2"	.	.
"3806 Porsgrunn"	"Blokkleiligheter"	"2008K3"	.	.
"3806 Porsgrunn"	"Blokkleiligheter"	"2008K4"	.	.
"3806 Porsgrunn"	"Blokkleiligheter"	"2009K1"	.	.
"3806 Porsgrunn"	"Blokkleiligheter"	"2009K2"	.	.
"3806 Porsgrunn"	"Blokkleiligheter"	"2009K3"	.	.
"3806 Porsgrunn"	"Blokkleiligheter"	"2009K4"	.	.
"3806 Porsgrunn"	"Blokkleiligheter"	"2010K1"	.	.
"3806 Porsgrunn"	"Blokkleiligheter"	"2010K2"	.	.
"3806 Porsgrunn"	"Blokkleiligheter"	"2010K3"	.	.
"3806 Porsgrunn"	"Blokkleiligheter"	"2010K4"	.	.
"3806 Porsgrunn"	"Blokkleiligheter"	"2011K1"	.	.
"3806 Porsgrunn"	"Blokkleiligheter"	"2011K2"	.	.
"3806 Porsgrunn"	"Blokkleiligheter"	"2011K3"	.	.
"3806 Porsgrunn"	"Blokkleiligheter"	"2011K4"	.	.
"3806 Porsgrunn"	"Blokkleiligheter"	"2012K1"	.	.
"3806 Porsgrunn"	"Blokkleiligheter"	"2012K2"	.	.
"3806 Porsgrunn"	"Blokkleiligheter"	"2012K3"	.	.
"3806 Porsgrunn"	"Blokkleiligheter"	"2012K4"	.	.
"3806 Porsgrunn"	"Blokkleiligheter"	"2013K1"	.	.
"3806 Porsgrunn"	"Blokkleiligheter"	"2013K2"	.	.
"3806 Porsgrunn"	"Blokkleiligheter"	"2013K3"	.	.
"3806 Porsgrunn"	"Blokkleiligheter"	"2013K4"	.	.
"3806 Porsgrunn"	"Blokkleiligheter"	"2014K1"	.	.
"3806 Porsgrunn"	"Blokkleiligheter"	"2014K2"	.	.
"3806 Porsgrunn"	"Blokkleiligheter"	"2014K3"	.	.
"3806 Porsgrunn"	"Blokkleiligheter"	"2014K4"	.	.
"3806 Porsgrunn"	"Blokkleiligheter"	"2015K1"	.	.
"3806 Porsgrunn"	"Blokkleiligheter"	"2015K2"	.	.
"3806 Porsgrunn"	"Blokkleiligheter"	"2015K3"	.	.
"3806 Porsgrunn"	"Blokkleiligheter"	"2015K4"	.	.
"3806 Porsgrunn"	"Blokkleiligheter"	"2016K1"	.	.
"3806 Porsgrunn"	"Blokkleiligheter"	"2016K2"	.	.
"3806 Porsgrunn"	"Blokkleiligheter"	"2016K3"	.	.
"3806 Porsgrunn"	"Blokkleiligheter"	"2016K4"	.	.
"3806 Porsgrunn"	"Blokkleiligheter"	"2017K1"	.	.
"3806 Porsgrunn"	"Blokkleiligheter"	"2017K2"	.	.
"3806 Porsgrunn"	"Blokkleiligheter"	"2017K3"	.	.
"3806 Porsgrunn"	"Blokkleiligheter"	"2017K4"	.	.
"3806 Porsgrunn"	"Blokkleiligheter"	"2018K1"	.	.
"3806 Porsgrunn"	"Blokkleiligheter"	"2018K2"	.	.
"3806 Porsgrunn"	"Blokkleiligheter"	"2018K3"	.	.
"3806 Porsgrunn"	"Blokkleiligheter"	"2018K4"	.	.
"3806 Porsgrunn"	"Blokkleiligheter"	"2019K1"	.	.
"3806 Porsgrunn"	"Blokkleiligheter"	"2019K2"	.	.
"3806 Porsgrunn"	"Blokkleiligheter"	"2019K3"	.	.
"3806 Porsgrunn"	"Blokkleiligheter"	"2019K4"	.	.
"3806 Porsgrunn"	"Blokkleiligheter"	"2020K1"	34909	14
"3806 Porsgrunn"	"Blokkleiligheter"	"2020K2"	31914	14
"3806 Porsgrunn"	"Blokkleiligheter"	"2020K3"	38406	10
"3806 Porsgrunn"	"Blokkleiligheter"	"2020K4"	31016	10
"3806 Porsgrunn"	"Blokkleiligheter"	"2021K1"	32226	12
"3806 Porsgrunn"	"Blokkleiligheter"	"2021K2"	38582	21
"3806 Porsgrunn"	"Blokkleiligheter"	"2021K3"	34147	10
"3806 Porsgrunn"	"Blokkleiligheter"	"2021K4"	31241	13
"3806 Porsgrunn"	"Blokkleiligheter"	"2022K1"	..	6
"3806 Porsgrunn"	"Blokkleiligheter"	"2022K2"	37252	14
"3806 Porsgrunn"	"Blokkleiligheter"	"2022K3"	37780	12
"3806 Porsgrunn"	"Blokkleiligheter"	"2022K4"	..	8
"3806 Porsgrunn"	"Blokkleiligheter"	"2023K1"	..	6
"3806 Porsgrunn"	"Blokkleiligheter"	"2023K2"	41793	13
"3806 Porsgrunn"	"Blokkleiligheter"	"2023K3"	43475	15
"3807 Skien"	"Eneboliger"	"2006K1"	.	.
"3807 Skien"	"Eneboliger"	"2006K2"	.	.
"3807 Skien"	"Eneboliger"	"2006K3"	.	.
"3807 Skien"	"Eneboliger"	"2006K4"	.	.
"3807 Skien"	"Eneboliger"	"2007K1"	.	.
"3807 Skien"	"Eneboliger"	"2007K2"	.	.
"3807 Skien"	"Eneboliger"	"2007K3"	.	.
"3807 Skien"	"Eneboliger"	"2007K4"	.	.
"3807 Skien"	"Eneboliger"	"2008K1"	.	.
"3807 Skien"	"Eneboliger"	"2008K2"	.	.
"3807 Skien"	"Eneboliger"	"2008K3"	.	.
"3807 Skien"	"Eneboliger"	"2008K4"	.	.
"3807 Skien"	"Eneboliger"	"2009K1"	.	.
"3807 Skien"	"Eneboliger"	"2009K2"	.	.
"3807 Skien"	"Eneboliger"	"2009K3"	.	.
"3807 Skien"	"Eneboliger"	"2009K4"	.	.
"3807 Skien"	"Eneboliger"	"2010K1"	.	.
"3807 Skien"	"Eneboliger"	"2010K2"	.	.
"3807 Skien"	"Eneboliger"	"2010K3"	.	.
"3807 Skien"	"Eneboliger"	"2010K4"	.	.
"3807 Skien"	"Eneboliger"	"2011K1"	.	.
"3807 Skien"	"Eneboliger"	"2011K2"	.	.
"3807 Skien"	"Eneboliger"	"2011K3"	.	.
"3807 Skien"	"Eneboliger"	"2011K4"	.	.
"3807 Skien"	"Eneboliger"	"2012K1"	.	.
"3807 Skien"	"Eneboliger"	"2012K2"	.	.
"3807 Skien"	"Eneboliger"	"2012K3"	.	.
"3807 Skien"	"Eneboliger"	"2012K4"	.	.
"3807 Skien"	"Eneboliger"	"2013K1"	.	.
"3807 Skien"	"Eneboliger"	"2013K2"	.	.
"3807 Skien"	"Eneboliger"	"2013K3"	.	.
"3807 Skien"	"Eneboliger"	"2013K4"	.	.
"3807 Skien"	"Eneboliger"	"2014K1"	.	.
"3807 Skien"	"Eneboliger"	"2014K2"	.	.
"3807 Skien"	"Eneboliger"	"2014K3"	.	.
"3807 Skien"	"Eneboliger"	"2014K4"	.	.
"3807 Skien"	"Eneboliger"	"2015K1"	.	.
"3807 Skien"	"Eneboliger"	"2015K2"	.	.
"3807 Skien"	"Eneboliger"	"2015K3"	.	.
"3807 Skien"	"Eneboliger"	"2015K4"	.	.
"3807 Skien"	"Eneboliger"	"2016K1"	.	.
"3807 Skien"	"Eneboliger"	"2016K2"	.	.
"3807 Skien"	"Eneboliger"	"2016K3"	.	.
"3807 Skien"	"Eneboliger"	"2016K4"	.	.
"3807 Skien"	"Eneboliger"	"2017K1"	.	.
"3807 Skien"	"Eneboliger"	"2017K2"	.	.
"3807 Skien"	"Eneboliger"	"2017K3"	.	.
"3807 Skien"	"Eneboliger"	"2017K4"	.	.
"3807 Skien"	"Eneboliger"	"2018K1"	.	.
"3807 Skien"	"Eneboliger"	"2018K2"	.	.
"3807 Skien"	"Eneboliger"	"2018K3"	.	.
"3807 Skien"	"Eneboliger"	"2018K4"	.	.
"3807 Skien"	"Eneboliger"	"2019K1"	.	.
"3807 Skien"	"Eneboliger"	"2019K2"	.	.
"3807 Skien"	"Eneboliger"	"2019K3"	.	.
"3807 Skien"	"Eneboliger"	"2019K4"	.	.
"3807 Skien"	"Eneboliger"	"2020K1"	21481	103
"3807 Skien"	"Eneboliger"	"2020K2"	20793	133
"3807 Skien"	"Eneboliger"	"2020K3"	20812	139
"3807 Skien"	"Eneboliger"	"2020K4"	21948	92
"3807 Skien"	"Eneboliger"	"2021K1"	24304	72
"3807 Skien"	"Eneboliger"	"2021K2"	25280	135
"3807 Skien"	"Eneboliger"	"2021K3"	23858	106
"3807 Skien"	"Eneboliger"	"2021K4"	25373	107
"3807 Skien"	"Eneboliger"	"2022K1"	24866	68
"3807 Skien"	"Eneboliger"	"2022K2"	26053	130
"3807 Skien"	"Eneboliger"	"2022K3"	26330	114
"3807 Skien"	"Eneboliger"	"2022K4"	24437	97
"3807 Skien"	"Eneboliger"	"2023K1"	25455	78
"3807 Skien"	"Eneboliger"	"2023K2"	25129	110
"3807 Skien"	"Eneboliger"	"2023K3"	22414	81
"3807 Skien"	"Småhus"	"2006K1"	.	.
"3807 Skien"	"Småhus"	"2006K2"	.	.
"3807 Skien"	"Småhus"	"2006K3"	.	.
"3807 Skien"	"Småhus"	"2006K4"	.	.
"3807 Skien"	"Småhus"	"2007K1"	.	.
"3807 Skien"	"Småhus"	"2007K2"	.	.
"3807 Skien"	"Småhus"	"2007K3"	.	.
"3807 Skien"	"Småhus"	"2007K4"	.	.
"3807 Skien"	"Småhus"	"2008K1"	.	.
"3807 Skien"	"Småhus"	"2008K2"	.	.
"3807 Skien"	"Småhus"	"2008K3"	.	.
"3807 Skien"	"Småhus"	"2008K4"	.	.
"3807 Skien"	"Småhus"	"2009K1"	.	.
"3807 Skien"	"Småhus"	"2009K2"	.	.
"3807 Skien"	"Småhus"	"2009K3"	.	.
"3807 Skien"	"Småhus"	"2009K4"	.	.
"3807 Skien"	"Småhus"	"2010K1"	.	.
"3807 Skien"	"Småhus"	"2010K2"	.	.
"3807 Skien"	"Småhus"	"2010K3"	.	.
"3807 Skien"	"Småhus"	"2010K4"	.	.
"3807 Skien"	"Småhus"	"2011K1"	.	.
"3807 Skien"	"Småhus"	"2011K2"	.	.
"3807 Skien"	"Småhus"	"2011K3"	.	.
"3807 Skien"	"Småhus"	"2011K4"	.	.
"3807 Skien"	"Småhus"	"2012K1"	.	.
"3807 Skien"	"Småhus"	"2012K2"	.	.
"3807 Skien"	"Småhus"	"2012K3"	.	.
"3807 Skien"	"Småhus"	"2012K4"	.	.
"3807 Skien"	"Småhus"	"2013K1"	.	.
"3807 Skien"	"Småhus"	"2013K2"	.	.
"3807 Skien"	"Småhus"	"2013K3"	.	.
"3807 Skien"	"Småhus"	"2013K4"	.	.
"3807 Skien"	"Småhus"	"2014K1"	.	.
"3807 Skien"	"Småhus"	"2014K2"	.	.
"3807 Skien"	"Småhus"	"2014K3"	.	.
"3807 Skien"	"Småhus"	"2014K4"	.	.
"3807 Skien"	"Småhus"	"2015K1"	.	.
"3807 Skien"	"Småhus"	"2015K2"	.	.
"3807 Skien"	"Småhus"	"2015K3"	.	.
"3807 Skien"	"Småhus"	"2015K4"	.	.
"3807 Skien"	"Småhus"	"2016K1"	.	.
"3807 Skien"	"Småhus"	"2016K2"	.	.
"3807 Skien"	"Småhus"	"2016K3"	.	.
"3807 Skien"	"Småhus"	"2016K4"	.	.
"3807 Skien"	"Småhus"	"2017K1"	.	.
"3807 Skien"	"Småhus"	"2017K2"	.	.
"3807 Skien"	"Småhus"	"2017K3"	.	.
"3807 Skien"	"Småhus"	"2017K4"	.	.
"3807 Skien"	"Småhus"	"2018K1"	.	.
"3807 Skien"	"Småhus"	"2018K2"	.	.
"3807 Skien"	"Småhus"	"2018K3"	.	.
"3807 Skien"	"Småhus"	"2018K4"	.	.
"3807 Skien"	"Småhus"	"2019K1"	.	.
"3807 Skien"	"Småhus"	"2019K2"	.	.
"3807 Skien"	"Småhus"	"2019K3"	.	.
"3807 Skien"	"Småhus"	"2019K4"	.	.
"3807 Skien"	"Småhus"	"2020K1"	20819	19
"3807 Skien"	"Småhus"	"2020K2"	24558	19
"3807 Skien"	"Småhus"	"2020K3"	21336	30
"3807 Skien"	"Småhus"	"2020K4"	23009	29
"3807 Skien"	"Småhus"	"2021K1"	24062	13
"3807 Skien"	"Småhus"	"2021K2"	22888	33
"3807 Skien"	"Småhus"	"2021K3"	26548	23
"3807 Skien"	"Småhus"	"2021K4"	25499	30
"3807 Skien"	"Småhus"	"2022K1"	26246	16
"3807 Skien"	"Småhus"	"2022K2"	29096	24
"3807 Skien"	"Småhus"	"2022K3"	29291	20
"3807 Skien"	"Småhus"	"2022K4"	26538	19
"3807 Skien"	"Småhus"	"2023K1"	25910	18
"3807 Skien"	"Småhus"	"2023K2"	25145	24
"3807 Skien"	"Småhus"	"2023K3"	26031	11
"3807 Skien"	"Blokkleiligheter"	"2006K1"	.	.
"3807 Skien"	"Blokkleiligheter"	"2006K2"	.	.
"3807 Skien"	"Blokkleiligheter"	"2006K3"	.	.
"3807 Skien"	"Blokkleiligheter"	"2006K4"	.	.
"3807 Skien"	"Blokkleiligheter"	"2007K1"	.	.
"3807 Skien"	"Blokkleiligheter"	"2007K2"	.	.
"3807 Skien"	"Blokkleiligheter"	"2007K3"	.	.
"3807 Skien"	"Blokkleiligheter"	"2007K4"	.	.
"3807 Skien"	"Blokkleiligheter"	"2008K1"	.	.
"3807 Skien"	"Blokkleiligheter"	"2008K2"	.	.
"3807 Skien"	"Blokkleiligheter"	"2008K3"	.	.
"3807 Skien"	"Blokkleiligheter"	"2008K4"	.	.
"3807 Skien"	"Blokkleiligheter"	"2009K1"	.	.
"3807 Skien"	"Blokkleiligheter"	"2009K2"	.	.
"3807 Skien"	"Blokkleiligheter"	"2009K3"	.	.
"3807 Skien"	"Blokkleiligheter"	"2009K4"	.	.
"3807 Skien"	"Blokkleiligheter"	"2010K1"	.	.
"3807 Skien"	"Blokkleiligheter"	"2010K2"	.	.
"3807 Skien"	"Blokkleiligheter"	"2010K3"	.	.
"3807 Skien"	"Blokkleiligheter"	"2010K4"	.	.
"3807 Skien"	"Blokkleiligheter"	"2011K1"	.	.
"3807 Skien"	"Blokkleiligheter"	"2011K2"	.	.
"3807 Skien"	"Blokkleiligheter"	"2011K3"	.	.
"3807 Skien"	"Blokkleiligheter"	"2011K4"	.	.
"3807 Skien"	"Blokkleiligheter"	"2012K1"	.	.
"3807 Skien"	"Blokkleiligheter"	"2012K2"	.	.
"3807 Skien"	"Blokkleiligheter"	"2012K3"	.	.
"3807 Skien"	"Blokkleiligheter"	"2012K4"	.	.
"3807 Skien"	"Blokkleiligheter"	"2013K1"	.	.
"3807 Skien"	"Blokkleiligheter"	"2013K2"	.	.
"3807 Skien"	"Blokkleiligheter"	"2013K3"	.	.
"3807 Skien"	"Blokkleiligheter"	"2013K4"	.	.
"3807 Skien"	"Blokkleiligheter"	"2014K1"	.	.
"3807 Skien"	"Blokkleiligheter"	"2014K2"	.	.
"3807 Skien"	"Blokkleiligheter"	"2014K3"	.	.
"3807 Skien"	"Blokkleiligheter"	"2014K4"	.	.
"3807 Skien"	"Blokkleiligheter"	"2015K1"	.	.
"3807 Skien"	"Blokkleiligheter"	"2015K2"	.	.
"3807 Skien"	"Blokkleiligheter"	"2015K3"	.	.
"3807 Skien"	"Blokkleiligheter"	"2015K4"	.	.
"3807 Skien"	"Blokkleiligheter"	"2016K1"	.	.
"3807 Skien"	"Blokkleiligheter"	"2016K2"	.	.
"3807 Skien"	"Blokkleiligheter"	"2016K3"	.	.
"3807 Skien"	"Blokkleiligheter"	"2016K4"	.	.
"3807 Skien"	"Blokkleiligheter"	"2017K1"	.	.
"3807 Skien"	"Blokkleiligheter"	"2017K2"	.	.
"3807 Skien"	"Blokkleiligheter"	"2017K3"	.	.
"3807 Skien"	"Blokkleiligheter"	"2017K4"	.	.
"3807 Skien"	"Blokkleiligheter"	"2018K1"	.	.
"3807 Skien"	"Blokkleiligheter"	"2018K2"	.	.
"3807 Skien"	"Blokkleiligheter"	"2018K3"	.	.
"3807 Skien"	"Blokkleiligheter"	"2018K4"	.	.
"3807 Skien"	"Blokkleiligheter"	"2019K1"	.	.
"3807 Skien"	"Blokkleiligheter"	"2019K2"	.	.
"3807 Skien"	"Blokkleiligheter"	"2019K3"	.	.
"3807 Skien"	"Blokkleiligheter"	"2019K4"	.	.
"3807 Skien"	"Blokkleiligheter"	"2020K1"	27478	33
"3807 Skien"	"Blokkleiligheter"	"2020K2"	29980	34
"3807 Skien"	"Blokkleiligheter"	"2020K3"	28675	33
"3807 Skien"	"Blokkleiligheter"	"2020K4"	30151	31
"3807 Skien"	"Blokkleiligheter"	"2021K1"	30574	24
"3807 Skien"	"Blokkleiligheter"	"2021K2"	31368	32
"3807 Skien"	"Blokkleiligheter"	"2021K3"	34498	28
"3807 Skien"	"Blokkleiligheter"	"2021K4"	33602	26
"3807 Skien"	"Blokkleiligheter"	"2022K1"	31610	31
"3807 Skien"	"Blokkleiligheter"	"2022K2"	36157	26
"3807 Skien"	"Blokkleiligheter"	"2022K3"	33652	27
"3807 Skien"	"Blokkleiligheter"	"2022K4"	30332	21
"3807 Skien"	"Blokkleiligheter"	"2023K1"	34057	24
"3807 Skien"	"Blokkleiligheter"	"2023K2"	36743	29
"3807 Skien"	"Blokkleiligheter"	"2023K3"	32914	20
"3811 Færder"	"Eneboliger"	"2006K1"	.	.
"3811 Færder"	"Eneboliger"	"2006K2"	.	.
"3811 Færder"	"Eneboliger"	"2006K3"	.	.
"3811 Færder"	"Eneboliger"	"2006K4"	.	.
"3811 Færder"	"Eneboliger"	"2007K1"	.	.
"3811 Færder"	"Eneboliger"	"2007K2"	.	.
"3811 Færder"	"Eneboliger"	"2007K3"	.	.
"3811 Færder"	"Eneboliger"	"2007K4"	.	.
"3811 Færder"	"Eneboliger"	"2008K1"	.	.
"3811 Færder"	"Eneboliger"	"2008K2"	.	.
"3811 Færder"	"Eneboliger"	"2008K3"	.	.
"3811 Færder"	"Eneboliger"	"2008K4"	.	.
"3811 Færder"	"Eneboliger"	"2009K1"	.	.
"3811 Færder"	"Eneboliger"	"2009K2"	.	.
"3811 Færder"	"Eneboliger"	"2009K3"	.	.
"3811 Færder"	"Eneboliger"	"2009K4"	.	.
"3811 Færder"	"Eneboliger"	"2010K1"	.	.
"3811 Færder"	"Eneboliger"	"2010K2"	.	.
"3811 Færder"	"Eneboliger"	"2010K3"	.	.
"3811 Færder"	"Eneboliger"	"2010K4"	.	.
"3811 Færder"	"Eneboliger"	"2011K1"	.	.
"3811 Færder"	"Eneboliger"	"2011K2"	.	.
"3811 Færder"	"Eneboliger"	"2011K3"	.	.
"3811 Færder"	"Eneboliger"	"2011K4"	.	.
"3811 Færder"	"Eneboliger"	"2012K1"	.	.
"3811 Færder"	"Eneboliger"	"2012K2"	.	.
"3811 Færder"	"Eneboliger"	"2012K3"	.	.
"3811 Færder"	"Eneboliger"	"2012K4"	.	.
"3811 Færder"	"Eneboliger"	"2013K1"	.	.
"3811 Færder"	"Eneboliger"	"2013K2"	.	.
"3811 Færder"	"Eneboliger"	"2013K3"	.	.
"3811 Færder"	"Eneboliger"	"2013K4"	.	.
"3811 Færder"	"Eneboliger"	"2014K1"	.	.
"3811 Færder"	"Eneboliger"	"2014K2"	.	.
"3811 Færder"	"Eneboliger"	"2014K3"	.	.
"3811 Færder"	"Eneboliger"	"2014K4"	.	.
"3811 Færder"	"Eneboliger"	"2015K1"	.	.
"3811 Færder"	"Eneboliger"	"2015K2"	.	.
"3811 Færder"	"Eneboliger"	"2015K3"	.	.
"3811 Færder"	"Eneboliger"	"2015K4"	.	.
"3811 Færder"	"Eneboliger"	"2016K1"	.	.
"3811 Færder"	"Eneboliger"	"2016K2"	.	.
"3811 Færder"	"Eneboliger"	"2016K3"	.	.
"3811 Færder"	"Eneboliger"	"2016K4"	.	.
"3811 Færder"	"Eneboliger"	"2017K1"	.	.
"3811 Færder"	"Eneboliger"	"2017K2"	.	.
"3811 Færder"	"Eneboliger"	"2017K3"	.	.
"3811 Færder"	"Eneboliger"	"2017K4"	.	.
"3811 Færder"	"Eneboliger"	"2018K1"	.	.
"3811 Færder"	"Eneboliger"	"2018K2"	.	.
"3811 Færder"	"Eneboliger"	"2018K3"	.	.
"3811 Færder"	"Eneboliger"	"2018K4"	.	.
"3811 Færder"	"Eneboliger"	"2019K1"	.	.
"3811 Færder"	"Eneboliger"	"2019K2"	.	.
"3811 Færder"	"Eneboliger"	"2019K3"	.	.
"3811 Færder"	"Eneboliger"	"2019K4"	.	.
"3811 Færder"	"Eneboliger"	"2020K1"	31051	58
"3811 Færder"	"Eneboliger"	"2020K2"	37087	120
"3811 Færder"	"Eneboliger"	"2020K3"	31615	57
"3811 Færder"	"Eneboliger"	"2020K4"	29401	51
"3811 Færder"	"Eneboliger"	"2021K1"	31850	54
"3811 Færder"	"Eneboliger"	"2021K2"	39298	112
"3811 Færder"	"Eneboliger"	"2021K3"	33545	83
"3811 Færder"	"Eneboliger"	"2021K4"	31935	46
"3811 Færder"	"Eneboliger"	"2022K1"	35976	43
"3811 Færder"	"Eneboliger"	"2022K2"	40957	84
"3811 Færder"	"Eneboliger"	"2022K3"	38731	55
"3811 Færder"	"Eneboliger"	"2022K4"	36043	27
"3811 Færder"	"Eneboliger"	"2023K1"	34665	46
"3811 Færder"	"Eneboliger"	"2023K2"	40963	86
"3811 Færder"	"Eneboliger"	"2023K3"	42205	58
"3811 Færder"	"Småhus"	"2006K1"	.	.
"3811 Færder"	"Småhus"	"2006K2"	.	.
"3811 Færder"	"Småhus"	"2006K3"	.	.
"3811 Færder"	"Småhus"	"2006K4"	.	.
"3811 Færder"	"Småhus"	"2007K1"	.	.
"3811 Færder"	"Småhus"	"2007K2"	.	.
"3811 Færder"	"Småhus"	"2007K3"	.	.
"3811 Færder"	"Småhus"	"2007K4"	.	.
"3811 Færder"	"Småhus"	"2008K1"	.	.
"3811 Færder"	"Småhus"	"2008K2"	.	.
"3811 Færder"	"Småhus"	"2008K3"	.	.
"3811 Færder"	"Småhus"	"2008K4"	.	.
"3811 Færder"	"Småhus"	"2009K1"	.	.
"3811 Færder"	"Småhus"	"2009K2"	.	.
"3811 Færder"	"Småhus"	"2009K3"	.	.
"3811 Færder"	"Småhus"	"2009K4"	.	.
"3811 Færder"	"Småhus"	"2010K1"	.	.
"3811 Færder"	"Småhus"	"2010K2"	.	.
"3811 Færder"	"Småhus"	"2010K3"	.	.
"3811 Færder"	"Småhus"	"2010K4"	.	.
"3811 Færder"	"Småhus"	"2011K1"	.	.
"3811 Færder"	"Småhus"	"2011K2"	.	.
"3811 Færder"	"Småhus"	"2011K3"	.	.
"3811 Færder"	"Småhus"	"2011K4"	.	.
"3811 Færder"	"Småhus"	"2012K1"	.	.
"3811 Færder"	"Småhus"	"2012K2"	.	.
"3811 Færder"	"Småhus"	"2012K3"	.	.
"3811 Færder"	"Småhus"	"2012K4"	.	.
"3811 Færder"	"Småhus"	"2013K1"	.	.
"3811 Færder"	"Småhus"	"2013K2"	.	.
"3811 Færder"	"Småhus"	"2013K3"	.	.
"3811 Færder"	"Småhus"	"2013K4"	.	.
"3811 Færder"	"Småhus"	"2014K1"	.	.
"3811 Færder"	"Småhus"	"2014K2"	.	.
"3811 Færder"	"Småhus"	"2014K3"	.	.
"3811 Færder"	"Småhus"	"2014K4"	.	.
"3811 Færder"	"Småhus"	"2015K1"	.	.
"3811 Færder"	"Småhus"	"2015K2"	.	.
"3811 Færder"	"Småhus"	"2015K3"	.	.
"3811 Færder"	"Småhus"	"2015K4"	.	.
"3811 Færder"	"Småhus"	"2016K1"	.	.
"3811 Færder"	"Småhus"	"2016K2"	.	.
"3811 Færder"	"Småhus"	"2016K3"	.	.
"3811 Færder"	"Småhus"	"2016K4"	.	.
"3811 Færder"	"Småhus"	"2017K1"	.	.
"3811 Færder"	"Småhus"	"2017K2"	.	.
"3811 Færder"	"Småhus"	"2017K3"	.	.
"3811 Færder"	"Småhus"	"2017K4"	.	.
"3811 Færder"	"Småhus"	"2018K1"	.	.
"3811 Færder"	"Småhus"	"2018K2"	.	.
"3811 Færder"	"Småhus"	"2018K3"	.	.
"3811 Færder"	"Småhus"	"2018K4"	.	.
"3811 Færder"	"Småhus"	"2019K1"	.	.
"3811 Færder"	"Småhus"	"2019K2"	.	.
"3811 Færder"	"Småhus"	"2019K3"	.	.
"3811 Færder"	"Småhus"	"2019K4"	.	.
"3811 Færder"	"Småhus"	"2020K1"	..	9
"3811 Færder"	"Småhus"	"2020K2"	32657	10
"3811 Færder"	"Småhus"	"2020K3"	31823	18
"3811 Færder"	"Småhus"	"2020K4"	..	6
"3811 Færder"	"Småhus"	"2021K1"	29605	13
"3811 Færder"	"Småhus"	"2021K2"	..	9
"3811 Færder"	"Småhus"	"2021K3"	..	6
"3811 Færder"	"Småhus"	"2021K4"	29701	10
"3811 Færder"	"Småhus"	"2022K1"	..	7
"3811 Færder"	"Småhus"	"2022K2"	..	8
"3811 Færder"	"Småhus"	"2022K3"	..	6
"3811 Færder"	"Småhus"	"2022K4"	..	7
"3811 Færder"	"Småhus"	"2023K1"	..	7
"3811 Færder"	"Småhus"	"2023K2"	..	9
"3811 Færder"	"Småhus"	"2023K3"	..	4
"3811 Færder"	"Blokkleiligheter"	"2006K1"	.	.
"3811 Færder"	"Blokkleiligheter"	"2006K2"	.	.
"3811 Færder"	"Blokkleiligheter"	"2006K3"	.	.
"3811 Færder"	"Blokkleiligheter"	"2006K4"	.	.
"3811 Færder"	"Blokkleiligheter"	"2007K1"	.	.
"3811 Færder"	"Blokkleiligheter"	"2007K2"	.	.
"3811 Færder"	"Blokkleiligheter"	"2007K3"	.	.
"3811 Færder"	"Blokkleiligheter"	"2007K4"	.	.
"3811 Færder"	"Blokkleiligheter"	"2008K1"	.	.
"3811 Færder"	"Blokkleiligheter"	"2008K2"	.	.
"3811 Færder"	"Blokkleiligheter"	"2008K3"	.	.
"3811 Færder"	"Blokkleiligheter"	"2008K4"	.	.
"3811 Færder"	"Blokkleiligheter"	"2009K1"	.	.
"3811 Færder"	"Blokkleiligheter"	"2009K2"	.	.
"3811 Færder"	"Blokkleiligheter"	"2009K3"	.	.
"3811 Færder"	"Blokkleiligheter"	"2009K4"	.	.
"3811 Færder"	"Blokkleiligheter"	"2010K1"	.	.
"3811 Færder"	"Blokkleiligheter"	"2010K2"	.	.
"3811 Færder"	"Blokkleiligheter"	"2010K3"	.	.
"3811 Færder"	"Blokkleiligheter"	"2010K4"	.	.
"3811 Færder"	"Blokkleiligheter"	"2011K1"	.	.
"3811 Færder"	"Blokkleiligheter"	"2011K2"	.	.
"3811 Færder"	"Blokkleiligheter"	"2011K3"	.	.
"3811 Færder"	"Blokkleiligheter"	"2011K4"	.	.
"3811 Færder"	"Blokkleiligheter"	"2012K1"	.	.
"3811 Færder"	"Blokkleiligheter"	"2012K2"	.	.
"3811 Færder"	"Blokkleiligheter"	"2012K3"	.	.
"3811 Færder"	"Blokkleiligheter"	"2012K4"	.	.
"3811 Færder"	"Blokkleiligheter"	"2013K1"	.	.
"3811 Færder"	"Blokkleiligheter"	"2013K2"	.	.
"3811 Færder"	"Blokkleiligheter"	"2013K3"	.	.
"3811 Færder"	"Blokkleiligheter"	"2013K4"	.	.
"3811 Færder"	"Blokkleiligheter"	"2014K1"	.	.
"3811 Færder"	"Blokkleiligheter"	"2014K2"	.	.
"3811 Færder"	"Blokkleiligheter"	"2014K3"	.	.
"3811 Færder"	"Blokkleiligheter"	"2014K4"	.	.
"3811 Færder"	"Blokkleiligheter"	"2015K1"	.	.
"3811 Færder"	"Blokkleiligheter"	"2015K2"	.	.
"3811 Færder"	"Blokkleiligheter"	"2015K3"	.	.
"3811 Færder"	"Blokkleiligheter"	"2015K4"	.	.
"3811 Færder"	"Blokkleiligheter"	"2016K1"	.	.
"3811 Færder"	"Blokkleiligheter"	"2016K2"	.	.
"3811 Færder"	"Blokkleiligheter"	"2016K3"	.	.
"3811 Færder"	"Blokkleiligheter"	"2016K4"	.	.
"3811 Færder"	"Blokkleiligheter"	"2017K1"	.	.
"3811 Færder"	"Blokkleiligheter"	"2017K2"	.	.
"3811 Færder"	"Blokkleiligheter"	"2017K3"	.	.
"3811 Færder"	"Blokkleiligheter"	"2017K4"	.	.
"3811 Færder"	"Blokkleiligheter"	"2018K1"	.	.
"3811 Færder"	"Blokkleiligheter"	"2018K2"	.	.
"3811 Færder"	"Blokkleiligheter"	"2018K3"	.	.
"3811 Færder"	"Blokkleiligheter"	"2018K4"	.	.
"3811 Færder"	"Blokkleiligheter"	"2019K1"	.	.
"3811 Færder"	"Blokkleiligheter"	"2019K2"	.	.
"3811 Færder"	"Blokkleiligheter"	"2019K3"	.	.
"3811 Færder"	"Blokkleiligheter"	"2019K4"	.	.
"3811 Færder"	"Blokkleiligheter"	"2020K1"	37707	14
"3811 Færder"	"Blokkleiligheter"	"2020K2"	39145	22
"3811 Færder"	"Blokkleiligheter"	"2020K3"	35573	16
"3811 Færder"	"Blokkleiligheter"	"2020K4"	41738	18
"3811 Færder"	"Blokkleiligheter"	"2021K1"	43667	25
"3811 Færder"	"Blokkleiligheter"	"2021K2"	44508	17
"3811 Færder"	"Blokkleiligheter"	"2021K3"	42211	22
"3811 Færder"	"Blokkleiligheter"	"2021K4"	43311	15
"3811 Færder"	"Blokkleiligheter"	"2022K1"	45008	13
"3811 Færder"	"Blokkleiligheter"	"2022K2"	45064	17
"3811 Færder"	"Blokkleiligheter"	"2022K3"	46229	14
"3811 Færder"	"Blokkleiligheter"	"2022K4"	..	8
"3811 Færder"	"Blokkleiligheter"	"2023K1"	46878	16
"3811 Færder"	"Blokkleiligheter"	"2023K2"	50868	19
"3811 Færder"	"Blokkleiligheter"	"2023K3"	45641	20
"0604 Kongsberg (-2019)"	"Eneboliger"	"2006K1"	12499	12
"0604 Kongsberg (-2019)"	"Eneboliger"	"2006K2"	14372	13
"0604 Kongsberg (-2019)"	"Eneboliger"	"2006K3"	15413	30
"0604 Kongsberg (-2019)"	"Eneboliger"	"2006K4"	15293	18
"0604 Kongsberg (-2019)"	"Eneboliger"	"2007K1"	14564	17
"0604 Kongsberg (-2019)"	"Eneboliger"	"2007K2"	15496	47
"0604 Kongsberg (-2019)"	"Eneboliger"	"2007K3"	15557	45
"0604 Kongsberg (-2019)"	"Eneboliger"	"2007K4"	15047	39
"0604 Kongsberg (-2019)"	"Eneboliger"	"2008K1"	15369	17
"0604 Kongsberg (-2019)"	"Eneboliger"	"2008K2"	16592	51
"0604 Kongsberg (-2019)"	"Eneboliger"	"2008K3"	16416	32
"0604 Kongsberg (-2019)"	"Eneboliger"	"2008K4"	16115	21
"0604 Kongsberg (-2019)"	"Eneboliger"	"2009K1"	15084	16
"0604 Kongsberg (-2019)"	"Eneboliger"	"2009K2"	17529	40
"0604 Kongsberg (-2019)"	"Eneboliger"	"2009K3"	15939	41
"0604 Kongsberg (-2019)"	"Eneboliger"	"2009K4"	16212	36
"0604 Kongsberg (-2019)"	"Eneboliger"	"2010K1"	17449	32
"0604 Kongsberg (-2019)"	"Eneboliger"	"2010K2"	19246	47
"0604 Kongsberg (-2019)"	"Eneboliger"	"2010K3"	17631	41
"0604 Kongsberg (-2019)"	"Eneboliger"	"2010K4"	16602	46
"0604 Kongsberg (-2019)"	"Eneboliger"	"2011K1"	17316	32
"0604 Kongsberg (-2019)"	"Eneboliger"	"2011K2"	20003	44
"0604 Kongsberg (-2019)"	"Eneboliger"	"2011K3"	18160	51
"0604 Kongsberg (-2019)"	"Eneboliger"	"2011K4"	18380	37
"0604 Kongsberg (-2019)"	"Eneboliger"	"2012K1"	20667	28
"0604 Kongsberg (-2019)"	"Eneboliger"	"2012K2"	19806	59
"0604 Kongsberg (-2019)"	"Eneboliger"	"2012K3"	19671	50
"0604 Kongsberg (-2019)"	"Eneboliger"	"2012K4"	18869	38
"0604 Kongsberg (-2019)"	"Eneboliger"	"2013K1"	20900	28
"0604 Kongsberg (-2019)"	"Eneboliger"	"2013K2"	21487	45
"0604 Kongsberg (-2019)"	"Eneboliger"	"2013K3"	21550	33
"0604 Kongsberg (-2019)"	"Eneboliger"	"2013K4"	18550	33
"0604 Kongsberg (-2019)"	"Eneboliger"	"2014K1"	20798	21
"0604 Kongsberg (-2019)"	"Eneboliger"	"2014K2"	21078	53
"0604 Kongsberg (-2019)"	"Eneboliger"	"2014K3"	21781	36
"0604 Kongsberg (-2019)"	"Eneboliger"	"2014K4"	22614	35
"0604 Kongsberg (-2019)"	"Eneboliger"	"2015K1"	20831	47
"0604 Kongsberg (-2019)"	"Eneboliger"	"2015K2"	21425	47
"0604 Kongsberg (-2019)"	"Eneboliger"	"2015K3"	20102	41
"0604 Kongsberg (-2019)"	"Eneboliger"	"2015K4"	20913	31
"0604 Kongsberg (-2019)"	"Eneboliger"	"2016K1"	19376	26
"0604 Kongsberg (-2019)"	"Eneboliger"	"2016K2"	19910	49
"0604 Kongsberg (-2019)"	"Eneboliger"	"2016K3"	23169	40
"0604 Kongsberg (-2019)"	"Eneboliger"	"2016K4"	19765	28
"0604 Kongsberg (-2019)"	"Eneboliger"	"2017K1"	22199	26
"0604 Kongsberg (-2019)"	"Eneboliger"	"2017K2"	21610	51
"0604 Kongsberg (-2019)"	"Eneboliger"	"2017K3"	23656	41
"0604 Kongsberg (-2019)"	"Eneboliger"	"2017K4"	18689	22
"0604 Kongsberg (-2019)"	"Eneboliger"	"2018K1"	22715	29
"0604 Kongsberg (-2019)"	"Eneboliger"	"2018K2"	24569	67
"0604 Kongsberg (-2019)"	"Eneboliger"	"2018K3"	22621	41
"0604 Kongsberg (-2019)"	"Eneboliger"	"2018K4"	22184	33
"0604 Kongsberg (-2019)"	"Eneboliger"	"2019K1"	23099	37
"0604 Kongsberg (-2019)"	"Eneboliger"	"2019K2"	24011	45
"0604 Kongsberg (-2019)"	"Eneboliger"	"2019K3"	22304	48
"0604 Kongsberg (-2019)"	"Eneboliger"	"2019K4"	19469	31
"0604 Kongsberg (-2019)"	"Eneboliger"	"2020K1"	.	.
"0604 Kongsberg (-2019)"	"Eneboliger"	"2020K2"	.	.
"0604 Kongsberg (-2019)"	"Eneboliger"	"2020K3"	.	.
"0604 Kongsberg (-2019)"	"Eneboliger"	"2020K4"	.	.
"0604 Kongsberg (-2019)"	"Eneboliger"	"2021K1"	.	.
"0604 Kongsberg (-2019)"	"Eneboliger"	"2021K2"	.	.
"0604 Kongsberg (-2019)"	"Eneboliger"	"2021K3"	.	.
"0604 Kongsberg (-2019)"	"Eneboliger"	"2021K4"	.	.
"0604 Kongsberg (-2019)"	"Eneboliger"	"2022K1"	.	.
"0604 Kongsberg (-2019)"	"Eneboliger"	"2022K2"	.	.
"0604 Kongsberg (-2019)"	"Eneboliger"	"2022K3"	.	.
"0604 Kongsberg (-2019)"	"Eneboliger"	"2022K4"	.	.
"0604 Kongsberg (-2019)"	"Eneboliger"	"2023K1"	.	.
"0604 Kongsberg (-2019)"	"Eneboliger"	"2023K2"	.	.
"0604 Kongsberg (-2019)"	"Eneboliger"	"2023K3"	.	.
"0604 Kongsberg (-2019)"	"Småhus"	"2006K1"	..	3
"0604 Kongsberg (-2019)"	"Småhus"	"2006K2"	..	7
"0604 Kongsberg (-2019)"	"Småhus"	"2006K3"	..	8
"0604 Kongsberg (-2019)"	"Småhus"	"2006K4"	..	8
"0604 Kongsberg (-2019)"	"Småhus"	"2007K1"	15580	18
"0604 Kongsberg (-2019)"	"Småhus"	"2007K2"	17449	20
"0604 Kongsberg (-2019)"	"Småhus"	"2007K3"	..	9
"0604 Kongsberg (-2019)"	"Småhus"	"2007K4"	16829	25
"0604 Kongsberg (-2019)"	"Småhus"	"2008K1"	19076	11
"0604 Kongsberg (-2019)"	"Småhus"	"2008K2"	20100	15
"0604 Kongsberg (-2019)"	"Småhus"	"2008K3"	18049	18
"0604 Kongsberg (-2019)"	"Småhus"	"2008K4"	..	6
"0604 Kongsberg (-2019)"	"Småhus"	"2009K1"	..	6
"0604 Kongsberg (-2019)"	"Småhus"	"2009K2"	19304	10
"0604 Kongsberg (-2019)"	"Småhus"	"2009K3"	20697	11
"0604 Kongsberg (-2019)"	"Småhus"	"2009K4"	..	8
"0604 Kongsberg (-2019)"	"Småhus"	"2010K1"	..	3
"0604 Kongsberg (-2019)"	"Småhus"	"2010K2"	18667	17
"0604 Kongsberg (-2019)"	"Småhus"	"2010K3"	19509	12
"0604 Kongsberg (-2019)"	"Småhus"	"2010K4"	17204	10
"0604 Kongsberg (-2019)"	"Småhus"	"2011K1"	20198	15
"0604 Kongsberg (-2019)"	"Småhus"	"2011K2"	..	8
"0604 Kongsberg (-2019)"	"Småhus"	"2011K3"	..	9
"0604 Kongsberg (-2019)"	"Småhus"	"2011K4"	..	9
"0604 Kongsberg (-2019)"	"Småhus"	"2012K1"	19325	10
"0604 Kongsberg (-2019)"	"Småhus"	"2012K2"	21147	11
"0604 Kongsberg (-2019)"	"Småhus"	"2012K3"	21778	11
"0604 Kongsberg (-2019)"	"Småhus"	"2012K4"	..	6
"0604 Kongsberg (-2019)"	"Småhus"	"2013K1"	22327	13
"0604 Kongsberg (-2019)"	"Småhus"	"2013K2"	24108	12
"0604 Kongsberg (-2019)"	"Småhus"	"2013K3"	22877	14
"0604 Kongsberg (-2019)"	"Småhus"	"2013K4"	..	9
"0604 Kongsberg (-2019)"	"Småhus"	"2014K1"	23278	15
"0604 Kongsberg (-2019)"	"Småhus"	"2014K2"	23827	13
"0604 Kongsberg (-2019)"	"Småhus"	"2014K3"	20691	15
"0604 Kongsberg (-2019)"	"Småhus"	"2014K4"	24274	13
"0604 Kongsberg (-2019)"	"Småhus"	"2015K1"	24139	16
"0604 Kongsberg (-2019)"	"Småhus"	"2015K2"	23898	15
"0604 Kongsberg (-2019)"	"Småhus"	"2015K3"	24292	13
"0604 Kongsberg (-2019)"	"Småhus"	"2015K4"	23229	12
"0604 Kongsberg (-2019)"	"Småhus"	"2016K1"	21651	15
"0604 Kongsberg (-2019)"	"Småhus"	"2016K2"	23351	18
"0604 Kongsberg (-2019)"	"Småhus"	"2016K3"	22363	10
"0604 Kongsberg (-2019)"	"Småhus"	"2016K4"	24480	11
"0604 Kongsberg (-2019)"	"Småhus"	"2017K1"	25507	20
"0604 Kongsberg (-2019)"	"Småhus"	"2017K2"	22862	17
"0604 Kongsberg (-2019)"	"Småhus"	"2017K3"	..	9
"0604 Kongsberg (-2019)"	"Småhus"	"2017K4"	24884	17
"0604 Kongsberg (-2019)"	"Småhus"	"2018K1"	..	6
"0604 Kongsberg (-2019)"	"Småhus"	"2018K2"	25097	16
"0604 Kongsberg (-2019)"	"Småhus"	"2018K3"	23129	14
"0604 Kongsberg (-2019)"	"Småhus"	"2018K4"	26776	13
"0604 Kongsberg (-2019)"	"Småhus"	"2019K1"	27055	13
"0604 Kongsberg (-2019)"	"Småhus"	"2019K2"	26712	20
"0604 Kongsberg (-2019)"	"Småhus"	"2019K3"	27027	16
"0604 Kongsberg (-2019)"	"Småhus"	"2019K4"	26033	13
"0604 Kongsberg (-2019)"	"Småhus"	"2020K1"	.	.
"0604 Kongsberg (-2019)"	"Småhus"	"2020K2"	.	.
"0604 Kongsberg (-2019)"	"Småhus"	"2020K3"	.	.
"0604 Kongsberg (-2019)"	"Småhus"	"2020K4"	.	.
"0604 Kongsberg (-2019)"	"Småhus"	"2021K1"	.	.
"0604 Kongsberg (-2019)"	"Småhus"	"2021K2"	.	.
"0604 Kongsberg (-2019)"	"Småhus"	"2021K3"	.	.
"0604 Kongsberg (-2019)"	"Småhus"	"2021K4"	.	.
"0604 Kongsberg (-2019)"	"Småhus"	"2022K1"	.	.
"0604 Kongsberg (-2019)"	"Småhus"	"2022K2"	.	.
"0604 Kongsberg (-2019)"	"Småhus"	"2022K3"	.	.
"0604 Kongsberg (-2019)"	"Småhus"	"2022K4"	.	.
"0604 Kongsberg (-2019)"	"Småhus"	"2023K1"	.	.
"0604 Kongsberg (-2019)"	"Småhus"	"2023K2"	.	.
"0604 Kongsberg (-2019)"	"Småhus"	"2023K3"	.	.
"0604 Kongsberg (-2019)"	"Blokkleiligheter"	"2006K1"	..	6
"0604 Kongsberg (-2019)"	"Blokkleiligheter"	"2006K2"	..	6
"0604 Kongsberg (-2019)"	"Blokkleiligheter"	"2006K3"	..	9
"0604 Kongsberg (-2019)"	"Blokkleiligheter"	"2006K4"	19519	16
"0604 Kongsberg (-2019)"	"Blokkleiligheter"	"2007K1"	22921	19
"0604 Kongsberg (-2019)"	"Blokkleiligheter"	"2007K2"	23096	26
"0604 Kongsberg (-2019)"	"Blokkleiligheter"	"2007K3"	20271	25
"0604 Kongsberg (-2019)"	"Blokkleiligheter"	"2007K4"	21857	17
"0604 Kongsberg (-2019)"	"Blokkleiligheter"	"2008K1"	21597	17
"0604 Kongsberg (-2019)"	"Blokkleiligheter"	"2008K2"	24665	23
"0604 Kongsberg (-2019)"	"Blokkleiligheter"	"2008K3"	23890	22
"0604 Kongsberg (-2019)"	"Blokkleiligheter"	"2008K4"	23738	11
"0604 Kongsberg (-2019)"	"Blokkleiligheter"	"2009K1"	24327	23
"0604 Kongsberg (-2019)"	"Blokkleiligheter"	"2009K2"	24429	22
"0604 Kongsberg (-2019)"	"Blokkleiligheter"	"2009K3"	24895	17
"0604 Kongsberg (-2019)"	"Blokkleiligheter"	"2009K4"	22822	21
"0604 Kongsberg (-2019)"	"Blokkleiligheter"	"2010K1"	25141	19
"0604 Kongsberg (-2019)"	"Blokkleiligheter"	"2010K2"	27136	23
"0604 Kongsberg (-2019)"	"Blokkleiligheter"	"2010K3"	24495	22
"0604 Kongsberg (-2019)"	"Blokkleiligheter"	"2010K4"	25034	12
"0604 Kongsberg (-2019)"	"Blokkleiligheter"	"2011K1"	24164	14
"0604 Kongsberg (-2019)"	"Blokkleiligheter"	"2011K2"	25805	20
"0604 Kongsberg (-2019)"	"Blokkleiligheter"	"2011K3"	27402	22
"0604 Kongsberg (-2019)"	"Blokkleiligheter"	"2011K4"	29460	11
"0604 Kongsberg (-2019)"	"Blokkleiligheter"	"2012K1"	26987	21
"0604 Kongsberg (-2019)"	"Blokkleiligheter"	"2012K2"	29916	19
"0604 Kongsberg (-2019)"	"Blokkleiligheter"	"2012K3"	30430	17
"0604 Kongsberg (-2019)"	"Blokkleiligheter"	"2012K4"	30694	10
"0604 Kongsberg (-2019)"	"Blokkleiligheter"	"2013K1"	28029	26
"0604 Kongsberg (-2019)"	"Blokkleiligheter"	"2013K2"	29526	33
"0604 Kongsberg (-2019)"	"Blokkleiligheter"	"2013K3"	29553	24
"0604 Kongsberg (-2019)"	"Blokkleiligheter"	"2013K4"	29237	25
"0604 Kongsberg (-2019)"	"Blokkleiligheter"	"2014K1"	29544	20
"0604 Kongsberg (-2019)"	"Blokkleiligheter"	"2014K2"	31781	17
"0604 Kongsberg (-2019)"	"Blokkleiligheter"	"2014K3"	31457	22
"0604 Kongsberg (-2019)"	"Blokkleiligheter"	"2014K4"	29946	14
"0604 Kongsberg (-2019)"	"Blokkleiligheter"	"2015K1"	29940	21
"0604 Kongsberg (-2019)"	"Blokkleiligheter"	"2015K2"	30899	25
"0604 Kongsberg (-2019)"	"Blokkleiligheter"	"2015K3"	33402	23
"0604 Kongsberg (-2019)"	"Blokkleiligheter"	"2015K4"	32189	16
"0604 Kongsberg (-2019)"	"Blokkleiligheter"	"2016K1"	29004	27
"0604 Kongsberg (-2019)"	"Blokkleiligheter"	"2016K2"	31372	28
"0604 Kongsberg (-2019)"	"Blokkleiligheter"	"2016K3"	31583	30
"0604 Kongsberg (-2019)"	"Blokkleiligheter"	"2016K4"	29254	19
"0604 Kongsberg (-2019)"	"Blokkleiligheter"	"2017K1"	32812	31
"0604 Kongsberg (-2019)"	"Blokkleiligheter"	"2017K2"	36179	32
"0604 Kongsberg (-2019)"	"Blokkleiligheter"	"2017K3"	32912	28
"0604 Kongsberg (-2019)"	"Blokkleiligheter"	"2017K4"	31006	17
"0604 Kongsberg (-2019)"	"Blokkleiligheter"	"2018K1"	36640	15
"0604 Kongsberg (-2019)"	"Blokkleiligheter"	"2018K2"	34578	25
"0604 Kongsberg (-2019)"	"Blokkleiligheter"	"2018K3"	36077	27
"0604 Kongsberg (-2019)"	"Blokkleiligheter"	"2018K4"	34296	30
"0604 Kongsberg (-2019)"	"Blokkleiligheter"	"2019K1"	34513	27
"0604 Kongsberg (-2019)"	"Blokkleiligheter"	"2019K2"	36462	31
"0604 Kongsberg (-2019)"	"Blokkleiligheter"	"2019K3"	35135	29
"0604 Kongsberg (-2019)"	"Blokkleiligheter"	"2019K4"	35695	21
"0604 Kongsberg (-2019)"	"Blokkleiligheter"	"2020K1"	.	.
"0604 Kongsberg (-2019)"	"Blokkleiligheter"	"2020K2"	.	.
"0604 Kongsberg (-2019)"	"Blokkleiligheter"	"2020K3"	.	.
"0604 Kongsberg (-2019)"	"Blokkleiligheter"	"2020K4"	.	.
"0604 Kongsberg (-2019)"	"Blokkleiligheter"	"2021K1"	.	.
"0604 Kongsberg (-2019)"	"Blokkleiligheter"	"2021K2"	.	.
"0604 Kongsberg (-2019)"	"Blokkleiligheter"	"2021K3"	.	.
"0604 Kongsberg (-2019)"	"Blokkleiligheter"	"2021K4"	.	.
"0604 Kongsberg (-2019)"	"Blokkleiligheter"	"2022K1"	.	.
"0604 Kongsberg (-2019)"	"Blokkleiligheter"	"2022K2"	.	.
"0604 Kongsberg (-2019)"	"Blokkleiligheter"	"2022K3"	.	.
"0604 Kongsberg (-2019)"	"Blokkleiligheter"	"2022K4"	.	.
"0604 Kongsberg (-2019)"	"Blokkleiligheter"	"2023K1"	.	.
"0604 Kongsberg (-2019)"	"Blokkleiligheter"	"2023K2"	.	.
"0604 Kongsberg (-2019)"	"Blokkleiligheter"	"2023K3"	.	.
"0701 Horten (2002-2019)"	"Eneboliger"	"2006K1"	13418	27
"0701 Horten (2002-2019)"	"Eneboliger"	"2006K2"	15413	53
"0701 Horten (2002-2019)"	"Eneboliger"	"2006K3"	14521	47
"0701 Horten (2002-2019)"	"Eneboliger"	"2006K4"	15115	44
"0701 Horten (2002-2019)"	"Eneboliger"	"2007K1"	13394	34
"0701 Horten (2002-2019)"	"Eneboliger"	"2007K2"	16704	65
"0701 Horten (2002-2019)"	"Eneboliger"	"2007K3"	16894	49
"0701 Horten (2002-2019)"	"Eneboliger"	"2007K4"	15954	46
"0701 Horten (2002-2019)"	"Eneboliger"	"2008K1"	15028	25
"0701 Horten (2002-2019)"	"Eneboliger"	"2008K2"	16171	65
"0701 Horten (2002-2019)"	"Eneboliger"	"2008K3"	14918	49
"0701 Horten (2002-2019)"	"Eneboliger"	"2008K4"	14798	26
"0701 Horten (2002-2019)"	"Eneboliger"	"2009K1"	16014	24
"0701 Horten (2002-2019)"	"Eneboliger"	"2009K2"	17565	48
"0701 Horten (2002-2019)"	"Eneboliger"	"2009K3"	16338	54
"0701 Horten (2002-2019)"	"Eneboliger"	"2009K4"	16332	42
"0701 Horten (2002-2019)"	"Eneboliger"	"2010K1"	16291	35
"0701 Horten (2002-2019)"	"Eneboliger"	"2010K2"	17985	62
"0701 Horten (2002-2019)"	"Eneboliger"	"2010K3"	15713	48
"0701 Horten (2002-2019)"	"Eneboliger"	"2010K4"	17545	54
"0701 Horten (2002-2019)"	"Eneboliger"	"2011K1"	17826	46
"0701 Horten (2002-2019)"	"Eneboliger"	"2011K2"	18086	71
"0701 Horten (2002-2019)"	"Eneboliger"	"2011K3"	18231	52
"0701 Horten (2002-2019)"	"Eneboliger"	"2011K4"	16887	42
"0701 Horten (2002-2019)"	"Eneboliger"	"2012K1"	17613	36
"0701 Horten (2002-2019)"	"Eneboliger"	"2012K2"	20139	63
"0701 Horten (2002-2019)"	"Eneboliger"	"2012K3"	18986	58
"0701 Horten (2002-2019)"	"Eneboliger"	"2012K4"	18107	40
"0701 Horten (2002-2019)"	"Eneboliger"	"2013K1"	19229	33
"0701 Horten (2002-2019)"	"Eneboliger"	"2013K2"	19995	65
"0701 Horten (2002-2019)"	"Eneboliger"	"2013K3"	19843	49
"0701 Horten (2002-2019)"	"Eneboliger"	"2013K4"	18613	43
"0701 Horten (2002-2019)"	"Eneboliger"	"2014K1"	19703	39
"0701 Horten (2002-2019)"	"Eneboliger"	"2014K2"	20104	61
"0701 Horten (2002-2019)"	"Eneboliger"	"2014K3"	20634	41
"0701 Horten (2002-2019)"	"Eneboliger"	"2014K4"	19440	44
"0701 Horten (2002-2019)"	"Eneboliger"	"2015K1"	20666	40
"0701 Horten (2002-2019)"	"Eneboliger"	"2015K2"	20942	78
"0701 Horten (2002-2019)"	"Eneboliger"	"2015K3"	21125	39
"0701 Horten (2002-2019)"	"Eneboliger"	"2015K4"	22322	48
"0701 Horten (2002-2019)"	"Eneboliger"	"2016K1"	22641	29
"0701 Horten (2002-2019)"	"Eneboliger"	"2016K2"	22596	69
"0701 Horten (2002-2019)"	"Eneboliger"	"2016K3"	22636	40
"0701 Horten (2002-2019)"	"Eneboliger"	"2016K4"	22873	36
"0701 Horten (2002-2019)"	"Eneboliger"	"2017K1"	24029	38
"0701 Horten (2002-2019)"	"Eneboliger"	"2017K2"	26380	59
"0701 Horten (2002-2019)"	"Eneboliger"	"2017K3"	23829	34
"0701 Horten (2002-2019)"	"Eneboliger"	"2017K4"	21944	23
"0701 Horten (2002-2019)"	"Eneboliger"	"2018K1"	25460	16
"0701 Horten (2002-2019)"	"Eneboliger"	"2018K2"	24556	70
"0701 Horten (2002-2019)"	"Eneboliger"	"2018K3"	25991	54
"0701 Horten (2002-2019)"	"Eneboliger"	"2018K4"	24035	35
"0701 Horten (2002-2019)"	"Eneboliger"	"2019K1"	24054	30
"0701 Horten (2002-2019)"	"Eneboliger"	"2019K2"	24976	56
"0701 Horten (2002-2019)"	"Eneboliger"	"2019K3"	26711	51
"0701 Horten (2002-2019)"	"Eneboliger"	"2019K4"	24087	41
"0701 Horten (2002-2019)"	"Eneboliger"	"2020K1"	.	.
"0701 Horten (2002-2019)"	"Eneboliger"	"2020K2"	.	.
"0701 Horten (2002-2019)"	"Eneboliger"	"2020K3"	.	.
"0701 Horten (2002-2019)"	"Eneboliger"	"2020K4"	.	.
"0701 Horten (2002-2019)"	"Eneboliger"	"2021K1"	.	.
"0701 Horten (2002-2019)"	"Eneboliger"	"2021K2"	.	.
"0701 Horten (2002-2019)"	"Eneboliger"	"2021K3"	.	.
"0701 Horten (2002-2019)"	"Eneboliger"	"2021K4"	.	.
"0701 Horten (2002-2019)"	"Eneboliger"	"2022K1"	.	.
"0701 Horten (2002-2019)"	"Eneboliger"	"2022K2"	.	.
"0701 Horten (2002-2019)"	"Eneboliger"	"2022K3"	.	.
"0701 Horten (2002-2019)"	"Eneboliger"	"2022K4"	.	.
"0701 Horten (2002-2019)"	"Eneboliger"	"2023K1"	.	.
"0701 Horten (2002-2019)"	"Eneboliger"	"2023K2"	.	.
"0701 Horten (2002-2019)"	"Eneboliger"	"2023K3"	.	.
"0701 Horten (2002-2019)"	"Småhus"	"2006K1"	..	6
"0701 Horten (2002-2019)"	"Småhus"	"2006K2"	14288	17
"0701 Horten (2002-2019)"	"Småhus"	"2006K3"	14326	15
"0701 Horten (2002-2019)"	"Småhus"	"2006K4"	..	8
"0701 Horten (2002-2019)"	"Småhus"	"2007K1"	14254	15
"0701 Horten (2002-2019)"	"Småhus"	"2007K2"	16852	20
"0701 Horten (2002-2019)"	"Småhus"	"2007K3"	15050	23
"0701 Horten (2002-2019)"	"Småhus"	"2007K4"	17266	16
"0701 Horten (2002-2019)"	"Småhus"	"2008K1"	15675	10
"0701 Horten (2002-2019)"	"Småhus"	"2008K2"	16352	17
"0701 Horten (2002-2019)"	"Småhus"	"2008K3"	..	7
"0701 Horten (2002-2019)"	"Småhus"	"2008K4"	..	9
"0701 Horten (2002-2019)"	"Småhus"	"2009K1"	..	5
"0701 Horten (2002-2019)"	"Småhus"	"2009K2"	17042	14
"0701 Horten (2002-2019)"	"Småhus"	"2009K3"	..	7
"0701 Horten (2002-2019)"	"Småhus"	"2009K4"	16602	10
"0701 Horten (2002-2019)"	"Småhus"	"2010K1"	..	5
"0701 Horten (2002-2019)"	"Småhus"	"2010K2"	16168	17
"0701 Horten (2002-2019)"	"Småhus"	"2010K3"	15398	13
"0701 Horten (2002-2019)"	"Småhus"	"2010K4"	..	7
"0701 Horten (2002-2019)"	"Småhus"	"2011K1"	15429	11
"0701 Horten (2002-2019)"	"Småhus"	"2011K2"	17290	15
"0701 Horten (2002-2019)"	"Småhus"	"2011K3"	16728	10
"0701 Horten (2002-2019)"	"Småhus"	"2011K4"	..	9
"0701 Horten (2002-2019)"	"Småhus"	"2012K1"	17388	12
"0701 Horten (2002-2019)"	"Småhus"	"2012K2"	18751	14
"0701 Horten (2002-2019)"	"Småhus"	"2012K3"	..	7
"0701 Horten (2002-2019)"	"Småhus"	"2012K4"	..	8
"0701 Horten (2002-2019)"	"Småhus"	"2013K1"	..	6
"0701 Horten (2002-2019)"	"Småhus"	"2013K2"	21671	12
"0701 Horten (2002-2019)"	"Småhus"	"2013K3"	18575	11
"0701 Horten (2002-2019)"	"Småhus"	"2013K4"	..	4
"0701 Horten (2002-2019)"	"Småhus"	"2014K1"	..	5
"0701 Horten (2002-2019)"	"Småhus"	"2014K2"	..	9
"0701 Horten (2002-2019)"	"Småhus"	"2014K3"	21033	14
"0701 Horten (2002-2019)"	"Småhus"	"2014K4"	18447	10
"0701 Horten (2002-2019)"	"Småhus"	"2015K1"	..	7
"0701 Horten (2002-2019)"	"Småhus"	"2015K2"	21865	11
"0701 Horten (2002-2019)"	"Småhus"	"2015K3"	..	4
"0701 Horten (2002-2019)"	"Småhus"	"2015K4"	..	8
"0701 Horten (2002-2019)"	"Småhus"	"2016K1"	..	4
"0701 Horten (2002-2019)"	"Småhus"	"2016K2"	20583	13
"0701 Horten (2002-2019)"	"Småhus"	"2016K3"	..	9
"0701 Horten (2002-2019)"	"Småhus"	"2016K4"	..	9
"0701 Horten (2002-2019)"	"Småhus"	"2017K1"	..	9
"0701 Horten (2002-2019)"	"Småhus"	"2017K2"	24700	12
"0701 Horten (2002-2019)"	"Småhus"	"2017K3"	24157	11
"0701 Horten (2002-2019)"	"Småhus"	"2017K4"	..	6
"0701 Horten (2002-2019)"	"Småhus"	"2018K1"	..	7
"0701 Horten (2002-2019)"	"Småhus"	"2018K2"	..	9
"0701 Horten (2002-2019)"	"Småhus"	"2018K3"	24523	12
"0701 Horten (2002-2019)"	"Småhus"	"2018K4"	24131	14
"0701 Horten (2002-2019)"	"Småhus"	"2019K1"	..	9
"0701 Horten (2002-2019)"	"Småhus"	"2019K2"	22863	13
"0701 Horten (2002-2019)"	"Småhus"	"2019K3"	25524	13
"0701 Horten (2002-2019)"	"Småhus"	"2019K4"	..	5
"0701 Horten (2002-2019)"	"Småhus"	"2020K1"	.	.
"0701 Horten (2002-2019)"	"Småhus"	"2020K2"	.	.
"0701 Horten (2002-2019)"	"Småhus"	"2020K3"	.	.
"0701 Horten (2002-2019)"	"Småhus"	"2020K4"	.	.
"0701 Horten (2002-2019)"	"Småhus"	"2021K1"	.	.
"0701 Horten (2002-2019)"	"Småhus"	"2021K2"	.	.
"0701 Horten (2002-2019)"	"Småhus"	"2021K3"	.	.
"0701 Horten (2002-2019)"	"Småhus"	"2021K4"	.	.
"0701 Horten (2002-2019)"	"Småhus"	"2022K1"	.	.
"0701 Horten (2002-2019)"	"Småhus"	"2022K2"	.	.
"0701 Horten (2002-2019)"	"Småhus"	"2022K3"	.	.
"0701 Horten (2002-2019)"	"Småhus"	"2022K4"	.	.
"0701 Horten (2002-2019)"	"Småhus"	"2023K1"	.	.
"0701 Horten (2002-2019)"	"Småhus"	"2023K2"	.	.
"0701 Horten (2002-2019)"	"Småhus"	"2023K3"	.	.
"0701 Horten (2002-2019)"	"Blokkleiligheter"	"2006K1"	16290	14
"0701 Horten (2002-2019)"	"Blokkleiligheter"	"2006K2"	20516	16
"0701 Horten (2002-2019)"	"Blokkleiligheter"	"2006K3"	18235	12
"0701 Horten (2002-2019)"	"Blokkleiligheter"	"2006K4"	18917	11
"0701 Horten (2002-2019)"	"Blokkleiligheter"	"2007K1"	19840	15
"0701 Horten (2002-2019)"	"Blokkleiligheter"	"2007K2"	21090	11
"0701 Horten (2002-2019)"	"Blokkleiligheter"	"2007K3"	21377	21
"0701 Horten (2002-2019)"	"Blokkleiligheter"	"2007K4"	18874	15
"0701 Horten (2002-2019)"	"Blokkleiligheter"	"2008K1"	19239	18
"0701 Horten (2002-2019)"	"Blokkleiligheter"	"2008K2"	20255	23
"0701 Horten (2002-2019)"	"Blokkleiligheter"	"2008K3"	18772	10
"0701 Horten (2002-2019)"	"Blokkleiligheter"	"2008K4"	19666	15
"0701 Horten (2002-2019)"	"Blokkleiligheter"	"2009K1"	20557	14
"0701 Horten (2002-2019)"	"Blokkleiligheter"	"2009K2"	20419	14
"0701 Horten (2002-2019)"	"Blokkleiligheter"	"2009K3"	20557	17
"0701 Horten (2002-2019)"	"Blokkleiligheter"	"2009K4"	19939	20
"0701 Horten (2002-2019)"	"Blokkleiligheter"	"2010K1"	20361	11
"0701 Horten (2002-2019)"	"Blokkleiligheter"	"2010K2"	21083	13
"0701 Horten (2002-2019)"	"Blokkleiligheter"	"2010K3"	25758	16
"0701 Horten (2002-2019)"	"Blokkleiligheter"	"2010K4"	31277	14
"0701 Horten (2002-2019)"	"Blokkleiligheter"	"2011K1"	22480	11
"0701 Horten (2002-2019)"	"Blokkleiligheter"	"2011K2"	21218	18
"0701 Horten (2002-2019)"	"Blokkleiligheter"	"2011K3"	22181	15
"0701 Horten (2002-2019)"	"Blokkleiligheter"	"2011K4"	22288	14
"0701 Horten (2002-2019)"	"Blokkleiligheter"	"2012K1"	20238	19
"0701 Horten (2002-2019)"	"Blokkleiligheter"	"2012K2"	30151	13
"0701 Horten (2002-2019)"	"Blokkleiligheter"	"2012K3"	25655	17
"0701 Horten (2002-2019)"	"Blokkleiligheter"	"2012K4"	24466	10
"0701 Horten (2002-2019)"	"Blokkleiligheter"	"2013K1"	25108	14
"0701 Horten (2002-2019)"	"Blokkleiligheter"	"2013K2"	24599	22
"0701 Horten (2002-2019)"	"Blokkleiligheter"	"2013K3"	..	9
"0701 Horten (2002-2019)"	"Blokkleiligheter"	"2013K4"	25399	14
"0701 Horten (2002-2019)"	"Blokkleiligheter"	"2014K1"	25743	17
"0701 Horten (2002-2019)"	"Blokkleiligheter"	"2014K2"	26576	18
"0701 Horten (2002-2019)"	"Blokkleiligheter"	"2014K3"	29666	25
"0701 Horten (2002-2019)"	"Blokkleiligheter"	"2014K4"	26347	16
"0701 Horten (2002-2019)"	"Blokkleiligheter"	"2015K1"	24918	21
"0701 Horten (2002-2019)"	"Blokkleiligheter"	"2015K2"	28733	26
"0701 Horten (2002-2019)"	"Blokkleiligheter"	"2015K3"	28609	24
"0701 Horten (2002-2019)"	"Blokkleiligheter"	"2015K4"	25839	16
"0701 Horten (2002-2019)"	"Blokkleiligheter"	"2016K1"	31617	17
"0701 Horten (2002-2019)"	"Blokkleiligheter"	"2016K2"	29037	23
"0701 Horten (2002-2019)"	"Blokkleiligheter"	"2016K3"	31175	20
"0701 Horten (2002-2019)"	"Blokkleiligheter"	"2016K4"	..	9
"0701 Horten (2002-2019)"	"Blokkleiligheter"	"2017K1"	33892	18
"0701 Horten (2002-2019)"	"Blokkleiligheter"	"2017K2"	33027	21
"0701 Horten (2002-2019)"	"Blokkleiligheter"	"2017K3"	34633	13
"0701 Horten (2002-2019)"	"Blokkleiligheter"	"2017K4"	35194	13
"0701 Horten (2002-2019)"	"Blokkleiligheter"	"2018K1"	32836	13
"0701 Horten (2002-2019)"	"Blokkleiligheter"	"2018K2"	35573	24
"0701 Horten (2002-2019)"	"Blokkleiligheter"	"2018K3"	34740	22
"0701 Horten (2002-2019)"	"Blokkleiligheter"	"2018K4"	35427	13
"0701 Horten (2002-2019)"	"Blokkleiligheter"	"2019K1"	36498	17
"0701 Horten (2002-2019)"	"Blokkleiligheter"	"2019K2"	33891	20
"0701 Horten (2002-2019)"	"Blokkleiligheter"	"2019K3"	35702	21
"0701 Horten (2002-2019)"	"Blokkleiligheter"	"2019K4"	35082	20
"0701 Horten (2002-2019)"	"Blokkleiligheter"	"2020K1"	.	.
"0701 Horten (2002-2019)"	"Blokkleiligheter"	"2020K2"	.	.
"0701 Horten (2002-2019)"	"Blokkleiligheter"	"2020K3"	.	.
"0701 Horten (2002-2019)"	"Blokkleiligheter"	"2020K4"	.	.
"0701 Horten (2002-2019)"	"Blokkleiligheter"	"2021K1"	.	.
"0701 Horten (2002-2019)"	"Blokkleiligheter"	"2021K2"	.	.
"0701 Horten (2002-2019)"	"Blokkleiligheter"	"2021K3"	.	.
"0701 Horten (2002-2019)"	"Blokkleiligheter"	"2021K4"	.	.
"0701 Horten (2002-2019)"	"Blokkleiligheter"	"2022K1"	.	.
"0701 Horten (2002-2019)"	"Blokkleiligheter"	"2022K2"	.	.
"0701 Horten (2002-2019)"	"Blokkleiligheter"	"2022K3"	.	.
"0701 Horten (2002-2019)"	"Blokkleiligheter"	"2022K4"	.	.
"0701 Horten (2002-2019)"	"Blokkleiligheter"	"2023K1"	.	.
"0701 Horten (2002-2019)"	"Blokkleiligheter"	"2023K2"	.	.
"0701 Horten (2002-2019)"	"Blokkleiligheter"	"2023K3"	.	.
"0704 Tønsberg (1988-2019)"	"Eneboliger"	"2006K1"	16644	49
"0704 Tønsberg (1988-2019)"	"Eneboliger"	"2006K2"	17144	91
"0704 Tønsberg (1988-2019)"	"Eneboliger"	"2006K3"	16316	70
"0704 Tønsberg (1988-2019)"	"Eneboliger"	"2006K4"	16089	46
"0704 Tønsberg (1988-2019)"	"Eneboliger"	"2007K1"	18330	38
"0704 Tønsberg (1988-2019)"	"Eneboliger"	"2007K2"	19699	77
"0704 Tønsberg (1988-2019)"	"Eneboliger"	"2007K3"	19014	61
"0704 Tønsberg (1988-2019)"	"Eneboliger"	"2007K4"	18897	58
"0704 Tønsberg (1988-2019)"	"Eneboliger"	"2008K1"	19333	57
"0704 Tønsberg (1988-2019)"	"Eneboliger"	"2008K2"	19609	104
"0704 Tønsberg (1988-2019)"	"Eneboliger"	"2008K3"	18945	49
"0704 Tønsberg (1988-2019)"	"Eneboliger"	"2008K4"	17110	30
"0704 Tønsberg (1988-2019)"	"Eneboliger"	"2009K1"	18238	54
"0704 Tønsberg (1988-2019)"	"Eneboliger"	"2009K2"	19926	103
"0704 Tønsberg (1988-2019)"	"Eneboliger"	"2009K3"	20416	106
"0704 Tønsberg (1988-2019)"	"Eneboliger"	"2009K4"	18668	76
"0704 Tønsberg (1988-2019)"	"Eneboliger"	"2010K1"	19362	61
"0704 Tønsberg (1988-2019)"	"Eneboliger"	"2010K2"	20887	116
"0704 Tønsberg (1988-2019)"	"Eneboliger"	"2010K3"	20055	95
"0704 Tønsberg (1988-2019)"	"Eneboliger"	"2010K4"	20123	75
"0704 Tønsberg (1988-2019)"	"Eneboliger"	"2011K1"	22220	68
"0704 Tønsberg (1988-2019)"	"Eneboliger"	"2011K2"	21000	112
"0704 Tønsberg (1988-2019)"	"Eneboliger"	"2011K3"	21468	90
"0704 Tønsberg (1988-2019)"	"Eneboliger"	"2011K4"	20675	58
"0704 Tønsberg (1988-2019)"	"Eneboliger"	"2012K1"	22191	69
"0704 Tønsberg (1988-2019)"	"Eneboliger"	"2012K2"	22664	120
"0704 Tønsberg (1988-2019)"	"Eneboliger"	"2012K3"	21234	81
"0704 Tønsberg (1988-2019)"	"Eneboliger"	"2012K4"	22096	46
"0704 Tønsberg (1988-2019)"	"Eneboliger"	"2013K1"	22770	66
"0704 Tønsberg (1988-2019)"	"Eneboliger"	"2013K2"	23146	77
"0704 Tønsberg (1988-2019)"	"Eneboliger"	"2013K3"	24012	66
"0704 Tønsberg (1988-2019)"	"Eneboliger"	"2013K4"	22170	52
"0704 Tønsberg (1988-2019)"	"Eneboliger"	"2014K1"	23430	69
"0704 Tønsberg (1988-2019)"	"Eneboliger"	"2014K2"	23290	111
"0704 Tønsberg (1988-2019)"	"Eneboliger"	"2014K3"	23949	78
"0704 Tønsberg (1988-2019)"	"Eneboliger"	"2014K4"	23562	66
"0704 Tønsberg (1988-2019)"	"Eneboliger"	"2015K1"	24103	77
"0704 Tønsberg (1988-2019)"	"Eneboliger"	"2015K2"	26313	92
"0704 Tønsberg (1988-2019)"	"Eneboliger"	"2015K3"	27087	64
"0704 Tønsberg (1988-2019)"	"Eneboliger"	"2015K4"	24782	54
"0704 Tønsberg (1988-2019)"	"Eneboliger"	"2016K1"	23660	62
"0704 Tønsberg (1988-2019)"	"Eneboliger"	"2016K2"	26176	105
"0704 Tønsberg (1988-2019)"	"Eneboliger"	"2016K3"	27605	71
"0704 Tønsberg (1988-2019)"	"Eneboliger"	"2016K4"	27333	41
"0704 Tønsberg (1988-2019)"	"Eneboliger"	"2017K1"	28627	65
"0704 Tønsberg (1988-2019)"	"Eneboliger"	"2017K2"	28366	110
"0704 Tønsberg (1988-2019)"	"Eneboliger"	"2017K3"	28354	74
"0704 Tønsberg (1988-2019)"	"Eneboliger"	"2017K4"	29316	49
"0704 Tønsberg (1988-2019)"	"Eneboliger"	"2018K1"	27043	56
"0704 Tønsberg (1988-2019)"	"Eneboliger"	"2018K2"	27232	119
"0704 Tønsberg (1988-2019)"	"Eneboliger"	"2018K3"	29415	93
"0704 Tønsberg (1988-2019)"	"Eneboliger"	"2018K4"	29014	72
"0704 Tønsberg (1988-2019)"	"Eneboliger"	"2019K1"	30779	62
"0704 Tønsberg (1988-2019)"	"Eneboliger"	"2019K2"	30629	118
"0704 Tønsberg (1988-2019)"	"Eneboliger"	"2019K3"	29918	81
"0704 Tønsberg (1988-2019)"	"Eneboliger"	"2019K4"	31674	69
"0704 Tønsberg (1988-2019)"	"Eneboliger"	"2020K1"	.	.
"0704 Tønsberg (1988-2019)"	"Eneboliger"	"2020K2"	.	.
"0704 Tønsberg (1988-2019)"	"Eneboliger"	"2020K3"	.	.
"0704 Tønsberg (1988-2019)"	"Eneboliger"	"2020K4"	.	.
"0704 Tønsberg (1988-2019)"	"Eneboliger"	"2021K1"	.	.
"0704 Tønsberg (1988-2019)"	"Eneboliger"	"2021K2"	.	.
"0704 Tønsberg (1988-2019)"	"Eneboliger"	"2021K3"	.	.
"0704 Tønsberg (1988-2019)"	"Eneboliger"	"2021K4"	.	.
"0704 Tønsberg (1988-2019)"	"Eneboliger"	"2022K1"	.	.
"0704 Tønsberg (1988-2019)"	"Eneboliger"	"2022K2"	.	.
"0704 Tønsberg (1988-2019)"	"Eneboliger"	"2022K3"	.	.
"0704 Tønsberg (1988-2019)"	"Eneboliger"	"2022K4"	.	.
"0704 Tønsberg (1988-2019)"	"Eneboliger"	"2023K1"	.	.
"0704 Tønsberg (1988-2019)"	"Eneboliger"	"2023K2"	.	.
"0704 Tønsberg (1988-2019)"	"Eneboliger"	"2023K3"	.	.
"0704 Tønsberg (1988-2019)"	"Småhus"	"2006K1"	..	9
"0704 Tønsberg (1988-2019)"	"Småhus"	"2006K2"	17575	12
"0704 Tønsberg (1988-2019)"	"Småhus"	"2006K3"	15669	16
"0704 Tønsberg (1988-2019)"	"Småhus"	"2006K4"	..	9
"0704 Tønsberg (1988-2019)"	"Småhus"	"2007K1"	17150	10
"0704 Tønsberg (1988-2019)"	"Småhus"	"2007K2"	16074	18
"0704 Tønsberg (1988-2019)"	"Småhus"	"2007K3"	18434	14
"0704 Tønsberg (1988-2019)"	"Småhus"	"2007K4"	16729	12
"0704 Tønsberg (1988-2019)"	"Småhus"	"2008K1"	16938	15
"0704 Tønsberg (1988-2019)"	"Småhus"	"2008K2"	18855	23
"0704 Tønsberg (1988-2019)"	"Småhus"	"2008K3"	16285	10
"0704 Tønsberg (1988-2019)"	"Småhus"	"2008K4"	..	9
"0704 Tønsberg (1988-2019)"	"Småhus"	"2009K1"	17357	10
"0704 Tønsberg (1988-2019)"	"Småhus"	"2009K2"	18462	17
"0704 Tønsberg (1988-2019)"	"Småhus"	"2009K3"	19406	14
"0704 Tønsberg (1988-2019)"	"Småhus"	"2009K4"	17918	16
"0704 Tønsberg (1988-2019)"	"Småhus"	"2010K1"	..	5
"0704 Tønsberg (1988-2019)"	"Småhus"	"2010K2"	20859	14
"0704 Tønsberg (1988-2019)"	"Småhus"	"2010K3"	21212	14
"0704 Tønsberg (1988-2019)"	"Småhus"	"2010K4"	16699	17
"0704 Tønsberg (1988-2019)"	"Småhus"	"2011K1"	21070	18
"0704 Tønsberg (1988-2019)"	"Småhus"	"2011K2"	20132	20
"0704 Tønsberg (1988-2019)"	"Småhus"	"2011K3"	21263	24
"0704 Tønsberg (1988-2019)"	"Småhus"	"2011K4"	20227	12
"0704 Tønsberg (1988-2019)"	"Småhus"	"2012K1"	21799	20
"0704 Tønsberg (1988-2019)"	"Småhus"	"2012K2"	23698	14
"0704 Tønsberg (1988-2019)"	"Småhus"	"2012K3"	21529	15
"0704 Tønsberg (1988-2019)"	"Småhus"	"2012K4"	21266	17
"0704 Tønsberg (1988-2019)"	"Småhus"	"2013K1"	22637	18
"0704 Tønsberg (1988-2019)"	"Småhus"	"2013K2"	23942	15
"0704 Tønsberg (1988-2019)"	"Småhus"	"2013K3"	24337	12
"0704 Tønsberg (1988-2019)"	"Småhus"	"2013K4"	24036	18
"0704 Tønsberg (1988-2019)"	"Småhus"	"2014K1"	22077	25
"0704 Tønsberg (1988-2019)"	"Småhus"	"2014K2"	22649	24
"0704 Tønsberg (1988-2019)"	"Småhus"	"2014K3"	26533	17
"0704 Tønsberg (1988-2019)"	"Småhus"	"2014K4"	24259	13
"0704 Tønsberg (1988-2019)"	"Småhus"	"2015K1"	25888	22
"0704 Tønsberg (1988-2019)"	"Småhus"	"2015K2"	24117	25
"0704 Tønsberg (1988-2019)"	"Småhus"	"2015K3"	27130	24
"0704 Tønsberg (1988-2019)"	"Småhus"	"2015K4"	28773	13
"0704 Tønsberg (1988-2019)"	"Småhus"	"2016K1"	25982	13
"0704 Tønsberg (1988-2019)"	"Småhus"	"2016K2"	27991	17
"0704 Tønsberg (1988-2019)"	"Småhus"	"2016K3"	27146	21
"0704 Tønsberg (1988-2019)"	"Småhus"	"2016K4"	28498	15
"0704 Tønsberg (1988-2019)"	"Småhus"	"2017K1"	29553	23
"0704 Tønsberg (1988-2019)"	"Småhus"	"2017K2"	29757	24
"0704 Tønsberg (1988-2019)"	"Småhus"	"2017K3"	27891	19
"0704 Tønsberg (1988-2019)"	"Småhus"	"2017K4"	30797	21
"0704 Tønsberg (1988-2019)"	"Småhus"	"2018K1"	29053	13
"0704 Tønsberg (1988-2019)"	"Småhus"	"2018K2"	27527	26
"0704 Tønsberg (1988-2019)"	"Småhus"	"2018K3"	31516	24
"0704 Tønsberg (1988-2019)"	"Småhus"	"2018K4"	30409	14
"0704 Tønsberg (1988-2019)"	"Småhus"	"2019K1"	30117	29
"0704 Tønsberg (1988-2019)"	"Småhus"	"2019K2"	31396	35
"0704 Tønsberg (1988-2019)"	"Småhus"	"2019K3"	31513	20
"0704 Tønsberg (1988-2019)"	"Småhus"	"2019K4"	31444	19
"0704 Tønsberg (1988-2019)"	"Småhus"	"2020K1"	.	.
"0704 Tønsberg (1988-2019)"	"Småhus"	"2020K2"	.	.
"0704 Tønsberg (1988-2019)"	"Småhus"	"2020K3"	.	.
"0704 Tønsberg (1988-2019)"	"Småhus"	"2020K4"	.	.
"0704 Tønsberg (1988-2019)"	"Småhus"	"2021K1"	.	.
"0704 Tønsberg (1988-2019)"	"Småhus"	"2021K2"	.	.
"0704 Tønsberg (1988-2019)"	"Småhus"	"2021K3"	.	.
"0704 Tønsberg (1988-2019)"	"Småhus"	"2021K4"	.	.
"0704 Tønsberg (1988-2019)"	"Småhus"	"2022K1"	.	.
"0704 Tønsberg (1988-2019)"	"Småhus"	"2022K2"	.	.
"0704 Tønsberg (1988-2019)"	"Småhus"	"2022K3"	.	.
"0704 Tønsberg (1988-2019)"	"Småhus"	"2022K4"	.	.
"0704 Tønsberg (1988-2019)"	"Småhus"	"2023K1"	.	.
"0704 Tønsberg (1988-2019)"	"Småhus"	"2023K2"	.	.
"0704 Tønsberg (1988-2019)"	"Småhus"	"2023K3"	.	.
"0704 Tønsberg (1988-2019)"	"Blokkleiligheter"	"2006K1"	21011	55
"0704 Tønsberg (1988-2019)"	"Blokkleiligheter"	"2006K2"	22386	59
"0704 Tønsberg (1988-2019)"	"Blokkleiligheter"	"2006K3"	22448	48
"0704 Tønsberg (1988-2019)"	"Blokkleiligheter"	"2006K4"	24574	39
"0704 Tønsberg (1988-2019)"	"Blokkleiligheter"	"2007K1"	23548	33
"0704 Tønsberg (1988-2019)"	"Blokkleiligheter"	"2007K2"	24098	52
"0704 Tønsberg (1988-2019)"	"Blokkleiligheter"	"2007K3"	24488	38
"0704 Tønsberg (1988-2019)"	"Blokkleiligheter"	"2007K4"	23159	57
"0704 Tønsberg (1988-2019)"	"Blokkleiligheter"	"2008K1"	25928	62
"0704 Tønsberg (1988-2019)"	"Blokkleiligheter"	"2008K2"	23748	73
"0704 Tønsberg (1988-2019)"	"Blokkleiligheter"	"2008K3"	22466	37
"0704 Tønsberg (1988-2019)"	"Blokkleiligheter"	"2008K4"	22736	25
"0704 Tønsberg (1988-2019)"	"Blokkleiligheter"	"2009K1"	24349	44
"0704 Tønsberg (1988-2019)"	"Blokkleiligheter"	"2009K2"	24503	55
"0704 Tønsberg (1988-2019)"	"Blokkleiligheter"	"2009K3"	24823	49
"0704 Tønsberg (1988-2019)"	"Blokkleiligheter"	"2009K4"	23941	50
"0704 Tønsberg (1988-2019)"	"Blokkleiligheter"	"2010K1"	24010	55
"0704 Tønsberg (1988-2019)"	"Blokkleiligheter"	"2010K2"	27011	85
"0704 Tønsberg (1988-2019)"	"Blokkleiligheter"	"2010K3"	26006	62
"0704 Tønsberg (1988-2019)"	"Blokkleiligheter"	"2010K4"	26528	46
"0704 Tønsberg (1988-2019)"	"Blokkleiligheter"	"2011K1"	24959	51
"0704 Tønsberg (1988-2019)"	"Blokkleiligheter"	"2011K2"	26245	58
"0704 Tønsberg (1988-2019)"	"Blokkleiligheter"	"2011K3"	27401	60
"0704 Tønsberg (1988-2019)"	"Blokkleiligheter"	"2011K4"	29323	28
"0704 Tønsberg (1988-2019)"	"Blokkleiligheter"	"2012K1"	27085	38
"0704 Tønsberg (1988-2019)"	"Blokkleiligheter"	"2012K2"	30096	55
"0704 Tønsberg (1988-2019)"	"Blokkleiligheter"	"2012K3"	30278	38
"0704 Tønsberg (1988-2019)"	"Blokkleiligheter"	"2012K4"	28916	60
"0704 Tønsberg (1988-2019)"	"Blokkleiligheter"	"2013K1"	28597	39
"0704 Tønsberg (1988-2019)"	"Blokkleiligheter"	"2013K2"	33077	57
"0704 Tønsberg (1988-2019)"	"Blokkleiligheter"	"2013K3"	31163	51
"0704 Tønsberg (1988-2019)"	"Blokkleiligheter"	"2013K4"	34236	34
"0704 Tønsberg (1988-2019)"	"Blokkleiligheter"	"2014K1"	33223	61
"0704 Tønsberg (1988-2019)"	"Blokkleiligheter"	"2014K2"	35290	68
"0704 Tønsberg (1988-2019)"	"Blokkleiligheter"	"2014K3"	32208	59
"0704 Tønsberg (1988-2019)"	"Blokkleiligheter"	"2014K4"	32713	48
"0704 Tønsberg (1988-2019)"	"Blokkleiligheter"	"2015K1"	33199	51
"0704 Tønsberg (1988-2019)"	"Blokkleiligheter"	"2015K2"	34287	58
"0704 Tønsberg (1988-2019)"	"Blokkleiligheter"	"2015K3"	37145	61
"0704 Tønsberg (1988-2019)"	"Blokkleiligheter"	"2015K4"	36271	47
"0704 Tønsberg (1988-2019)"	"Blokkleiligheter"	"2016K1"	38273	58
"0704 Tønsberg (1988-2019)"	"Blokkleiligheter"	"2016K2"	37181	92
"0704 Tønsberg (1988-2019)"	"Blokkleiligheter"	"2016K3"	40618	58
"0704 Tønsberg (1988-2019)"	"Blokkleiligheter"	"2016K4"	39007	38
"0704 Tønsberg (1988-2019)"	"Blokkleiligheter"	"2017K1"	35407	55
"0704 Tønsberg (1988-2019)"	"Blokkleiligheter"	"2017K2"	40597	82
"0704 Tønsberg (1988-2019)"	"Blokkleiligheter"	"2017K3"	41126	57
"0704 Tønsberg (1988-2019)"	"Blokkleiligheter"	"2017K4"	38500	45
"0704 Tønsberg (1988-2019)"	"Blokkleiligheter"	"2018K1"	39894	48
"0704 Tønsberg (1988-2019)"	"Blokkleiligheter"	"2018K2"	42385	75
"0704 Tønsberg (1988-2019)"	"Blokkleiligheter"	"2018K3"	45690	76
"0704 Tønsberg (1988-2019)"	"Blokkleiligheter"	"2018K4"	42225	55
"0704 Tønsberg (1988-2019)"	"Blokkleiligheter"	"2019K1"	43401	66
"0704 Tønsberg (1988-2019)"	"Blokkleiligheter"	"2019K2"	43071	79
"0704 Tønsberg (1988-2019)"	"Blokkleiligheter"	"2019K3"	45323	77
"0704 Tønsberg (1988-2019)"	"Blokkleiligheter"	"2019K4"	45220	60
"0704 Tønsberg (1988-2019)"	"Blokkleiligheter"	"2020K1"	.	.
"0704 Tønsberg (1988-2019)"	"Blokkleiligheter"	"2020K2"	.	.
"0704 Tønsberg (1988-2019)"	"Blokkleiligheter"	"2020K3"	.	.
"0704 Tønsberg (1988-2019)"	"Blokkleiligheter"	"2020K4"	.	.
"0704 Tønsberg (1988-2019)"	"Blokkleiligheter"	"2021K1"	.	.
"0704 Tønsberg (1988-2019)"	"Blokkleiligheter"	"2021K2"	.	.
"0704 Tønsberg (1988-2019)"	"Blokkleiligheter"	"2021K3"	.	.
"0704 Tønsberg (1988-2019)"	"Blokkleiligheter"	"2021K4"	.	.
"0704 Tønsberg (1988-2019)"	"Blokkleiligheter"	"2022K1"	.	.
"0704 Tønsberg (1988-2019)"	"Blokkleiligheter"	"2022K2"	.	.
"0704 Tønsberg (1988-2019)"	"Blokkleiligheter"	"2022K3"	.	.
"0704 Tønsberg (1988-2019)"	"Blokkleiligheter"	"2022K4"	.	.
"0704 Tønsberg (1988-2019)"	"Blokkleiligheter"	"2023K1"	.	.
"0704 Tønsberg (1988-2019)"	"Blokkleiligheter"	"2023K2"	.	.
"0704 Tønsberg (1988-2019)"	"Blokkleiligheter"	"2023K3"	.	.
"0706 Sandefjord (-2016)"	"Eneboliger"	"2006K1"	13336	28
"0706 Sandefjord (-2016)"	"Eneboliger"	"2006K2"	14540	42
"0706 Sandefjord (-2016)"	"Eneboliger"	"2006K3"	13782	51
"0706 Sandefjord (-2016)"	"Eneboliger"	"2006K4"	14937	30
"0706 Sandefjord (-2016)"	"Eneboliger"	"2007K1"	17521	42
"0706 Sandefjord (-2016)"	"Eneboliger"	"2007K2"	17407	50
"0706 Sandefjord (-2016)"	"Eneboliger"	"2007K3"	18465	53
"0706 Sandefjord (-2016)"	"Eneboliger"	"2007K4"	16257	60
"0706 Sandefjord (-2016)"	"Eneboliger"	"2008K1"	17564	70
"0706 Sandefjord (-2016)"	"Eneboliger"	"2008K2"	16715	104
"0706 Sandefjord (-2016)"	"Eneboliger"	"2008K3"	16238	77
"0706 Sandefjord (-2016)"	"Eneboliger"	"2008K4"	15253	35
"0706 Sandefjord (-2016)"	"Eneboliger"	"2009K1"	16280	72
"0706 Sandefjord (-2016)"	"Eneboliger"	"2009K2"	17859	96
"0706 Sandefjord (-2016)"	"Eneboliger"	"2009K3"	18092	93
"0706 Sandefjord (-2016)"	"Eneboliger"	"2009K4"	16985	82
"0706 Sandefjord (-2016)"	"Eneboliger"	"2010K1"	19043	63
"0706 Sandefjord (-2016)"	"Eneboliger"	"2010K2"	18735	83
"0706 Sandefjord (-2016)"	"Eneboliger"	"2010K3"	17839	88
"0706 Sandefjord (-2016)"	"Eneboliger"	"2010K4"	18701	73
"0706 Sandefjord (-2016)"	"Eneboliger"	"2011K1"	17780	83
"0706 Sandefjord (-2016)"	"Eneboliger"	"2011K2"	19202	130
"0706 Sandefjord (-2016)"	"Eneboliger"	"2011K3"	19123	124
"0706 Sandefjord (-2016)"	"Eneboliger"	"2011K4"	17678	92
"0706 Sandefjord (-2016)"	"Eneboliger"	"2012K1"	20057	73
"0706 Sandefjord (-2016)"	"Eneboliger"	"2012K2"	19384	116
"0706 Sandefjord (-2016)"	"Eneboliger"	"2012K3"	19862	103
"0706 Sandefjord (-2016)"	"Eneboliger"	"2012K4"	20258	78
"0706 Sandefjord (-2016)"	"Eneboliger"	"2013K1"	20740	87
"0706 Sandefjord (-2016)"	"Eneboliger"	"2013K2"	20770	104
"0706 Sandefjord (-2016)"	"Eneboliger"	"2013K3"	21418	99
"0706 Sandefjord (-2016)"	"Eneboliger"	"2013K4"	20073	69
"0706 Sandefjord (-2016)"	"Eneboliger"	"2014K1"	19194	84
"0706 Sandefjord (-2016)"	"Eneboliger"	"2014K2"	21238	128
"0706 Sandefjord (-2016)"	"Eneboliger"	"2014K3"	22134	114
"0706 Sandefjord (-2016)"	"Eneboliger"	"2014K4"	22289	69
"0706 Sandefjord (-2016)"	"Eneboliger"	"2015K1"	21462	76
"0706 Sandefjord (-2016)"	"Eneboliger"	"2015K2"	21634	101
"0706 Sandefjord (-2016)"	"Eneboliger"	"2015K3"	22949	97
"0706 Sandefjord (-2016)"	"Eneboliger"	"2015K4"	21426	77
"0706 Sandefjord (-2016)"	"Eneboliger"	"2016K1"	23441	75
"0706 Sandefjord (-2016)"	"Eneboliger"	"2016K2"	24635	124
"0706 Sandefjord (-2016)"	"Eneboliger"	"2016K3"	25318	89
"0706 Sandefjord (-2016)"	"Eneboliger"	"2016K4"	22613	62
"0706 Sandefjord (-2016)"	"Eneboliger"	"2017K1"	.	.
"0706 Sandefjord (-2016)"	"Eneboliger"	"2017K2"	.	.
"0706 Sandefjord (-2016)"	"Eneboliger"	"2017K3"	.	.
"0706 Sandefjord (-2016)"	"Eneboliger"	"2017K4"	.	.
"0706 Sandefjord (-2016)"	"Eneboliger"	"2018K1"	.	.
"0706 Sandefjord (-2016)"	"Eneboliger"	"2018K2"	.	.
"0706 Sandefjord (-2016)"	"Eneboliger"	"2018K3"	.	.
"0706 Sandefjord (-2016)"	"Eneboliger"	"2018K4"	.	.
"0706 Sandefjord (-2016)"	"Eneboliger"	"2019K1"	.	.
"0706 Sandefjord (-2016)"	"Eneboliger"	"2019K2"	.	.
"0706 Sandefjord (-2016)"	"Eneboliger"	"2019K3"	.	.
"0706 Sandefjord (-2016)"	"Eneboliger"	"2019K4"	.	.
"0706 Sandefjord (-2016)"	"Eneboliger"	"2020K1"	.	.
"0706 Sandefjord (-2016)"	"Eneboliger"	"2020K2"	.	.
"0706 Sandefjord (-2016)"	"Eneboliger"	"2020K3"	.	.
"0706 Sandefjord (-2016)"	"Eneboliger"	"2020K4"	.	.
"0706 Sandefjord (-2016)"	"Eneboliger"	"2021K1"	.	.
"0706 Sandefjord (-2016)"	"Eneboliger"	"2021K2"	.	.
"0706 Sandefjord (-2016)"	"Eneboliger"	"2021K3"	.	.
"0706 Sandefjord (-2016)"	"Eneboliger"	"2021K4"	.	.
"0706 Sandefjord (-2016)"	"Eneboliger"	"2022K1"	.	.
"0706 Sandefjord (-2016)"	"Eneboliger"	"2022K2"	.	.
"0706 Sandefjord (-2016)"	"Eneboliger"	"2022K3"	.	.
"0706 Sandefjord (-2016)"	"Eneboliger"	"2022K4"	.	.
"0706 Sandefjord (-2016)"	"Eneboliger"	"2023K1"	.	.
"0706 Sandefjord (-2016)"	"Eneboliger"	"2023K2"	.	.
"0706 Sandefjord (-2016)"	"Eneboliger"	"2023K3"	.	.
"0706 Sandefjord (-2016)"	"Småhus"	"2006K1"	12072	11
"0706 Sandefjord (-2016)"	"Småhus"	"2006K2"	14223	20
"0706 Sandefjord (-2016)"	"Småhus"	"2006K3"	15624	15
"0706 Sandefjord (-2016)"	"Småhus"	"2006K4"	14069	13
"0706 Sandefjord (-2016)"	"Småhus"	"2007K1"	15981	22
"0706 Sandefjord (-2016)"	"Småhus"	"2007K2"	15784	26
"0706 Sandefjord (-2016)"	"Småhus"	"2007K3"	16633	18
"0706 Sandefjord (-2016)"	"Småhus"	"2007K4"	15174	20
"0706 Sandefjord (-2016)"	"Småhus"	"2008K1"	15695	20
"0706 Sandefjord (-2016)"	"Småhus"	"2008K2"	15428	33
"0706 Sandefjord (-2016)"	"Småhus"	"2008K3"	15925	29
"0706 Sandefjord (-2016)"	"Småhus"	"2008K4"	14972	17
"0706 Sandefjord (-2016)"	"Småhus"	"2009K1"	14742	13
"0706 Sandefjord (-2016)"	"Småhus"	"2009K2"	16543	16
"0706 Sandefjord (-2016)"	"Småhus"	"2009K3"	15044	26
"0706 Sandefjord (-2016)"	"Småhus"	"2009K4"	15282	19
"0706 Sandefjord (-2016)"	"Småhus"	"2010K1"	18275	10
"0706 Sandefjord (-2016)"	"Småhus"	"2010K2"	15933	30
"0706 Sandefjord (-2016)"	"Småhus"	"2010K3"	16572	23
"0706 Sandefjord (-2016)"	"Småhus"	"2010K4"	16155	39
"0706 Sandefjord (-2016)"	"Småhus"	"2011K1"	18065	21
"0706 Sandefjord (-2016)"	"Småhus"	"2011K2"	18995	29
"0706 Sandefjord (-2016)"	"Småhus"	"2011K3"	17221	23
"0706 Sandefjord (-2016)"	"Småhus"	"2011K4"	16379	13
"0706 Sandefjord (-2016)"	"Småhus"	"2012K1"	17148	24
"0706 Sandefjord (-2016)"	"Småhus"	"2012K2"	19001	15
"0706 Sandefjord (-2016)"	"Småhus"	"2012K3"	18393	21
"0706 Sandefjord (-2016)"	"Småhus"	"2012K4"	17529	25
"0706 Sandefjord (-2016)"	"Småhus"	"2013K1"	18639	19
"0706 Sandefjord (-2016)"	"Småhus"	"2013K2"	20351	21
"0706 Sandefjord (-2016)"	"Småhus"	"2013K3"	20377	21
"0706 Sandefjord (-2016)"	"Småhus"	"2013K4"	18695	20
"0706 Sandefjord (-2016)"	"Småhus"	"2014K1"	18819	26
"0706 Sandefjord (-2016)"	"Småhus"	"2014K2"	19645	24
"0706 Sandefjord (-2016)"	"Småhus"	"2014K3"	19862	26
"0706 Sandefjord (-2016)"	"Småhus"	"2014K4"	19945	23
"0706 Sandefjord (-2016)"	"Småhus"	"2015K1"	19835	27
"0706 Sandefjord (-2016)"	"Småhus"	"2015K2"	21692	14
"0706 Sandefjord (-2016)"	"Småhus"	"2015K3"	20965	20
"0706 Sandefjord (-2016)"	"Småhus"	"2015K4"	20122	18
"0706 Sandefjord (-2016)"	"Småhus"	"2016K1"	21574	17
"0706 Sandefjord (-2016)"	"Småhus"	"2016K2"	23317	41
"0706 Sandefjord (-2016)"	"Småhus"	"2016K3"	21224	27
"0706 Sandefjord (-2016)"	"Småhus"	"2016K4"	20447	18
"0706 Sandefjord (-2016)"	"Småhus"	"2017K1"	.	.
"0706 Sandefjord (-2016)"	"Småhus"	"2017K2"	.	.
"0706 Sandefjord (-2016)"	"Småhus"	"2017K3"	.	.
"0706 Sandefjord (-2016)"	"Småhus"	"2017K4"	.	.
"0706 Sandefjord (-2016)"	"Småhus"	"2018K1"	.	.
"0706 Sandefjord (-2016)"	"Småhus"	"2018K2"	.	.
"0706 Sandefjord (-2016)"	"Småhus"	"2018K3"	.	.
"0706 Sandefjord (-2016)"	"Småhus"	"2018K4"	.	.
"0706 Sandefjord (-2016)"	"Småhus"	"2019K1"	.	.
"0706 Sandefjord (-2016)"	"Småhus"	"2019K2"	.	.
"0706 Sandefjord (-2016)"	"Småhus"	"2019K3"	.	.
"0706 Sandefjord (-2016)"	"Småhus"	"2019K4"	.	.
"0706 Sandefjord (-2016)"	"Småhus"	"2020K1"	.	.
"0706 Sandefjord (-2016)"	"Småhus"	"2020K2"	.	.
"0706 Sandefjord (-2016)"	"Småhus"	"2020K3"	.	.
"0706 Sandefjord (-2016)"	"Småhus"	"2020K4"	.	.
"0706 Sandefjord (-2016)"	"Småhus"	"2021K1"	.	.
"0706 Sandefjord (-2016)"	"Småhus"	"2021K2"	.	.
"0706 Sandefjord (-2016)"	"Småhus"	"2021K3"	.	.
"0706 Sandefjord (-2016)"	"Småhus"	"2021K4"	.	.
"0706 Sandefjord (-2016)"	"Småhus"	"2022K1"	.	.
"0706 Sandefjord (-2016)"	"Småhus"	"2022K2"	.	.
"0706 Sandefjord (-2016)"	"Småhus"	"2022K3"	.	.
"0706 Sandefjord (-2016)"	"Småhus"	"2022K4"	.	.
"0706 Sandefjord (-2016)"	"Småhus"	"2023K1"	.	.
"0706 Sandefjord (-2016)"	"Småhus"	"2023K2"	.	.
"0706 Sandefjord (-2016)"	"Småhus"	"2023K3"	.	.
"0706 Sandefjord (-2016)"	"Blokkleiligheter"	"2006K1"	17650	12
"0706 Sandefjord (-2016)"	"Blokkleiligheter"	"2006K2"	17457	19
"0706 Sandefjord (-2016)"	"Blokkleiligheter"	"2006K3"	21983	19
"0706 Sandefjord (-2016)"	"Blokkleiligheter"	"2006K4"	21872	18
"0706 Sandefjord (-2016)"	"Blokkleiligheter"	"2007K1"	19710	25
"0706 Sandefjord (-2016)"	"Blokkleiligheter"	"2007K2"	21602	27
"0706 Sandefjord (-2016)"	"Blokkleiligheter"	"2007K3"	25991	19
"0706 Sandefjord (-2016)"	"Blokkleiligheter"	"2007K4"	21490	40
"0706 Sandefjord (-2016)"	"Blokkleiligheter"	"2008K1"	21819	30
"0706 Sandefjord (-2016)"	"Blokkleiligheter"	"2008K2"	21491	38
"0706 Sandefjord (-2016)"	"Blokkleiligheter"	"2008K3"	22305	29
"0706 Sandefjord (-2016)"	"Blokkleiligheter"	"2008K4"	20659	21
"0706 Sandefjord (-2016)"	"Blokkleiligheter"	"2009K1"	21277	38
"0706 Sandefjord (-2016)"	"Blokkleiligheter"	"2009K2"	22928	41
"0706 Sandefjord (-2016)"	"Blokkleiligheter"	"2009K3"	26167	38
"0706 Sandefjord (-2016)"	"Blokkleiligheter"	"2009K4"	25245	35
"0706 Sandefjord (-2016)"	"Blokkleiligheter"	"2010K1"	24502	36
"0706 Sandefjord (-2016)"	"Blokkleiligheter"	"2010K2"	27044	41
"0706 Sandefjord (-2016)"	"Blokkleiligheter"	"2010K3"	23114	39
"0706 Sandefjord (-2016)"	"Blokkleiligheter"	"2010K4"	25898	29
"0706 Sandefjord (-2016)"	"Blokkleiligheter"	"2011K1"	29301	54
"0706 Sandefjord (-2016)"	"Blokkleiligheter"	"2011K2"	27098	41
"0706 Sandefjord (-2016)"	"Blokkleiligheter"	"2011K3"	26815	62
"0706 Sandefjord (-2016)"	"Blokkleiligheter"	"2011K4"	26954	46
"0706 Sandefjord (-2016)"	"Blokkleiligheter"	"2012K1"	27929	38
"0706 Sandefjord (-2016)"	"Blokkleiligheter"	"2012K2"	28608	41
"0706 Sandefjord (-2016)"	"Blokkleiligheter"	"2012K3"	29674	45
"0706 Sandefjord (-2016)"	"Blokkleiligheter"	"2012K4"	32322	34
"0706 Sandefjord (-2016)"	"Blokkleiligheter"	"2013K1"	25856	38
"0706 Sandefjord (-2016)"	"Blokkleiligheter"	"2013K2"	32168	40
"0706 Sandefjord (-2016)"	"Blokkleiligheter"	"2013K3"	31658	53
"0706 Sandefjord (-2016)"	"Blokkleiligheter"	"2013K4"	31193	22
"0706 Sandefjord (-2016)"	"Blokkleiligheter"	"2014K1"	29068	41
"0706 Sandefjord (-2016)"	"Blokkleiligheter"	"2014K2"	28103	43
"0706 Sandefjord (-2016)"	"Blokkleiligheter"	"2014K3"	30059	42
"0706 Sandefjord (-2016)"	"Blokkleiligheter"	"2014K4"	30295	40
"0706 Sandefjord (-2016)"	"Blokkleiligheter"	"2015K1"	33831	40
"0706 Sandefjord (-2016)"	"Blokkleiligheter"	"2015K2"	29617	55
"0706 Sandefjord (-2016)"	"Blokkleiligheter"	"2015K3"	31635	40
"0706 Sandefjord (-2016)"	"Blokkleiligheter"	"2015K4"	30746	38
"0706 Sandefjord (-2016)"	"Blokkleiligheter"	"2016K1"	30166	43
"0706 Sandefjord (-2016)"	"Blokkleiligheter"	"2016K2"	34482	52
"0706 Sandefjord (-2016)"	"Blokkleiligheter"	"2016K3"	34457	46
"0706 Sandefjord (-2016)"	"Blokkleiligheter"	"2016K4"	34742	34
"0706 Sandefjord (-2016)"	"Blokkleiligheter"	"2017K1"	.	.
"0706 Sandefjord (-2016)"	"Blokkleiligheter"	"2017K2"	.	.
"0706 Sandefjord (-2016)"	"Blokkleiligheter"	"2017K3"	.	.
"0706 Sandefjord (-2016)"	"Blokkleiligheter"	"2017K4"	.	.
"0706 Sandefjord (-2016)"	"Blokkleiligheter"	"2018K1"	.	.
"0706 Sandefjord (-2016)"	"Blokkleiligheter"	"2018K2"	.	.
"0706 Sandefjord (-2016)"	"Blokkleiligheter"	"2018K3"	.	.
"0706 Sandefjord (-2016)"	"Blokkleiligheter"	"2018K4"	.	.
"0706 Sandefjord (-2016)"	"Blokkleiligheter"	"2019K1"	.	.
"0706 Sandefjord (-2016)"	"Blokkleiligheter"	"2019K2"	.	.
"0706 Sandefjord (-2016)"	"Blokkleiligheter"	"2019K3"	.	.
"0706 Sandefjord (-2016)"	"Blokkleiligheter"	"2019K4"	.	.
"0706 Sandefjord (-2016)"	"Blokkleiligheter"	"2020K1"	.	.
"0706 Sandefjord (-2016)"	"Blokkleiligheter"	"2020K2"	.	.
"0706 Sandefjord (-2016)"	"Blokkleiligheter"	"2020K3"	.	.
"0706 Sandefjord (-2016)"	"Blokkleiligheter"	"2020K4"	.	.
"0706 Sandefjord (-2016)"	"Blokkleiligheter"	"2021K1"	.	.
"0706 Sandefjord (-2016)"	"Blokkleiligheter"	"2021K2"	.	.
"0706 Sandefjord (-2016)"	"Blokkleiligheter"	"2021K3"	.	.
"0706 Sandefjord (-2016)"	"Blokkleiligheter"	"2021K4"	.	.
"0706 Sandefjord (-2016)"	"Blokkleiligheter"	"2022K1"	.	.
"0706 Sandefjord (-2016)"	"Blokkleiligheter"	"2022K2"	.	.
"0706 Sandefjord (-2016)"	"Blokkleiligheter"	"2022K3"	.	.
"0706 Sandefjord (-2016)"	"Blokkleiligheter"	"2022K4"	.	.
"0706 Sandefjord (-2016)"	"Blokkleiligheter"	"2023K1"	.	.
"0706 Sandefjord (-2016)"	"Blokkleiligheter"	"2023K2"	.	.
"0706 Sandefjord (-2016)"	"Blokkleiligheter"	"2023K3"	.	.
"0709 Larvik (1988-2017)"	"Eneboliger"	"2006K1"	12862	35
"0709 Larvik (1988-2017)"	"Eneboliger"	"2006K2"	12077	46
"0709 Larvik (1988-2017)"	"Eneboliger"	"2006K3"	13363	55
"0709 Larvik (1988-2017)"	"Eneboliger"	"2006K4"	12454	33
"0709 Larvik (1988-2017)"	"Eneboliger"	"2007K1"	13936	37
"0709 Larvik (1988-2017)"	"Eneboliger"	"2007K2"	15034	55
"0709 Larvik (1988-2017)"	"Eneboliger"	"2007K3"	14474	46
"0709 Larvik (1988-2017)"	"Eneboliger"	"2007K4"	15514	46
"0709 Larvik (1988-2017)"	"Eneboliger"	"2008K1"	16162	36
"0709 Larvik (1988-2017)"	"Eneboliger"	"2008K2"	16151	80
"0709 Larvik (1988-2017)"	"Eneboliger"	"2008K3"	15084	48
"0709 Larvik (1988-2017)"	"Eneboliger"	"2008K4"	14040	41
"0709 Larvik (1988-2017)"	"Eneboliger"	"2009K1"	16253	41
"0709 Larvik (1988-2017)"	"Eneboliger"	"2009K2"	14975	79
"0709 Larvik (1988-2017)"	"Eneboliger"	"2009K3"	15805	97
"0709 Larvik (1988-2017)"	"Eneboliger"	"2009K4"	16508	89
"0709 Larvik (1988-2017)"	"Eneboliger"	"2010K1"	16262	60
"0709 Larvik (1988-2017)"	"Eneboliger"	"2010K2"	17147	106
"0709 Larvik (1988-2017)"	"Eneboliger"	"2010K3"	15930	101
"0709 Larvik (1988-2017)"	"Eneboliger"	"2010K4"	16469	81
"0709 Larvik (1988-2017)"	"Eneboliger"	"2011K1"	16713	67
"0709 Larvik (1988-2017)"	"Eneboliger"	"2011K2"	17672	106
"0709 Larvik (1988-2017)"	"Eneboliger"	"2011K3"	17806	100
"0709 Larvik (1988-2017)"	"Eneboliger"	"2011K4"	16945	83
"0709 Larvik (1988-2017)"	"Eneboliger"	"2012K1"	16894	62
"0709 Larvik (1988-2017)"	"Eneboliger"	"2012K2"	18017	97
"0709 Larvik (1988-2017)"	"Eneboliger"	"2012K3"	18666	86
"0709 Larvik (1988-2017)"	"Eneboliger"	"2012K4"	17197	74
"0709 Larvik (1988-2017)"	"Eneboliger"	"2013K1"	17525	50
"0709 Larvik (1988-2017)"	"Eneboliger"	"2013K2"	18649	115
"0709 Larvik (1988-2017)"	"Eneboliger"	"2013K3"	19487	88
"0709 Larvik (1988-2017)"	"Eneboliger"	"2013K4"	17150	67
"0709 Larvik (1988-2017)"	"Eneboliger"	"2014K1"	17509	65
"0709 Larvik (1988-2017)"	"Eneboliger"	"2014K2"	18629	119
"0709 Larvik (1988-2017)"	"Eneboliger"	"2014K3"	17361	80
"0709 Larvik (1988-2017)"	"Eneboliger"	"2014K4"	17646	67
"0709 Larvik (1988-2017)"	"Eneboliger"	"2015K1"	18491	76
"0709 Larvik (1988-2017)"	"Eneboliger"	"2015K2"	20625	101
"0709 Larvik (1988-2017)"	"Eneboliger"	"2015K3"	20595	74
"0709 Larvik (1988-2017)"	"Eneboliger"	"2015K4"	19664	63
"0709 Larvik (1988-2017)"	"Eneboliger"	"2016K1"	20567	64
"0709 Larvik (1988-2017)"	"Eneboliger"	"2016K2"	20173	117
"0709 Larvik (1988-2017)"	"Eneboliger"	"2016K3"	22943	88
"0709 Larvik (1988-2017)"	"Eneboliger"	"2016K4"	19294	54
"0709 Larvik (1988-2017)"	"Eneboliger"	"2017K1"	22895	79
"0709 Larvik (1988-2017)"	"Eneboliger"	"2017K2"	21137	110
"0709 Larvik (1988-2017)"	"Eneboliger"	"2017K3"	20707	76
"0709 Larvik (1988-2017)"	"Eneboliger"	"2017K4"	20911	67
"0709 Larvik (1988-2017)"	"Eneboliger"	"2018K1"	.	.
"0709 Larvik (1988-2017)"	"Eneboliger"	"2018K2"	.	.
"0709 Larvik (1988-2017)"	"Eneboliger"	"2018K3"	.	.
"0709 Larvik (1988-2017)"	"Eneboliger"	"2018K4"	.	.
"0709 Larvik (1988-2017)"	"Eneboliger"	"2019K1"	.	.
"0709 Larvik (1988-2017)"	"Eneboliger"	"2019K2"	.	.
"0709 Larvik (1988-2017)"	"Eneboliger"	"2019K3"	.	.
"0709 Larvik (1988-2017)"	"Eneboliger"	"2019K4"	.	.
"0709 Larvik (1988-2017)"	"Eneboliger"	"2020K1"	.	.
"0709 Larvik (1988-2017)"	"Eneboliger"	"2020K2"	.	.
"0709 Larvik (1988-2017)"	"Eneboliger"	"2020K3"	.	.
"0709 Larvik (1988-2017)"	"Eneboliger"	"2020K4"	.	.
"0709 Larvik (1988-2017)"	"Eneboliger"	"2021K1"	.	.
"0709 Larvik (1988-2017)"	"Eneboliger"	"2021K2"	.	.
"0709 Larvik (1988-2017)"	"Eneboliger"	"2021K3"	.	.
"0709 Larvik (1988-2017)"	"Eneboliger"	"2021K4"	.	.
"0709 Larvik (1988-2017)"	"Eneboliger"	"2022K1"	.	.
"0709 Larvik (1988-2017)"	"Eneboliger"	"2022K2"	.	.
"0709 Larvik (1988-2017)"	"Eneboliger"	"2022K3"	.	.
"0709 Larvik (1988-2017)"	"Eneboliger"	"2022K4"	.	.
"0709 Larvik (1988-2017)"	"Eneboliger"	"2023K1"	.	.
"0709 Larvik (1988-2017)"	"Eneboliger"	"2023K2"	.	.
"0709 Larvik (1988-2017)"	"Eneboliger"	"2023K3"	.	.
"0709 Larvik (1988-2017)"	"Småhus"	"2006K1"	12184	14
"0709 Larvik (1988-2017)"	"Småhus"	"2006K2"	13923	25
"0709 Larvik (1988-2017)"	"Småhus"	"2006K3"	13774	19
"0709 Larvik (1988-2017)"	"Småhus"	"2006K4"	13265	18
"0709 Larvik (1988-2017)"	"Småhus"	"2007K1"	14365	14
"0709 Larvik (1988-2017)"	"Småhus"	"2007K2"	15401	13
"0709 Larvik (1988-2017)"	"Småhus"	"2007K3"	14989	13
"0709 Larvik (1988-2017)"	"Småhus"	"2007K4"	14341	18
"0709 Larvik (1988-2017)"	"Småhus"	"2008K1"	14118	13
"0709 Larvik (1988-2017)"	"Småhus"	"2008K2"	15635	25
"0709 Larvik (1988-2017)"	"Småhus"	"2008K3"	16055	17
"0709 Larvik (1988-2017)"	"Småhus"	"2008K4"	14418	18
"0709 Larvik (1988-2017)"	"Småhus"	"2009K1"	..	9
"0709 Larvik (1988-2017)"	"Småhus"	"2009K2"	16794	16
"0709 Larvik (1988-2017)"	"Småhus"	"2009K3"	17101	20
"0709 Larvik (1988-2017)"	"Småhus"	"2009K4"	15262	15
"0709 Larvik (1988-2017)"	"Småhus"	"2010K1"	16751	16
"0709 Larvik (1988-2017)"	"Småhus"	"2010K2"	16354	16
"0709 Larvik (1988-2017)"	"Småhus"	"2010K3"	16146	10
"0709 Larvik (1988-2017)"	"Småhus"	"2010K4"	16136	13
"0709 Larvik (1988-2017)"	"Småhus"	"2011K1"	15328	12
"0709 Larvik (1988-2017)"	"Småhus"	"2011K2"	17247	20
"0709 Larvik (1988-2017)"	"Småhus"	"2011K3"	16865	16
"0709 Larvik (1988-2017)"	"Småhus"	"2011K4"	15943	19
"0709 Larvik (1988-2017)"	"Småhus"	"2012K1"	17740	14
"0709 Larvik (1988-2017)"	"Småhus"	"2012K2"	21598	15
"0709 Larvik (1988-2017)"	"Småhus"	"2012K3"	18388	19
"0709 Larvik (1988-2017)"	"Småhus"	"2012K4"	18165	22
"0709 Larvik (1988-2017)"	"Småhus"	"2013K1"	19203	14
"0709 Larvik (1988-2017)"	"Småhus"	"2013K2"	19361	23
"0709 Larvik (1988-2017)"	"Småhus"	"2013K3"	19985	16
"0709 Larvik (1988-2017)"	"Småhus"	"2013K4"	18294	20
"0709 Larvik (1988-2017)"	"Småhus"	"2014K1"	17468	20
"0709 Larvik (1988-2017)"	"Småhus"	"2014K2"	17451	22
"0709 Larvik (1988-2017)"	"Småhus"	"2014K3"	17526	24
"0709 Larvik (1988-2017)"	"Småhus"	"2014K4"	17015	24
"0709 Larvik (1988-2017)"	"Småhus"	"2015K1"	20185	16
"0709 Larvik (1988-2017)"	"Småhus"	"2015K2"	19173	24
"0709 Larvik (1988-2017)"	"Småhus"	"2015K3"	19477	15
"0709 Larvik (1988-2017)"	"Småhus"	"2015K4"	20155	22
"0709 Larvik (1988-2017)"	"Småhus"	"2016K1"	23086	13
"0709 Larvik (1988-2017)"	"Småhus"	"2016K2"	22444	23
"0709 Larvik (1988-2017)"	"Småhus"	"2016K3"	23812	18
"0709 Larvik (1988-2017)"	"Småhus"	"2016K4"	19631	19
"0709 Larvik (1988-2017)"	"Småhus"	"2017K1"	20734	15
"0709 Larvik (1988-2017)"	"Småhus"	"2017K2"	21466	26
"0709 Larvik (1988-2017)"	"Småhus"	"2017K3"	21529	16
"0709 Larvik (1988-2017)"	"Småhus"	"2017K4"	19604	16
"0709 Larvik (1988-2017)"	"Småhus"	"2018K1"	.	.
"0709 Larvik (1988-2017)"	"Småhus"	"2018K2"	.	.
"0709 Larvik (1988-2017)"	"Småhus"	"2018K3"	.	.
"0709 Larvik (1988-2017)"	"Småhus"	"2018K4"	.	.
"0709 Larvik (1988-2017)"	"Småhus"	"2019K1"	.	.
"0709 Larvik (1988-2017)"	"Småhus"	"2019K2"	.	.
"0709 Larvik (1988-2017)"	"Småhus"	"2019K3"	.	.
"0709 Larvik (1988-2017)"	"Småhus"	"2019K4"	.	.
"0709 Larvik (1988-2017)"	"Småhus"	"2020K1"	.	.
"0709 Larvik (1988-2017)"	"Småhus"	"2020K2"	.	.
"0709 Larvik (1988-2017)"	"Småhus"	"2020K3"	.	.
"0709 Larvik (1988-2017)"	"Småhus"	"2020K4"	.	.
"0709 Larvik (1988-2017)"	"Småhus"	"2021K1"	.	.
"0709 Larvik (1988-2017)"	"Småhus"	"2021K2"	.	.
"0709 Larvik (1988-2017)"	"Småhus"	"2021K3"	.	.
"0709 Larvik (1988-2017)"	"Småhus"	"2021K4"	.	.
"0709 Larvik (1988-2017)"	"Småhus"	"2022K1"	.	.
"0709 Larvik (1988-2017)"	"Småhus"	"2022K2"	.	.
"0709 Larvik (1988-2017)"	"Småhus"	"2022K3"	.	.
"0709 Larvik (1988-2017)"	"Småhus"	"2022K4"	.	.
"0709 Larvik (1988-2017)"	"Småhus"	"2023K1"	.	.
"0709 Larvik (1988-2017)"	"Småhus"	"2023K2"	.	.
"0709 Larvik (1988-2017)"	"Småhus"	"2023K3"	.	.
"0709 Larvik (1988-2017)"	"Blokkleiligheter"	"2006K1"	20340	10
"0709 Larvik (1988-2017)"	"Blokkleiligheter"	"2006K2"	18349	14
"0709 Larvik (1988-2017)"	"Blokkleiligheter"	"2006K3"	19029	15
"0709 Larvik (1988-2017)"	"Blokkleiligheter"	"2006K4"	..	8
"0709 Larvik (1988-2017)"	"Blokkleiligheter"	"2007K1"	17683	16
"0709 Larvik (1988-2017)"	"Blokkleiligheter"	"2007K2"	19300	24
"0709 Larvik (1988-2017)"	"Blokkleiligheter"	"2007K3"	..	6
"0709 Larvik (1988-2017)"	"Blokkleiligheter"	"2007K4"	18559	14
"0709 Larvik (1988-2017)"	"Blokkleiligheter"	"2008K1"	18749	14
"0709 Larvik (1988-2017)"	"Blokkleiligheter"	"2008K2"	20565	25
"0709 Larvik (1988-2017)"	"Blokkleiligheter"	"2008K3"	20487	22
"0709 Larvik (1988-2017)"	"Blokkleiligheter"	"2008K4"	19126	10
"0709 Larvik (1988-2017)"	"Blokkleiligheter"	"2009K1"	19665	23
"0709 Larvik (1988-2017)"	"Blokkleiligheter"	"2009K2"	19395	21
"0709 Larvik (1988-2017)"	"Blokkleiligheter"	"2009K3"	20427	31
"0709 Larvik (1988-2017)"	"Blokkleiligheter"	"2009K4"	21519	31
"0709 Larvik (1988-2017)"	"Blokkleiligheter"	"2010K1"	22511	22
"0709 Larvik (1988-2017)"	"Blokkleiligheter"	"2010K2"	24929	25
"0709 Larvik (1988-2017)"	"Blokkleiligheter"	"2010K3"	23716	30
"0709 Larvik (1988-2017)"	"Blokkleiligheter"	"2010K4"	21678	32
"0709 Larvik (1988-2017)"	"Blokkleiligheter"	"2011K1"	22604	26
"0709 Larvik (1988-2017)"	"Blokkleiligheter"	"2011K2"	22465	25
"0709 Larvik (1988-2017)"	"Blokkleiligheter"	"2011K3"	24889	20
"0709 Larvik (1988-2017)"	"Blokkleiligheter"	"2011K4"	24048	22
"0709 Larvik (1988-2017)"	"Blokkleiligheter"	"2012K1"	22302	23
"0709 Larvik (1988-2017)"	"Blokkleiligheter"	"2012K2"	26087	29
"0709 Larvik (1988-2017)"	"Blokkleiligheter"	"2012K3"	27223	27
"0709 Larvik (1988-2017)"	"Blokkleiligheter"	"2012K4"	25608	18
"0709 Larvik (1988-2017)"	"Blokkleiligheter"	"2013K1"	26337	27
"0709 Larvik (1988-2017)"	"Blokkleiligheter"	"2013K2"	26350	27
"0709 Larvik (1988-2017)"	"Blokkleiligheter"	"2013K3"	28142	23
"0709 Larvik (1988-2017)"	"Blokkleiligheter"	"2013K4"	22909	25
"0709 Larvik (1988-2017)"	"Blokkleiligheter"	"2014K1"	26014	28
"0709 Larvik (1988-2017)"	"Blokkleiligheter"	"2014K2"	27850	27
"0709 Larvik (1988-2017)"	"Blokkleiligheter"	"2014K3"	22956	28
"0709 Larvik (1988-2017)"	"Blokkleiligheter"	"2014K4"	27572	26
"0709 Larvik (1988-2017)"	"Blokkleiligheter"	"2015K1"	27028	35
"0709 Larvik (1988-2017)"	"Blokkleiligheter"	"2015K2"	26547	29
"0709 Larvik (1988-2017)"	"Blokkleiligheter"	"2015K3"	25874	20
"0709 Larvik (1988-2017)"	"Blokkleiligheter"	"2015K4"	27899	21
"0709 Larvik (1988-2017)"	"Blokkleiligheter"	"2016K1"	29590	28
"0709 Larvik (1988-2017)"	"Blokkleiligheter"	"2016K2"	28709	41
"0709 Larvik (1988-2017)"	"Blokkleiligheter"	"2016K3"	26864	34
"0709 Larvik (1988-2017)"	"Blokkleiligheter"	"2016K4"	31689	22
"0709 Larvik (1988-2017)"	"Blokkleiligheter"	"2017K1"	29490	26
"0709 Larvik (1988-2017)"	"Blokkleiligheter"	"2017K2"	28109	34
"0709 Larvik (1988-2017)"	"Blokkleiligheter"	"2017K3"	29184	20
"0709 Larvik (1988-2017)"	"Blokkleiligheter"	"2017K4"	32140	30
"0709 Larvik (1988-2017)"	"Blokkleiligheter"	"2018K1"	.	.
"0709 Larvik (1988-2017)"	"Blokkleiligheter"	"2018K2"	.	.
"0709 Larvik (1988-2017)"	"Blokkleiligheter"	"2018K3"	.	.
"0709 Larvik (1988-2017)"	"Blokkleiligheter"	"2018K4"	.	.
"0709 Larvik (1988-2017)"	"Blokkleiligheter"	"2019K1"	.	.
"0709 Larvik (1988-2017)"	"Blokkleiligheter"	"2019K2"	.	.
"0709 Larvik (1988-2017)"	"Blokkleiligheter"	"2019K3"	.	.
"0709 Larvik (1988-2017)"	"Blokkleiligheter"	"2019K4"	.	.
"0709 Larvik (1988-2017)"	"Blokkleiligheter"	"2020K1"	.	.
"0709 Larvik (1988-2017)"	"Blokkleiligheter"	"2020K2"	.	.
"0709 Larvik (1988-2017)"	"Blokkleiligheter"	"2020K3"	.	.
"0709 Larvik (1988-2017)"	"Blokkleiligheter"	"2020K4"	.	.
"0709 Larvik (1988-2017)"	"Blokkleiligheter"	"2021K1"	.	.
"0709 Larvik (1988-2017)"	"Blokkleiligheter"	"2021K2"	.	.
"0709 Larvik (1988-2017)"	"Blokkleiligheter"	"2021K3"	.	.
"0709 Larvik (1988-2017)"	"Blokkleiligheter"	"2021K4"	.	.
"0709 Larvik (1988-2017)"	"Blokkleiligheter"	"2022K1"	.	.
"0709 Larvik (1988-2017)"	"Blokkleiligheter"	"2022K2"	.	.
"0709 Larvik (1988-2017)"	"Blokkleiligheter"	"2022K3"	.	.
"0709 Larvik (1988-2017)"	"Blokkleiligheter"	"2022K4"	.	.
"0709 Larvik (1988-2017)"	"Blokkleiligheter"	"2023K1"	.	.
"0709 Larvik (1988-2017)"	"Blokkleiligheter"	"2023K2"	.	.
"0709 Larvik (1988-2017)"	"Blokkleiligheter"	"2023K3"	.	.
"0710 Sandefjord (2017-2019)"	"Eneboliger"	"2006K1"	.	.
"0710 Sandefjord (2017-2019)"	"Eneboliger"	"2006K2"	.	.
"0710 Sandefjord (2017-2019)"	"Eneboliger"	"2006K3"	.	.
"0710 Sandefjord (2017-2019)"	"Eneboliger"	"2006K4"	.	.
"0710 Sandefjord (2017-2019)"	"Eneboliger"	"2007K1"	.	.
"0710 Sandefjord (2017-2019)"	"Eneboliger"	"2007K2"	.	.
"0710 Sandefjord (2017-2019)"	"Eneboliger"	"2007K3"	.	.
"0710 Sandefjord (2017-2019)"	"Eneboliger"	"2007K4"	.	.
"0710 Sandefjord (2017-2019)"	"Eneboliger"	"2008K1"	.	.
"0710 Sandefjord (2017-2019)"	"Eneboliger"	"2008K2"	.	.
"0710 Sandefjord (2017-2019)"	"Eneboliger"	"2008K3"	.	.
"0710 Sandefjord (2017-2019)"	"Eneboliger"	"2008K4"	.	.
"0710 Sandefjord (2017-2019)"	"Eneboliger"	"2009K1"	.	.
"0710 Sandefjord (2017-2019)"	"Eneboliger"	"2009K2"	.	.
"0710 Sandefjord (2017-2019)"	"Eneboliger"	"2009K3"	.	.
"0710 Sandefjord (2017-2019)"	"Eneboliger"	"2009K4"	.	.
"0710 Sandefjord (2017-2019)"	"Eneboliger"	"2010K1"	.	.
"0710 Sandefjord (2017-2019)"	"Eneboliger"	"2010K2"	.	.
"0710 Sandefjord (2017-2019)"	"Eneboliger"	"2010K3"	.	.
"0710 Sandefjord (2017-2019)"	"Eneboliger"	"2010K4"	.	.
"0710 Sandefjord (2017-2019)"	"Eneboliger"	"2011K1"	.	.
"0710 Sandefjord (2017-2019)"	"Eneboliger"	"2011K2"	.	.
"0710 Sandefjord (2017-2019)"	"Eneboliger"	"2011K3"	.	.
"0710 Sandefjord (2017-2019)"	"Eneboliger"	"2011K4"	.	.
"0710 Sandefjord (2017-2019)"	"Eneboliger"	"2012K1"	.	.
"0710 Sandefjord (2017-2019)"	"Eneboliger"	"2012K2"	.	.
"0710 Sandefjord (2017-2019)"	"Eneboliger"	"2012K3"	.	.
"0710 Sandefjord (2017-2019)"	"Eneboliger"	"2012K4"	.	.
"0710 Sandefjord (2017-2019)"	"Eneboliger"	"2013K1"	.	.
"0710 Sandefjord (2017-2019)"	"Eneboliger"	"2013K2"	.	.
"0710 Sandefjord (2017-2019)"	"Eneboliger"	"2013K3"	.	.
"0710 Sandefjord (2017-2019)"	"Eneboliger"	"2013K4"	.	.
"0710 Sandefjord (2017-2019)"	"Eneboliger"	"2014K1"	.	.
"0710 Sandefjord (2017-2019)"	"Eneboliger"	"2014K2"	.	.
"0710 Sandefjord (2017-2019)"	"Eneboliger"	"2014K3"	.	.
"0710 Sandefjord (2017-2019)"	"Eneboliger"	"2014K4"	.	.
"0710 Sandefjord (2017-2019)"	"Eneboliger"	"2015K1"	.	.
"0710 Sandefjord (2017-2019)"	"Eneboliger"	"2015K2"	.	.
"0710 Sandefjord (2017-2019)"	"Eneboliger"	"2015K3"	.	.
"0710 Sandefjord (2017-2019)"	"Eneboliger"	"2015K4"	.	.
"0710 Sandefjord (2017-2019)"	"Eneboliger"	"2016K1"	.	.
"0710 Sandefjord (2017-2019)"	"Eneboliger"	"2016K2"	.	.
"0710 Sandefjord (2017-2019)"	"Eneboliger"	"2016K3"	.	.
"0710 Sandefjord (2017-2019)"	"Eneboliger"	"2016K4"	.	.
"0710 Sandefjord (2017-2019)"	"Eneboliger"	"2017K1"	24193	92
"0710 Sandefjord (2017-2019)"	"Eneboliger"	"2017K2"	23551	165
"0710 Sandefjord (2017-2019)"	"Eneboliger"	"2017K3"	22449	104
"0710 Sandefjord (2017-2019)"	"Eneboliger"	"2017K4"	23172	72
"0710 Sandefjord (2017-2019)"	"Eneboliger"	"2018K1"	23044	55
"0710 Sandefjord (2017-2019)"	"Eneboliger"	"2018K2"	27786	181
"0710 Sandefjord (2017-2019)"	"Eneboliger"	"2018K3"	25920	118
"0710 Sandefjord (2017-2019)"	"Eneboliger"	"2018K4"	24261	100
"0710 Sandefjord (2017-2019)"	"Eneboliger"	"2019K1"	23731	95
"0710 Sandefjord (2017-2019)"	"Eneboliger"	"2019K2"	26918	163
"0710 Sandefjord (2017-2019)"	"Eneboliger"	"2019K3"	24587	132
"0710 Sandefjord (2017-2019)"	"Eneboliger"	"2019K4"	24617	87
"0710 Sandefjord (2017-2019)"	"Eneboliger"	"2020K1"	.	.
"0710 Sandefjord (2017-2019)"	"Eneboliger"	"2020K2"	.	.
"0710 Sandefjord (2017-2019)"	"Eneboliger"	"2020K3"	.	.
"0710 Sandefjord (2017-2019)"	"Eneboliger"	"2020K4"	.	.
"0710 Sandefjord (2017-2019)"	"Eneboliger"	"2021K1"	.	.
"0710 Sandefjord (2017-2019)"	"Eneboliger"	"2021K2"	.	.
"0710 Sandefjord (2017-2019)"	"Eneboliger"	"2021K3"	.	.
"0710 Sandefjord (2017-2019)"	"Eneboliger"	"2021K4"	.	.
"0710 Sandefjord (2017-2019)"	"Eneboliger"	"2022K1"	.	.
"0710 Sandefjord (2017-2019)"	"Eneboliger"	"2022K2"	.	.
"0710 Sandefjord (2017-2019)"	"Eneboliger"	"2022K3"	.	.
"0710 Sandefjord (2017-2019)"	"Eneboliger"	"2022K4"	.	.
"0710 Sandefjord (2017-2019)"	"Eneboliger"	"2023K1"	.	.
"0710 Sandefjord (2017-2019)"	"Eneboliger"	"2023K2"	.	.
"0710 Sandefjord (2017-2019)"	"Eneboliger"	"2023K3"	.	.
"0710 Sandefjord (2017-2019)"	"Småhus"	"2006K1"	.	.
"0710 Sandefjord (2017-2019)"	"Småhus"	"2006K2"	.	.
"0710 Sandefjord (2017-2019)"	"Småhus"	"2006K3"	.	.
"0710 Sandefjord (2017-2019)"	"Småhus"	"2006K4"	.	.
"0710 Sandefjord (2017-2019)"	"Småhus"	"2007K1"	.	.
"0710 Sandefjord (2017-2019)"	"Småhus"	"2007K2"	.	.
"0710 Sandefjord (2017-2019)"	"Småhus"	"2007K3"	.	.
"0710 Sandefjord (2017-2019)"	"Småhus"	"2007K4"	.	.
"0710 Sandefjord (2017-2019)"	"Småhus"	"2008K1"	.	.
"0710 Sandefjord (2017-2019)"	"Småhus"	"2008K2"	.	.
"0710 Sandefjord (2017-2019)"	"Småhus"	"2008K3"	.	.
"0710 Sandefjord (2017-2019)"	"Småhus"	"2008K4"	.	.
"0710 Sandefjord (2017-2019)"	"Småhus"	"2009K1"	.	.
"0710 Sandefjord (2017-2019)"	"Småhus"	"2009K2"	.	.
"0710 Sandefjord (2017-2019)"	"Småhus"	"2009K3"	.	.
"0710 Sandefjord (2017-2019)"	"Småhus"	"2009K4"	.	.
"0710 Sandefjord (2017-2019)"	"Småhus"	"2010K1"	.	.
"0710 Sandefjord (2017-2019)"	"Småhus"	"2010K2"	.	.
"0710 Sandefjord (2017-2019)"	"Småhus"	"2010K3"	.	.
"0710 Sandefjord (2017-2019)"	"Småhus"	"2010K4"	.	.
"0710 Sandefjord (2017-2019)"	"Småhus"	"2011K1"	.	.
"0710 Sandefjord (2017-2019)"	"Småhus"	"2011K2"	.	.
"0710 Sandefjord (2017-2019)"	"Småhus"	"2011K3"	.	.
"0710 Sandefjord (2017-2019)"	"Småhus"	"2011K4"	.	.
"0710 Sandefjord (2017-2019)"	"Småhus"	"2012K1"	.	.
"0710 Sandefjord (2017-2019)"	"Småhus"	"2012K2"	.	.
"0710 Sandefjord (2017-2019)"	"Småhus"	"2012K3"	.	.
"0710 Sandefjord (2017-2019)"	"Småhus"	"2012K4"	.	.
"0710 Sandefjord (2017-2019)"	"Småhus"	"2013K1"	.	.
"0710 Sandefjord (2017-2019)"	"Småhus"	"2013K2"	.	.
"0710 Sandefjord (2017-2019)"	"Småhus"	"2013K3"	.	.
"0710 Sandefjord (2017-2019)"	"Småhus"	"2013K4"	.	.
"0710 Sandefjord (2017-2019)"	"Småhus"	"2014K1"	.	.
"0710 Sandefjord (2017-2019)"	"Småhus"	"2014K2"	.	.
"0710 Sandefjord (2017-2019)"	"Småhus"	"2014K3"	.	.
"0710 Sandefjord (2017-2019)"	"Småhus"	"2014K4"	.	.
"0710 Sandefjord (2017-2019)"	"Småhus"	"2015K1"	.	.
"0710 Sandefjord (2017-2019)"	"Småhus"	"2015K2"	.	.
"0710 Sandefjord (2017-2019)"	"Småhus"	"2015K3"	.	.
"0710 Sandefjord (2017-2019)"	"Småhus"	"2015K4"	.	.
"0710 Sandefjord (2017-2019)"	"Småhus"	"2016K1"	.	.
"0710 Sandefjord (2017-2019)"	"Småhus"	"2016K2"	.	.
"0710 Sandefjord (2017-2019)"	"Småhus"	"2016K3"	.	.
"0710 Sandefjord (2017-2019)"	"Småhus"	"2016K4"	.	.
"0710 Sandefjord (2017-2019)"	"Småhus"	"2017K1"	22377	28
"0710 Sandefjord (2017-2019)"	"Småhus"	"2017K2"	23980	35
"0710 Sandefjord (2017-2019)"	"Småhus"	"2017K3"	23016	28
"0710 Sandefjord (2017-2019)"	"Småhus"	"2017K4"	22252	28
"0710 Sandefjord (2017-2019)"	"Småhus"	"2018K1"	23480	26
"0710 Sandefjord (2017-2019)"	"Småhus"	"2018K2"	23597	42
"0710 Sandefjord (2017-2019)"	"Småhus"	"2018K3"	23809	27
"0710 Sandefjord (2017-2019)"	"Småhus"	"2018K4"	24602	37
"0710 Sandefjord (2017-2019)"	"Småhus"	"2019K1"	23637	35
"0710 Sandefjord (2017-2019)"	"Småhus"	"2019K2"	25498	35
"0710 Sandefjord (2017-2019)"	"Småhus"	"2019K3"	25747	40
"0710 Sandefjord (2017-2019)"	"Småhus"	"2019K4"	25112	27
"0710 Sandefjord (2017-2019)"	"Småhus"	"2020K1"	.	.
"0710 Sandefjord (2017-2019)"	"Småhus"	"2020K2"	.	.
"0710 Sandefjord (2017-2019)"	"Småhus"	"2020K3"	.	.
"0710 Sandefjord (2017-2019)"	"Småhus"	"2020K4"	.	.
"0710 Sandefjord (2017-2019)"	"Småhus"	"2021K1"	.	.
"0710 Sandefjord (2017-2019)"	"Småhus"	"2021K2"	.	.
"0710 Sandefjord (2017-2019)"	"Småhus"	"2021K3"	.	.
"0710 Sandefjord (2017-2019)"	"Småhus"	"2021K4"	.	.
"0710 Sandefjord (2017-2019)"	"Småhus"	"2022K1"	.	.
"0710 Sandefjord (2017-2019)"	"Småhus"	"2022K2"	.	.
"0710 Sandefjord (2017-2019)"	"Småhus"	"2022K3"	.	.
"0710 Sandefjord (2017-2019)"	"Småhus"	"2022K4"	.	.
"0710 Sandefjord (2017-2019)"	"Småhus"	"2023K1"	.	.
"0710 Sandefjord (2017-2019)"	"Småhus"	"2023K2"	.	.
"0710 Sandefjord (2017-2019)"	"Småhus"	"2023K3"	.	.
"0710 Sandefjord (2017-2019)"	"Blokkleiligheter"	"2006K1"	.	.
"0710 Sandefjord (2017-2019)"	"Blokkleiligheter"	"2006K2"	.	.
"0710 Sandefjord (2017-2019)"	"Blokkleiligheter"	"2006K3"	.	.
"0710 Sandefjord (2017-2019)"	"Blokkleiligheter"	"2006K4"	.	.
"0710 Sandefjord (2017-2019)"	"Blokkleiligheter"	"2007K1"	.	.
"0710 Sandefjord (2017-2019)"	"Blokkleiligheter"	"2007K2"	.	.
"0710 Sandefjord (2017-2019)"	"Blokkleiligheter"	"2007K3"	.	.
"0710 Sandefjord (2017-2019)"	"Blokkleiligheter"	"2007K4"	.	.
"0710 Sandefjord (2017-2019)"	"Blokkleiligheter"	"2008K1"	.	.
"0710 Sandefjord (2017-2019)"	"Blokkleiligheter"	"2008K2"	.	.
"0710 Sandefjord (2017-2019)"	"Blokkleiligheter"	"2008K3"	.	.
"0710 Sandefjord (2017-2019)"	"Blokkleiligheter"	"2008K4"	.	.
"0710 Sandefjord (2017-2019)"	"Blokkleiligheter"	"2009K1"	.	.
"0710 Sandefjord (2017-2019)"	"Blokkleiligheter"	"2009K2"	.	.
"0710 Sandefjord (2017-2019)"	"Blokkleiligheter"	"2009K3"	.	.
"0710 Sandefjord (2017-2019)"	"Blokkleiligheter"	"2009K4"	.	.
"0710 Sandefjord (2017-2019)"	"Blokkleiligheter"	"2010K1"	.	.
"0710 Sandefjord (2017-2019)"	"Blokkleiligheter"	"2010K2"	.	.
"0710 Sandefjord (2017-2019)"	"Blokkleiligheter"	"2010K3"	.	.
"0710 Sandefjord (2017-2019)"	"Blokkleiligheter"	"2010K4"	.	.
"0710 Sandefjord (2017-2019)"	"Blokkleiligheter"	"2011K1"	.	.
"0710 Sandefjord (2017-2019)"	"Blokkleiligheter"	"2011K2"	.	.
"0710 Sandefjord (2017-2019)"	"Blokkleiligheter"	"2011K3"	.	.
"0710 Sandefjord (2017-2019)"	"Blokkleiligheter"	"2011K4"	.	.
"0710 Sandefjord (2017-2019)"	"Blokkleiligheter"	"2012K1"	.	.
"0710 Sandefjord (2017-2019)"	"Blokkleiligheter"	"2012K2"	.	.
"0710 Sandefjord (2017-2019)"	"Blokkleiligheter"	"2012K3"	.	.
"0710 Sandefjord (2017-2019)"	"Blokkleiligheter"	"2012K4"	.	.
"0710 Sandefjord (2017-2019)"	"Blokkleiligheter"	"2013K1"	.	.
"0710 Sandefjord (2017-2019)"	"Blokkleiligheter"	"2013K2"	.	.
"0710 Sandefjord (2017-2019)"	"Blokkleiligheter"	"2013K3"	.	.
"0710 Sandefjord (2017-2019)"	"Blokkleiligheter"	"2013K4"	.	.
"0710 Sandefjord (2017-2019)"	"Blokkleiligheter"	"2014K1"	.	.
"0710 Sandefjord (2017-2019)"	"Blokkleiligheter"	"2014K2"	.	.
"0710 Sandefjord (2017-2019)"	"Blokkleiligheter"	"2014K3"	.	.
"0710 Sandefjord (2017-2019)"	"Blokkleiligheter"	"2014K4"	.	.
"0710 Sandefjord (2017-2019)"	"Blokkleiligheter"	"2015K1"	.	.
"0710 Sandefjord (2017-2019)"	"Blokkleiligheter"	"2015K2"	.	.
"0710 Sandefjord (2017-2019)"	"Blokkleiligheter"	"2015K3"	.	.
"0710 Sandefjord (2017-2019)"	"Blokkleiligheter"	"2015K4"	.	.
"0710 Sandefjord (2017-2019)"	"Blokkleiligheter"	"2016K1"	.	.
"0710 Sandefjord (2017-2019)"	"Blokkleiligheter"	"2016K2"	.	.
"0710 Sandefjord (2017-2019)"	"Blokkleiligheter"	"2016K3"	.	.
"0710 Sandefjord (2017-2019)"	"Blokkleiligheter"	"2016K4"	.	.
"0710 Sandefjord (2017-2019)"	"Blokkleiligheter"	"2017K1"	34930	39
"0710 Sandefjord (2017-2019)"	"Blokkleiligheter"	"2017K2"	36222	51
"0710 Sandefjord (2017-2019)"	"Blokkleiligheter"	"2017K3"	35486	54
"0710 Sandefjord (2017-2019)"	"Blokkleiligheter"	"2017K4"	34546	45
"0710 Sandefjord (2017-2019)"	"Blokkleiligheter"	"2018K1"	35241	36
"0710 Sandefjord (2017-2019)"	"Blokkleiligheter"	"2018K2"	35404	61
"0710 Sandefjord (2017-2019)"	"Blokkleiligheter"	"2018K3"	36010	51
"0710 Sandefjord (2017-2019)"	"Blokkleiligheter"	"2018K4"	35676	47
"0710 Sandefjord (2017-2019)"	"Blokkleiligheter"	"2019K1"	36253	54
"0710 Sandefjord (2017-2019)"	"Blokkleiligheter"	"2019K2"	36348	54
"0710 Sandefjord (2017-2019)"	"Blokkleiligheter"	"2019K3"	41198	57
"0710 Sandefjord (2017-2019)"	"Blokkleiligheter"	"2019K4"	36946	38
"0710 Sandefjord (2017-2019)"	"Blokkleiligheter"	"2020K1"	.	.
"0710 Sandefjord (2017-2019)"	"Blokkleiligheter"	"2020K2"	.	.
"0710 Sandefjord (2017-2019)"	"Blokkleiligheter"	"2020K3"	.	.
"0710 Sandefjord (2017-2019)"	"Blokkleiligheter"	"2020K4"	.	.
"0710 Sandefjord (2017-2019)"	"Blokkleiligheter"	"2021K1"	.	.
"0710 Sandefjord (2017-2019)"	"Blokkleiligheter"	"2021K2"	.	.
"0710 Sandefjord (2017-2019)"	"Blokkleiligheter"	"2021K3"	.	.
"0710 Sandefjord (2017-2019)"	"Blokkleiligheter"	"2021K4"	.	.
"0710 Sandefjord (2017-2019)"	"Blokkleiligheter"	"2022K1"	.	.
"0710 Sandefjord (2017-2019)"	"Blokkleiligheter"	"2022K2"	.	.
"0710 Sandefjord (2017-2019)"	"Blokkleiligheter"	"2022K3"	.	.
"0710 Sandefjord (2017-2019)"	"Blokkleiligheter"	"2022K4"	.	.
"0710 Sandefjord (2017-2019)"	"Blokkleiligheter"	"2023K1"	.	.
"0710 Sandefjord (2017-2019)"	"Blokkleiligheter"	"2023K2"	.	.
"0710 Sandefjord (2017-2019)"	"Blokkleiligheter"	"2023K3"	.	.
"0712 Larvik (2018-2019)"	"Eneboliger"	"2006K1"	.	.
"0712 Larvik (2018-2019)"	"Eneboliger"	"2006K2"	.	.
"0712 Larvik (2018-2019)"	"Eneboliger"	"2006K3"	.	.
"0712 Larvik (2018-2019)"	"Eneboliger"	"2006K4"	.	.
"0712 Larvik (2018-2019)"	"Eneboliger"	"2007K1"	.	.
"0712 Larvik (2018-2019)"	"Eneboliger"	"2007K2"	.	.
"0712 Larvik (2018-2019)"	"Eneboliger"	"2007K3"	.	.
"0712 Larvik (2018-2019)"	"Eneboliger"	"2007K4"	.	.
"0712 Larvik (2018-2019)"	"Eneboliger"	"2008K1"	.	.
"0712 Larvik (2018-2019)"	"Eneboliger"	"2008K2"	.	.
"0712 Larvik (2018-2019)"	"Eneboliger"	"2008K3"	.	.
"0712 Larvik (2018-2019)"	"Eneboliger"	"2008K4"	.	.
"0712 Larvik (2018-2019)"	"Eneboliger"	"2009K1"	.	.
"0712 Larvik (2018-2019)"	"Eneboliger"	"2009K2"	.	.
"0712 Larvik (2018-2019)"	"Eneboliger"	"2009K3"	.	.
"0712 Larvik (2018-2019)"	"Eneboliger"	"2009K4"	.	.
"0712 Larvik (2018-2019)"	"Eneboliger"	"2010K1"	.	.
"0712 Larvik (2018-2019)"	"Eneboliger"	"2010K2"	.	.
"0712 Larvik (2018-2019)"	"Eneboliger"	"2010K3"	.	.
"0712 Larvik (2018-2019)"	"Eneboliger"	"2010K4"	.	.
"0712 Larvik (2018-2019)"	"Eneboliger"	"2011K1"	.	.
"0712 Larvik (2018-2019)"	"Eneboliger"	"2011K2"	.	.
"0712 Larvik (2018-2019)"	"Eneboliger"	"2011K3"	.	.
"0712 Larvik (2018-2019)"	"Eneboliger"	"2011K4"	.	.
"0712 Larvik (2018-2019)"	"Eneboliger"	"2012K1"	.	.
"0712 Larvik (2018-2019)"	"Eneboliger"	"2012K2"	.	.
"0712 Larvik (2018-2019)"	"Eneboliger"	"2012K3"	.	.
"0712 Larvik (2018-2019)"	"Eneboliger"	"2012K4"	.	.
"0712 Larvik (2018-2019)"	"Eneboliger"	"2013K1"	.	.
"0712 Larvik (2018-2019)"	"Eneboliger"	"2013K2"	.	.
"0712 Larvik (2018-2019)"	"Eneboliger"	"2013K3"	.	.
"0712 Larvik (2018-2019)"	"Eneboliger"	"2013K4"	.	.
"0712 Larvik (2018-2019)"	"Eneboliger"	"2014K1"	.	.
"0712 Larvik (2018-2019)"	"Eneboliger"	"2014K2"	.	.
"0712 Larvik (2018-2019)"	"Eneboliger"	"2014K3"	.	.
"0712 Larvik (2018-2019)"	"Eneboliger"	"2014K4"	.	.
"0712 Larvik (2018-2019)"	"Eneboliger"	"2015K1"	.	.
"0712 Larvik (2018-2019)"	"Eneboliger"	"2015K2"	.	.
"0712 Larvik (2018-2019)"	"Eneboliger"	"2015K3"	.	.
"0712 Larvik (2018-2019)"	"Eneboliger"	"2015K4"	.	.
"0712 Larvik (2018-2019)"	"Eneboliger"	"2016K1"	.	.
"0712 Larvik (2018-2019)"	"Eneboliger"	"2016K2"	.	.
"0712 Larvik (2018-2019)"	"Eneboliger"	"2016K3"	.	.
"0712 Larvik (2018-2019)"	"Eneboliger"	"2016K4"	.	.
"0712 Larvik (2018-2019)"	"Eneboliger"	"2017K1"	.	.
"0712 Larvik (2018-2019)"	"Eneboliger"	"2017K2"	.	.
"0712 Larvik (2018-2019)"	"Eneboliger"	"2017K3"	.	.
"0712 Larvik (2018-2019)"	"Eneboliger"	"2017K4"	.	.
"0712 Larvik (2018-2019)"	"Eneboliger"	"2018K1"	21344	49
"0712 Larvik (2018-2019)"	"Eneboliger"	"2018K2"	22202	116
"0712 Larvik (2018-2019)"	"Eneboliger"	"2018K3"	21361	95
"0712 Larvik (2018-2019)"	"Eneboliger"	"2018K4"	21887	76
"0712 Larvik (2018-2019)"	"Eneboliger"	"2019K1"	22730	84
"0712 Larvik (2018-2019)"	"Eneboliger"	"2019K2"	22127	124
"0712 Larvik (2018-2019)"	"Eneboliger"	"2019K3"	23499	94
"0712 Larvik (2018-2019)"	"Eneboliger"	"2019K4"	22562	85
"0712 Larvik (2018-2019)"	"Eneboliger"	"2020K1"	.	.
"0712 Larvik (2018-2019)"	"Eneboliger"	"2020K2"	.	.
"0712 Larvik (2018-2019)"	"Eneboliger"	"2020K3"	.	.
"0712 Larvik (2018-2019)"	"Eneboliger"	"2020K4"	.	.
"0712 Larvik (2018-2019)"	"Eneboliger"	"2021K1"	.	.
"0712 Larvik (2018-2019)"	"Eneboliger"	"2021K2"	.	.
"0712 Larvik (2018-2019)"	"Eneboliger"	"2021K3"	.	.
"0712 Larvik (2018-2019)"	"Eneboliger"	"2021K4"	.	.
"0712 Larvik (2018-2019)"	"Eneboliger"	"2022K1"	.	.
"0712 Larvik (2018-2019)"	"Eneboliger"	"2022K2"	.	.
"0712 Larvik (2018-2019)"	"Eneboliger"	"2022K3"	.	.
"0712 Larvik (2018-2019)"	"Eneboliger"	"2022K4"	.	.
"0712 Larvik (2018-2019)"	"Eneboliger"	"2023K1"	.	.
"0712 Larvik (2018-2019)"	"Eneboliger"	"2023K2"	.	.
"0712 Larvik (2018-2019)"	"Eneboliger"	"2023K3"	.	.
"0712 Larvik (2018-2019)"	"Småhus"	"2006K1"	.	.
"0712 Larvik (2018-2019)"	"Småhus"	"2006K2"	.	.
"0712 Larvik (2018-2019)"	"Småhus"	"2006K3"	.	.
"0712 Larvik (2018-2019)"	"Småhus"	"2006K4"	.	.
"0712 Larvik (2018-2019)"	"Småhus"	"2007K1"	.	.
"0712 Larvik (2018-2019)"	"Småhus"	"2007K2"	.	.
"0712 Larvik (2018-2019)"	"Småhus"	"2007K3"	.	.
"0712 Larvik (2018-2019)"	"Småhus"	"2007K4"	.	.
"0712 Larvik (2018-2019)"	"Småhus"	"2008K1"	.	.
"0712 Larvik (2018-2019)"	"Småhus"	"2008K2"	.	.
"0712 Larvik (2018-2019)"	"Småhus"	"2008K3"	.	.
"0712 Larvik (2018-2019)"	"Småhus"	"2008K4"	.	.
"0712 Larvik (2018-2019)"	"Småhus"	"2009K1"	.	.
"0712 Larvik (2018-2019)"	"Småhus"	"2009K2"	.	.
"0712 Larvik (2018-2019)"	"Småhus"	"2009K3"	.	.
"0712 Larvik (2018-2019)"	"Småhus"	"2009K4"	.	.
"0712 Larvik (2018-2019)"	"Småhus"	"2010K1"	.	.
"0712 Larvik (2018-2019)"	"Småhus"	"2010K2"	.	.
"0712 Larvik (2018-2019)"	"Småhus"	"2010K3"	.	.
"0712 Larvik (2018-2019)"	"Småhus"	"2010K4"	.	.
"0712 Larvik (2018-2019)"	"Småhus"	"2011K1"	.	.
"0712 Larvik (2018-2019)"	"Småhus"	"2011K2"	.	.
"0712 Larvik (2018-2019)"	"Småhus"	"2011K3"	.	.
"0712 Larvik (2018-2019)"	"Småhus"	"2011K4"	.	.
"0712 Larvik (2018-2019)"	"Småhus"	"2012K1"	.	.
"0712 Larvik (2018-2019)"	"Småhus"	"2012K2"	.	.
"0712 Larvik (2018-2019)"	"Småhus"	"2012K3"	.	.
"0712 Larvik (2018-2019)"	"Småhus"	"2012K4"	.	.
"0712 Larvik (2018-2019)"	"Småhus"	"2013K1"	.	.
"0712 Larvik (2018-2019)"	"Småhus"	"2013K2"	.	.
"0712 Larvik (2018-2019)"	"Småhus"	"2013K3"	.	.
"0712 Larvik (2018-2019)"	"Småhus"	"2013K4"	.	.
"0712 Larvik (2018-2019)"	"Småhus"	"2014K1"	.	.
"0712 Larvik (2018-2019)"	"Småhus"	"2014K2"	.	.
"0712 Larvik (2018-2019)"	"Småhus"	"2014K3"	.	.
"0712 Larvik (2018-2019)"	"Småhus"	"2014K4"	.	.
"0712 Larvik (2018-2019)"	"Småhus"	"2015K1"	.	.
"0712 Larvik (2018-2019)"	"Småhus"	"2015K2"	.	.
"0712 Larvik (2018-2019)"	"Småhus"	"2015K3"	.	.
"0712 Larvik (2018-2019)"	"Småhus"	"2015K4"	.	.
"0712 Larvik (2018-2019)"	"Småhus"	"2016K1"	.	.
"0712 Larvik (2018-2019)"	"Småhus"	"2016K2"	.	.
"0712 Larvik (2018-2019)"	"Småhus"	"2016K3"	.	.
"0712 Larvik (2018-2019)"	"Småhus"	"2016K4"	.	.
"0712 Larvik (2018-2019)"	"Småhus"	"2017K1"	.	.
"0712 Larvik (2018-2019)"	"Småhus"	"2017K2"	.	.
"0712 Larvik (2018-2019)"	"Småhus"	"2017K3"	.	.
"0712 Larvik (2018-2019)"	"Småhus"	"2017K4"	.	.
"0712 Larvik (2018-2019)"	"Småhus"	"2018K1"	24456	14
"0712 Larvik (2018-2019)"	"Småhus"	"2018K2"	22385	22
"0712 Larvik (2018-2019)"	"Småhus"	"2018K3"	24638	19
"0712 Larvik (2018-2019)"	"Småhus"	"2018K4"	21041	17
"0712 Larvik (2018-2019)"	"Småhus"	"2019K1"	24140	17
"0712 Larvik (2018-2019)"	"Småhus"	"2019K2"	25650	30
"0712 Larvik (2018-2019)"	"Småhus"	"2019K3"	24559	31
"0712 Larvik (2018-2019)"	"Småhus"	"2019K4"	25627	18
"0712 Larvik (2018-2019)"	"Småhus"	"2020K1"	.	.
"0712 Larvik (2018-2019)"	"Småhus"	"2020K2"	.	.
"0712 Larvik (2018-2019)"	"Småhus"	"2020K3"	.	.
"0712 Larvik (2018-2019)"	"Småhus"	"2020K4"	.	.
"0712 Larvik (2018-2019)"	"Småhus"	"2021K1"	.	.
"0712 Larvik (2018-2019)"	"Småhus"	"2021K2"	.	.
"0712 Larvik (2018-2019)"	"Småhus"	"2021K3"	.	.
"0712 Larvik (2018-2019)"	"Småhus"	"2021K4"	.	.
"0712 Larvik (2018-2019)"	"Småhus"	"2022K1"	.	.
"0712 Larvik (2018-2019)"	"Småhus"	"2022K2"	.	.
"0712 Larvik (2018-2019)"	"Småhus"	"2022K3"	.	.
"0712 Larvik (2018-2019)"	"Småhus"	"2022K4"	.	.
"0712 Larvik (2018-2019)"	"Småhus"	"2023K1"	.	.
"0712 Larvik (2018-2019)"	"Småhus"	"2023K2"	.	.
"0712 Larvik (2018-2019)"	"Småhus"	"2023K3"	.	.
"0712 Larvik (2018-2019)"	"Blokkleiligheter"	"2006K1"	.	.
"0712 Larvik (2018-2019)"	"Blokkleiligheter"	"2006K2"	.	.
"0712 Larvik (2018-2019)"	"Blokkleiligheter"	"2006K3"	.	.
"0712 Larvik (2018-2019)"	"Blokkleiligheter"	"2006K4"	.	.
"0712 Larvik (2018-2019)"	"Blokkleiligheter"	"2007K1"	.	.
"0712 Larvik (2018-2019)"	"Blokkleiligheter"	"2007K2"	.	.
"0712 Larvik (2018-2019)"	"Blokkleiligheter"	"2007K3"	.	.
"0712 Larvik (2018-2019)"	"Blokkleiligheter"	"2007K4"	.	.
"0712 Larvik (2018-2019)"	"Blokkleiligheter"	"2008K1"	.	.
"0712 Larvik (2018-2019)"	"Blokkleiligheter"	"2008K2"	.	.
"0712 Larvik (2018-2019)"	"Blokkleiligheter"	"2008K3"	.	.
"0712 Larvik (2018-2019)"	"Blokkleiligheter"	"2008K4"	.	.
"0712 Larvik (2018-2019)"	"Blokkleiligheter"	"2009K1"	.	.
"0712 Larvik (2018-2019)"	"Blokkleiligheter"	"2009K2"	.	.
"0712 Larvik (2018-2019)"	"Blokkleiligheter"	"2009K3"	.	.
"0712 Larvik (2018-2019)"	"Blokkleiligheter"	"2009K4"	.	.
"0712 Larvik (2018-2019)"	"Blokkleiligheter"	"2010K1"	.	.
"0712 Larvik (2018-2019)"	"Blokkleiligheter"	"2010K2"	.	.
"0712 Larvik (2018-2019)"	"Blokkleiligheter"	"2010K3"	.	.
"0712 Larvik (2018-2019)"	"Blokkleiligheter"	"2010K4"	.	.
"0712 Larvik (2018-2019)"	"Blokkleiligheter"	"2011K1"	.	.
"0712 Larvik (2018-2019)"	"Blokkleiligheter"	"2011K2"	.	.
"0712 Larvik (2018-2019)"	"Blokkleiligheter"	"2011K3"	.	.
"0712 Larvik (2018-2019)"	"Blokkleiligheter"	"2011K4"	.	.
"0712 Larvik (2018-2019)"	"Blokkleiligheter"	"2012K1"	.	.
"0712 Larvik (2018-2019)"	"Blokkleiligheter"	"2012K2"	.	.
"0712 Larvik (2018-2019)"	"Blokkleiligheter"	"2012K3"	.	.
"0712 Larvik (2018-2019)"	"Blokkleiligheter"	"2012K4"	.	.
"0712 Larvik (2018-2019)"	"Blokkleiligheter"	"2013K1"	.	.
"0712 Larvik (2018-2019)"	"Blokkleiligheter"	"2013K2"	.	.
"0712 Larvik (2018-2019)"	"Blokkleiligheter"	"2013K3"	.	.
"0712 Larvik (2018-2019)"	"Blokkleiligheter"	"2013K4"	.	.
"0712 Larvik (2018-2019)"	"Blokkleiligheter"	"2014K1"	.	.
"0712 Larvik (2018-2019)"	"Blokkleiligheter"	"2014K2"	.	.
"0712 Larvik (2018-2019)"	"Blokkleiligheter"	"2014K3"	.	.
"0712 Larvik (2018-2019)"	"Blokkleiligheter"	"2014K4"	.	.
"0712 Larvik (2018-2019)"	"Blokkleiligheter"	"2015K1"	.	.
"0712 Larvik (2018-2019)"	"Blokkleiligheter"	"2015K2"	.	.
"0712 Larvik (2018-2019)"	"Blokkleiligheter"	"2015K3"	.	.
"0712 Larvik (2018-2019)"	"Blokkleiligheter"	"2015K4"	.	.
"0712 Larvik (2018-2019)"	"Blokkleiligheter"	"2016K1"	.	.
"0712 Larvik (2018-2019)"	"Blokkleiligheter"	"2016K2"	.	.
"0712 Larvik (2018-2019)"	"Blokkleiligheter"	"2016K3"	.	.
"0712 Larvik (2018-2019)"	"Blokkleiligheter"	"2016K4"	.	.
"0712 Larvik (2018-2019)"	"Blokkleiligheter"	"2017K1"	.	.
"0712 Larvik (2018-2019)"	"Blokkleiligheter"	"2017K2"	.	.
"0712 Larvik (2018-2019)"	"Blokkleiligheter"	"2017K3"	.	.
"0712 Larvik (2018-2019)"	"Blokkleiligheter"	"2017K4"	.	.
"0712 Larvik (2018-2019)"	"Blokkleiligheter"	"2018K1"	31628	20
"0712 Larvik (2018-2019)"	"Blokkleiligheter"	"2018K2"	30134	35
"0712 Larvik (2018-2019)"	"Blokkleiligheter"	"2018K3"	30018	25
"0712 Larvik (2018-2019)"	"Blokkleiligheter"	"2018K4"	30917	36
"0712 Larvik (2018-2019)"	"Blokkleiligheter"	"2019K1"	34321	26
"0712 Larvik (2018-2019)"	"Blokkleiligheter"	"2019K2"	38051	36
"0712 Larvik (2018-2019)"	"Blokkleiligheter"	"2019K3"	37683	31
"0712 Larvik (2018-2019)"	"Blokkleiligheter"	"2019K4"	33268	26
"0712 Larvik (2018-2019)"	"Blokkleiligheter"	"2020K1"	.	.
"0712 Larvik (2018-2019)"	"Blokkleiligheter"	"2020K2"	.	.
"0712 Larvik (2018-2019)"	"Blokkleiligheter"	"2020K3"	.	.
"0712 Larvik (2018-2019)"	"Blokkleiligheter"	"2020K4"	.	.
"0712 Larvik (2018-2019)"	"Blokkleiligheter"	"2021K1"	.	.
"0712 Larvik (2018-2019)"	"Blokkleiligheter"	"2021K2"	.	.
"0712 Larvik (2018-2019)"	"Blokkleiligheter"	"2021K3"	.	.
"0712 Larvik (2018-2019)"	"Blokkleiligheter"	"2021K4"	.	.
"0712 Larvik (2018-2019)"	"Blokkleiligheter"	"2022K1"	.	.
"0712 Larvik (2018-2019)"	"Blokkleiligheter"	"2022K2"	.	.
"0712 Larvik (2018-2019)"	"Blokkleiligheter"	"2022K3"	.	.
"0712 Larvik (2018-2019)"	"Blokkleiligheter"	"2022K4"	.	.
"0712 Larvik (2018-2019)"	"Blokkleiligheter"	"2023K1"	.	.
"0712 Larvik (2018-2019)"	"Blokkleiligheter"	"2023K2"	.	.
"0712 Larvik (2018-2019)"	"Blokkleiligheter"	"2023K3"	.	.
"0722 Nøtterøy (-2017)"	"Eneboliger"	"2006K1"	16316	33
"0722 Nøtterøy (-2017)"	"Eneboliger"	"2006K2"	17636	53
"0722 Nøtterøy (-2017)"	"Eneboliger"	"2006K3"	16624	44
"0722 Nøtterøy (-2017)"	"Eneboliger"	"2006K4"	16670	22
"0722 Nøtterøy (-2017)"	"Eneboliger"	"2007K1"	18568	36
"0722 Nøtterøy (-2017)"	"Eneboliger"	"2007K2"	18493	46
"0722 Nøtterøy (-2017)"	"Eneboliger"	"2007K3"	20429	35
"0722 Nøtterøy (-2017)"	"Eneboliger"	"2007K4"	18095	37
"0722 Nøtterøy (-2017)"	"Eneboliger"	"2008K1"	17531	31
"0722 Nøtterøy (-2017)"	"Eneboliger"	"2008K2"	19726	56
"0722 Nøtterøy (-2017)"	"Eneboliger"	"2008K3"	19373	39
"0722 Nøtterøy (-2017)"	"Eneboliger"	"2008K4"	19056	23
"0722 Nøtterøy (-2017)"	"Eneboliger"	"2009K1"	19448	33
"0722 Nøtterøy (-2017)"	"Eneboliger"	"2009K2"	18071	58
"0722 Nøtterøy (-2017)"	"Eneboliger"	"2009K3"	19000	40
"0722 Nøtterøy (-2017)"	"Eneboliger"	"2009K4"	19324	42
"0722 Nøtterøy (-2017)"	"Eneboliger"	"2010K1"	18316	27
"0722 Nøtterøy (-2017)"	"Eneboliger"	"2010K2"	19902	56
"0722 Nøtterøy (-2017)"	"Eneboliger"	"2010K3"	20136	39
"0722 Nøtterøy (-2017)"	"Eneboliger"	"2010K4"	21888	32
"0722 Nøtterøy (-2017)"	"Eneboliger"	"2011K1"	20447	45
"0722 Nøtterøy (-2017)"	"Eneboliger"	"2011K2"	21515	83
"0722 Nøtterøy (-2017)"	"Eneboliger"	"2011K3"	19252	52
"0722 Nøtterøy (-2017)"	"Eneboliger"	"2011K4"	21996	38
"0722 Nøtterøy (-2017)"	"Eneboliger"	"2012K1"	20016	36
"0722 Nøtterøy (-2017)"	"Eneboliger"	"2012K2"	24131	81
"0722 Nøtterøy (-2017)"	"Eneboliger"	"2012K3"	22290	66
"0722 Nøtterøy (-2017)"	"Eneboliger"	"2012K4"	22409	41
"0722 Nøtterøy (-2017)"	"Eneboliger"	"2013K1"	22513	49
"0722 Nøtterøy (-2017)"	"Eneboliger"	"2013K2"	25793	93
"0722 Nøtterøy (-2017)"	"Eneboliger"	"2013K3"	24918	52
"0722 Nøtterøy (-2017)"	"Eneboliger"	"2013K4"	23062	42
"0722 Nøtterøy (-2017)"	"Eneboliger"	"2014K1"	21539	41
"0722 Nøtterøy (-2017)"	"Eneboliger"	"2014K2"	24680	81
"0722 Nøtterøy (-2017)"	"Eneboliger"	"2014K3"	25764	55
"0722 Nøtterøy (-2017)"	"Eneboliger"	"2014K4"	22489	48
"0722 Nøtterøy (-2017)"	"Eneboliger"	"2015K1"	23696	44
"0722 Nøtterøy (-2017)"	"Eneboliger"	"2015K2"	24477	84
"0722 Nøtterøy (-2017)"	"Eneboliger"	"2015K3"	25114	68
"0722 Nøtterøy (-2017)"	"Eneboliger"	"2015K4"	23419	40
"0722 Nøtterøy (-2017)"	"Eneboliger"	"2016K1"	22003	39
"0722 Nøtterøy (-2017)"	"Eneboliger"	"2016K2"	25648	92
"0722 Nøtterøy (-2017)"	"Eneboliger"	"2016K3"	28462	47
"0722 Nøtterøy (-2017)"	"Eneboliger"	"2016K4"	26289	40
"0722 Nøtterøy (-2017)"	"Eneboliger"	"2017K1"	27435	42
"0722 Nøtterøy (-2017)"	"Eneboliger"	"2017K2"	28795	78
"0722 Nøtterøy (-2017)"	"Eneboliger"	"2017K3"	31282	43
"0722 Nøtterøy (-2017)"	"Eneboliger"	"2017K4"	29552	40
"0722 Nøtterøy (-2017)"	"Eneboliger"	"2018K1"	.	.
"0722 Nøtterøy (-2017)"	"Eneboliger"	"2018K2"	.	.
"0722 Nøtterøy (-2017)"	"Eneboliger"	"2018K3"	.	.
"0722 Nøtterøy (-2017)"	"Eneboliger"	"2018K4"	.	.
"0722 Nøtterøy (-2017)"	"Eneboliger"	"2019K1"	.	.
"0722 Nøtterøy (-2017)"	"Eneboliger"	"2019K2"	.	.
"0722 Nøtterøy (-2017)"	"Eneboliger"	"2019K3"	.	.
"0722 Nøtterøy (-2017)"	"Eneboliger"	"2019K4"	.	.
"0722 Nøtterøy (-2017)"	"Eneboliger"	"2020K1"	.	.
"0722 Nøtterøy (-2017)"	"Eneboliger"	"2020K2"	.	.
"0722 Nøtterøy (-2017)"	"Eneboliger"	"2020K3"	.	.
"0722 Nøtterøy (-2017)"	"Eneboliger"	"2020K4"	.	.
"0722 Nøtterøy (-2017)"	"Eneboliger"	"2021K1"	.	.
"0722 Nøtterøy (-2017)"	"Eneboliger"	"2021K2"	.	.
"0722 Nøtterøy (-2017)"	"Eneboliger"	"2021K3"	.	.
"0722 Nøtterøy (-2017)"	"Eneboliger"	"2021K4"	.	.
"0722 Nøtterøy (-2017)"	"Eneboliger"	"2022K1"	.	.
"0722 Nøtterøy (-2017)"	"Eneboliger"	"2022K2"	.	.
"0722 Nøtterøy (-2017)"	"Eneboliger"	"2022K3"	.	.
"0722 Nøtterøy (-2017)"	"Eneboliger"	"2022K4"	.	.
"0722 Nøtterøy (-2017)"	"Eneboliger"	"2023K1"	.	.
"0722 Nøtterøy (-2017)"	"Eneboliger"	"2023K2"	.	.
"0722 Nøtterøy (-2017)"	"Eneboliger"	"2023K3"	.	.
"0722 Nøtterøy (-2017)"	"Småhus"	"2006K1"	..	3
"0722 Nøtterøy (-2017)"	"Småhus"	"2006K2"	..	8
"0722 Nøtterøy (-2017)"	"Småhus"	"2006K3"	..	4
"0722 Nøtterøy (-2017)"	"Småhus"	"2006K4"	..	4
"0722 Nøtterøy (-2017)"	"Småhus"	"2007K1"	..	6
"0722 Nøtterøy (-2017)"	"Småhus"	"2007K2"	16532	10
"0722 Nøtterøy (-2017)"	"Småhus"	"2007K3"	..	5
"0722 Nøtterøy (-2017)"	"Småhus"	"2007K4"	..	4
"0722 Nøtterøy (-2017)"	"Småhus"	"2008K1"	..	7
"0722 Nøtterøy (-2017)"	"Småhus"	"2008K2"	..	1
"0722 Nøtterøy (-2017)"	"Småhus"	"2008K3"	..	2
"0722 Nøtterøy (-2017)"	"Småhus"	"2008K4"	..	2
"0722 Nøtterøy (-2017)"	"Småhus"	"2009K1"	..	4
"0722 Nøtterøy (-2017)"	"Småhus"	"2009K2"	..	4
"0722 Nøtterøy (-2017)"	"Småhus"	"2009K3"	..	6
"0722 Nøtterøy (-2017)"	"Småhus"	"2009K4"	..	2
"0722 Nøtterøy (-2017)"	"Småhus"	"2010K1"	..	4
"0722 Nøtterøy (-2017)"	"Småhus"	"2010K2"	..	4
"0722 Nøtterøy (-2017)"	"Småhus"	"2010K3"	..	2
"0722 Nøtterøy (-2017)"	"Småhus"	"2010K4"	..	2
"0722 Nøtterøy (-2017)"	"Småhus"	"2011K1"	..	2
"0722 Nøtterøy (-2017)"	"Småhus"	"2011K2"	..	3
"0722 Nøtterøy (-2017)"	"Småhus"	"2011K3"	..	5
"0722 Nøtterøy (-2017)"	"Småhus"	"2011K4"	..	8
"0722 Nøtterøy (-2017)"	"Småhus"	"2012K1"	..	5
"0722 Nøtterøy (-2017)"	"Småhus"	"2012K2"	..	9
"0722 Nøtterøy (-2017)"	"Småhus"	"2012K3"	..	4
"0722 Nøtterøy (-2017)"	"Småhus"	"2012K4"	..	6
"0722 Nøtterøy (-2017)"	"Småhus"	"2013K1"	..	4
"0722 Nøtterøy (-2017)"	"Småhus"	"2013K2"	..	7
"0722 Nøtterøy (-2017)"	"Småhus"	"2013K3"	..	9
"0722 Nøtterøy (-2017)"	"Småhus"	"2013K4"	..	2
"0722 Nøtterøy (-2017)"	"Småhus"	"2014K1"	..	5
"0722 Nøtterøy (-2017)"	"Småhus"	"2014K2"	..	3
"0722 Nøtterøy (-2017)"	"Småhus"	"2014K3"	..	5
"0722 Nøtterøy (-2017)"	"Småhus"	"2014K4"	..	7
"0722 Nøtterøy (-2017)"	"Småhus"	"2015K1"	..	6
"0722 Nøtterøy (-2017)"	"Småhus"	"2015K2"	22945	13
"0722 Nøtterøy (-2017)"	"Småhus"	"2015K3"	..	5
"0722 Nøtterøy (-2017)"	"Småhus"	"2015K4"	..	4
"0722 Nøtterøy (-2017)"	"Småhus"	"2016K1"	..	3
"0722 Nøtterøy (-2017)"	"Småhus"	"2016K2"	27903	10
"0722 Nøtterøy (-2017)"	"Småhus"	"2016K3"	..	8
"0722 Nøtterøy (-2017)"	"Småhus"	"2016K4"	..	5
"0722 Nøtterøy (-2017)"	"Småhus"	"2017K1"	..	7
"0722 Nøtterøy (-2017)"	"Småhus"	"2017K2"	29094	11
"0722 Nøtterøy (-2017)"	"Småhus"	"2017K3"	..	6
"0722 Nøtterøy (-2017)"	"Småhus"	"2017K4"	..	2
"0722 Nøtterøy (-2017)"	"Småhus"	"2018K1"	.	.
"0722 Nøtterøy (-2017)"	"Småhus"	"2018K2"	.	.
"0722 Nøtterøy (-2017)"	"Småhus"	"2018K3"	.	.
"0722 Nøtterøy (-2017)"	"Småhus"	"2018K4"	.	.
"0722 Nøtterøy (-2017)"	"Småhus"	"2019K1"	.	.
"0722 Nøtterøy (-2017)"	"Småhus"	"2019K2"	.	.
"0722 Nøtterøy (-2017)"	"Småhus"	"2019K3"	.	.
"0722 Nøtterøy (-2017)"	"Småhus"	"2019K4"	.	.
"0722 Nøtterøy (-2017)"	"Småhus"	"2020K1"	.	.
"0722 Nøtterøy (-2017)"	"Småhus"	"2020K2"	.	.
"0722 Nøtterøy (-2017)"	"Småhus"	"2020K3"	.	.
"0722 Nøtterøy (-2017)"	"Småhus"	"2020K4"	.	.
"0722 Nøtterøy (-2017)"	"Småhus"	"2021K1"	.	.
"0722 Nøtterøy (-2017)"	"Småhus"	"2021K2"	.	.
"0722 Nøtterøy (-2017)"	"Småhus"	"2021K3"	.	.
"0722 Nøtterøy (-2017)"	"Småhus"	"2021K4"	.	.
"0722 Nøtterøy (-2017)"	"Småhus"	"2022K1"	.	.
"0722 Nøtterøy (-2017)"	"Småhus"	"2022K2"	.	.
"0722 Nøtterøy (-2017)"	"Småhus"	"2022K3"	.	.
"0722 Nøtterøy (-2017)"	"Småhus"	"2022K4"	.	.
"0722 Nøtterøy (-2017)"	"Småhus"	"2023K1"	.	.
"0722 Nøtterøy (-2017)"	"Småhus"	"2023K2"	.	.
"0722 Nøtterøy (-2017)"	"Småhus"	"2023K3"	.	.
"0722 Nøtterøy (-2017)"	"Blokkleiligheter"	"2006K1"	18799	14
"0722 Nøtterøy (-2017)"	"Blokkleiligheter"	"2006K2"	18025	16
"0722 Nøtterøy (-2017)"	"Blokkleiligheter"	"2006K3"	23281	11
"0722 Nøtterøy (-2017)"	"Blokkleiligheter"	"2006K4"	..	6
"0722 Nøtterøy (-2017)"	"Blokkleiligheter"	"2007K1"	..	9
"0722 Nøtterøy (-2017)"	"Blokkleiligheter"	"2007K2"	27154	10
"0722 Nøtterøy (-2017)"	"Blokkleiligheter"	"2007K3"	..	9
"0722 Nøtterøy (-2017)"	"Blokkleiligheter"	"2007K4"	21982	17
"0722 Nøtterøy (-2017)"	"Blokkleiligheter"	"2008K1"	21065	12
"0722 Nøtterøy (-2017)"	"Blokkleiligheter"	"2008K2"	22309	19
"0722 Nøtterøy (-2017)"	"Blokkleiligheter"	"2008K3"	..	9
"0722 Nøtterøy (-2017)"	"Blokkleiligheter"	"2008K4"	..	4
"0722 Nøtterøy (-2017)"	"Blokkleiligheter"	"2009K1"	..	7
"0722 Nøtterøy (-2017)"	"Blokkleiligheter"	"2009K2"	..	7
"0722 Nøtterøy (-2017)"	"Blokkleiligheter"	"2009K3"	..	8
"0722 Nøtterøy (-2017)"	"Blokkleiligheter"	"2009K4"	..	9
"0722 Nøtterøy (-2017)"	"Blokkleiligheter"	"2010K1"	..	8
"0722 Nøtterøy (-2017)"	"Blokkleiligheter"	"2010K2"	25126	14
"0722 Nøtterøy (-2017)"	"Blokkleiligheter"	"2010K3"	..	8
"0722 Nøtterøy (-2017)"	"Blokkleiligheter"	"2010K4"	..	6
"0722 Nøtterøy (-2017)"	"Blokkleiligheter"	"2011K1"	22731	13
"0722 Nøtterøy (-2017)"	"Blokkleiligheter"	"2011K2"	29718	14
"0722 Nøtterøy (-2017)"	"Blokkleiligheter"	"2011K3"	..	6
"0722 Nøtterøy (-2017)"	"Blokkleiligheter"	"2011K4"	..	5
"0722 Nøtterøy (-2017)"	"Blokkleiligheter"	"2012K1"	..	7
"0722 Nøtterøy (-2017)"	"Blokkleiligheter"	"2012K2"	25214	18
"0722 Nøtterøy (-2017)"	"Blokkleiligheter"	"2012K3"	26991	16
"0722 Nøtterøy (-2017)"	"Blokkleiligheter"	"2012K4"	..	9
"0722 Nøtterøy (-2017)"	"Blokkleiligheter"	"2013K1"	30001	13
"0722 Nøtterøy (-2017)"	"Blokkleiligheter"	"2013K2"	28657	20
"0722 Nøtterøy (-2017)"	"Blokkleiligheter"	"2013K3"	30879	13
"0722 Nøtterøy (-2017)"	"Blokkleiligheter"	"2013K4"	33687	10
"0722 Nøtterøy (-2017)"	"Blokkleiligheter"	"2014K1"	..	5
"0722 Nøtterøy (-2017)"	"Blokkleiligheter"	"2014K2"	33455	10
"0722 Nøtterøy (-2017)"	"Blokkleiligheter"	"2014K3"	29422	24
"0722 Nøtterøy (-2017)"	"Blokkleiligheter"	"2014K4"	..	7
"0722 Nøtterøy (-2017)"	"Blokkleiligheter"	"2015K1"	29928	14
"0722 Nøtterøy (-2017)"	"Blokkleiligheter"	"2015K2"	32305	19
"0722 Nøtterøy (-2017)"	"Blokkleiligheter"	"2015K3"	36493	12
"0722 Nøtterøy (-2017)"	"Blokkleiligheter"	"2015K4"	35109	11
"0722 Nøtterøy (-2017)"	"Blokkleiligheter"	"2016K1"	28696	10
"0722 Nøtterøy (-2017)"	"Blokkleiligheter"	"2016K2"	34104	19
"0722 Nøtterøy (-2017)"	"Blokkleiligheter"	"2016K3"	38871	18
"0722 Nøtterøy (-2017)"	"Blokkleiligheter"	"2016K4"	32097	14
"0722 Nøtterøy (-2017)"	"Blokkleiligheter"	"2017K1"	34498	12
"0722 Nøtterøy (-2017)"	"Blokkleiligheter"	"2017K2"	35429	13
"0722 Nøtterøy (-2017)"	"Blokkleiligheter"	"2017K3"	..	6
"0722 Nøtterøy (-2017)"	"Blokkleiligheter"	"2017K4"	..	7
"0722 Nøtterøy (-2017)"	"Blokkleiligheter"	"2018K1"	.	.
"0722 Nøtterøy (-2017)"	"Blokkleiligheter"	"2018K2"	.	.
"0722 Nøtterøy (-2017)"	"Blokkleiligheter"	"2018K3"	.	.
"0722 Nøtterøy (-2017)"	"Blokkleiligheter"	"2018K4"	.	.
"0722 Nøtterøy (-2017)"	"Blokkleiligheter"	"2019K1"	.	.
"0722 Nøtterøy (-2017)"	"Blokkleiligheter"	"2019K2"	.	.
"0722 Nøtterøy (-2017)"	"Blokkleiligheter"	"2019K3"	.	.
"0722 Nøtterøy (-2017)"	"Blokkleiligheter"	"2019K4"	.	.
"0722 Nøtterøy (-2017)"	"Blokkleiligheter"	"2020K1"	.	.
"0722 Nøtterøy (-2017)"	"Blokkleiligheter"	"2020K2"	.	.
"0722 Nøtterøy (-2017)"	"Blokkleiligheter"	"2020K3"	.	.
"0722 Nøtterøy (-2017)"	"Blokkleiligheter"	"2020K4"	.	.
"0722 Nøtterøy (-2017)"	"Blokkleiligheter"	"2021K1"	.	.
"0722 Nøtterøy (-2017)"	"Blokkleiligheter"	"2021K2"	.	.
"0722 Nøtterøy (-2017)"	"Blokkleiligheter"	"2021K3"	.	.
"0722 Nøtterøy (-2017)"	"Blokkleiligheter"	"2021K4"	.	.
"0722 Nøtterøy (-2017)"	"Blokkleiligheter"	"2022K1"	.	.
"0722 Nøtterøy (-2017)"	"Blokkleiligheter"	"2022K2"	.	.
"0722 Nøtterøy (-2017)"	"Blokkleiligheter"	"2022K3"	.	.
"0722 Nøtterøy (-2017)"	"Blokkleiligheter"	"2022K4"	.	.
"0722 Nøtterøy (-2017)"	"Blokkleiligheter"	"2023K1"	.	.
"0722 Nøtterøy (-2017)"	"Blokkleiligheter"	"2023K2"	.	.
"0722 Nøtterøy (-2017)"	"Blokkleiligheter"	"2023K3"	.	.
"0729 Færder (2018-2019)"	"Eneboliger"	"2006K1"	.	.
"0729 Færder (2018-2019)"	"Eneboliger"	"2006K2"	.	.
"0729 Færder (2018-2019)"	"Eneboliger"	"2006K3"	.	.
"0729 Færder (2018-2019)"	"Eneboliger"	"2006K4"	.	.
"0729 Færder (2018-2019)"	"Eneboliger"	"2007K1"	.	.
"0729 Færder (2018-2019)"	"Eneboliger"	"2007K2"	.	.
"0729 Færder (2018-2019)"	"Eneboliger"	"2007K3"	.	.
"0729 Færder (2018-2019)"	"Eneboliger"	"2007K4"	.	.
"0729 Færder (2018-2019)"	"Eneboliger"	"2008K1"	.	.
"0729 Færder (2018-2019)"	"Eneboliger"	"2008K2"	.	.
"0729 Færder (2018-2019)"	"Eneboliger"	"2008K3"	.	.
"0729 Færder (2018-2019)"	"Eneboliger"	"2008K4"	.	.
"0729 Færder (2018-2019)"	"Eneboliger"	"2009K1"	.	.
"0729 Færder (2018-2019)"	"Eneboliger"	"2009K2"	.	.
"0729 Færder (2018-2019)"	"Eneboliger"	"2009K3"	.	.
"0729 Færder (2018-2019)"	"Eneboliger"	"2009K4"	.	.
"0729 Færder (2018-2019)"	"Eneboliger"	"2010K1"	.	.
"0729 Færder (2018-2019)"	"Eneboliger"	"2010K2"	.	.
"0729 Færder (2018-2019)"	"Eneboliger"	"2010K3"	.	.
"0729 Færder (2018-2019)"	"Eneboliger"	"2010K4"	.	.
"0729 Færder (2018-2019)"	"Eneboliger"	"2011K1"	.	.
"0729 Færder (2018-2019)"	"Eneboliger"	"2011K2"	.	.
"0729 Færder (2018-2019)"	"Eneboliger"	"2011K3"	.	.
"0729 Færder (2018-2019)"	"Eneboliger"	"2011K4"	.	.
"0729 Færder (2018-2019)"	"Eneboliger"	"2012K1"	.	.
"0729 Færder (2018-2019)"	"Eneboliger"	"2012K2"	.	.
"0729 Færder (2018-2019)"	"Eneboliger"	"2012K3"	.	.
"0729 Færder (2018-2019)"	"Eneboliger"	"2012K4"	.	.
"0729 Færder (2018-2019)"	"Eneboliger"	"2013K1"	.	.
"0729 Færder (2018-2019)"	"Eneboliger"	"2013K2"	.	.
"0729 Færder (2018-2019)"	"Eneboliger"	"2013K3"	.	.
"0729 Færder (2018-2019)"	"Eneboliger"	"2013K4"	.	.
"0729 Færder (2018-2019)"	"Eneboliger"	"2014K1"	.	.
"0729 Færder (2018-2019)"	"Eneboliger"	"2014K2"	.	.
"0729 Færder (2018-2019)"	"Eneboliger"	"2014K3"	.	.
"0729 Færder (2018-2019)"	"Eneboliger"	"2014K4"	.	.
"0729 Færder (2018-2019)"	"Eneboliger"	"2015K1"	.	.
"0729 Færder (2018-2019)"	"Eneboliger"	"2015K2"	.	.
"0729 Færder (2018-2019)"	"Eneboliger"	"2015K3"	.	.
"0729 Færder (2018-2019)"	"Eneboliger"	"2015K4"	.	.
"0729 Færder (2018-2019)"	"Eneboliger"	"2016K1"	.	.
"0729 Færder (2018-2019)"	"Eneboliger"	"2016K2"	.	.
"0729 Færder (2018-2019)"	"Eneboliger"	"2016K3"	.	.
"0729 Færder (2018-2019)"	"Eneboliger"	"2016K4"	.	.
"0729 Færder (2018-2019)"	"Eneboliger"	"2017K1"	.	.
"0729 Færder (2018-2019)"	"Eneboliger"	"2017K2"	.	.
"0729 Færder (2018-2019)"	"Eneboliger"	"2017K3"	.	.
"0729 Færder (2018-2019)"	"Eneboliger"	"2017K4"	.	.
"0729 Færder (2018-2019)"	"Eneboliger"	"2018K1"	27633	36
"0729 Færder (2018-2019)"	"Eneboliger"	"2018K2"	33169	75
"0729 Færder (2018-2019)"	"Eneboliger"	"2018K3"	28803	66
"0729 Færder (2018-2019)"	"Eneboliger"	"2018K4"	26271	54
"0729 Færder (2018-2019)"	"Eneboliger"	"2019K1"	27774	44
"0729 Færder (2018-2019)"	"Eneboliger"	"2019K2"	29349	104
"0729 Færder (2018-2019)"	"Eneboliger"	"2019K3"	32032	81
"0729 Færder (2018-2019)"	"Eneboliger"	"2019K4"	27912	46
"0729 Færder (2018-2019)"	"Eneboliger"	"2020K1"	.	.
"0729 Færder (2018-2019)"	"Eneboliger"	"2020K2"	.	.
"0729 Færder (2018-2019)"	"Eneboliger"	"2020K3"	.	.
"0729 Færder (2018-2019)"	"Eneboliger"	"2020K4"	.	.
"0729 Færder (2018-2019)"	"Eneboliger"	"2021K1"	.	.
"0729 Færder (2018-2019)"	"Eneboliger"	"2021K2"	.	.
"0729 Færder (2018-2019)"	"Eneboliger"	"2021K3"	.	.
"0729 Færder (2018-2019)"	"Eneboliger"	"2021K4"	.	.
"0729 Færder (2018-2019)"	"Eneboliger"	"2022K1"	.	.
"0729 Færder (2018-2019)"	"Eneboliger"	"2022K2"	.	.
"0729 Færder (2018-2019)"	"Eneboliger"	"2022K3"	.	.
"0729 Færder (2018-2019)"	"Eneboliger"	"2022K4"	.	.
"0729 Færder (2018-2019)"	"Eneboliger"	"2023K1"	.	.
"0729 Færder (2018-2019)"	"Eneboliger"	"2023K2"	.	.
"0729 Færder (2018-2019)"	"Eneboliger"	"2023K3"	.	.
"0729 Færder (2018-2019)"	"Småhus"	"2006K1"	.	.
"0729 Færder (2018-2019)"	"Småhus"	"2006K2"	.	.
"0729 Færder (2018-2019)"	"Småhus"	"2006K3"	.	.
"0729 Færder (2018-2019)"	"Småhus"	"2006K4"	.	.
"0729 Færder (2018-2019)"	"Småhus"	"2007K1"	.	.
"0729 Færder (2018-2019)"	"Småhus"	"2007K2"	.	.
"0729 Færder (2018-2019)"	"Småhus"	"2007K3"	.	.
"0729 Færder (2018-2019)"	"Småhus"	"2007K4"	.	.
"0729 Færder (2018-2019)"	"Småhus"	"2008K1"	.	.
"0729 Færder (2018-2019)"	"Småhus"	"2008K2"	.	.
"0729 Færder (2018-2019)"	"Småhus"	"2008K3"	.	.
"0729 Færder (2018-2019)"	"Småhus"	"2008K4"	.	.
"0729 Færder (2018-2019)"	"Småhus"	"2009K1"	.	.
"0729 Færder (2018-2019)"	"Småhus"	"2009K2"	.	.
"0729 Færder (2018-2019)"	"Småhus"	"2009K3"	.	.
"0729 Færder (2018-2019)"	"Småhus"	"2009K4"	.	.
"0729 Færder (2018-2019)"	"Småhus"	"2010K1"	.	.
"0729 Færder (2018-2019)"	"Småhus"	"2010K2"	.	.
"0729 Færder (2018-2019)"	"Småhus"	"2010K3"	.	.
"0729 Færder (2018-2019)"	"Småhus"	"2010K4"	.	.
"0729 Færder (2018-2019)"	"Småhus"	"2011K1"	.	.
"0729 Færder (2018-2019)"	"Småhus"	"2011K2"	.	.
"0729 Færder (2018-2019)"	"Småhus"	"2011K3"	.	.
"0729 Færder (2018-2019)"	"Småhus"	"2011K4"	.	.
"0729 Færder (2018-2019)"	"Småhus"	"2012K1"	.	.
"0729 Færder (2018-2019)"	"Småhus"	"2012K2"	.	.
"0729 Færder (2018-2019)"	"Småhus"	"2012K3"	.	.
"0729 Færder (2018-2019)"	"Småhus"	"2012K4"	.	.
"0729 Færder (2018-2019)"	"Småhus"	"2013K1"	.	.
"0729 Færder (2018-2019)"	"Småhus"	"2013K2"	.	.
"0729 Færder (2018-2019)"	"Småhus"	"2013K3"	.	.
"0729 Færder (2018-2019)"	"Småhus"	"2013K4"	.	.
"0729 Færder (2018-2019)"	"Småhus"	"2014K1"	.	.
"0729 Færder (2018-2019)"	"Småhus"	"2014K2"	.	.
"0729 Færder (2018-2019)"	"Småhus"	"2014K3"	.	.
"0729 Færder (2018-2019)"	"Småhus"	"2014K4"	.	.
"0729 Færder (2018-2019)"	"Småhus"	"2015K1"	.	.
"0729 Færder (2018-2019)"	"Småhus"	"2015K2"	.	.
"0729 Færder (2018-2019)"	"Småhus"	"2015K3"	.	.
"0729 Færder (2018-2019)"	"Småhus"	"2015K4"	.	.
"0729 Færder (2018-2019)"	"Småhus"	"2016K1"	.	.
"0729 Færder (2018-2019)"	"Småhus"	"2016K2"	.	.
"0729 Færder (2018-2019)"	"Småhus"	"2016K3"	.	.
"0729 Færder (2018-2019)"	"Småhus"	"2016K4"	.	.
"0729 Færder (2018-2019)"	"Småhus"	"2017K1"	.	.
"0729 Færder (2018-2019)"	"Småhus"	"2017K2"	.	.
"0729 Færder (2018-2019)"	"Småhus"	"2017K3"	.	.
"0729 Færder (2018-2019)"	"Småhus"	"2017K4"	.	.
"0729 Færder (2018-2019)"	"Småhus"	"2018K1"	..	8
"0729 Færder (2018-2019)"	"Småhus"	"2018K2"	..	8
"0729 Færder (2018-2019)"	"Småhus"	"2018K3"	..	7
"0729 Færder (2018-2019)"	"Småhus"	"2018K4"	..	6
"0729 Færder (2018-2019)"	"Småhus"	"2019K1"	31559	11
"0729 Færder (2018-2019)"	"Småhus"	"2019K2"	29730	16
"0729 Færder (2018-2019)"	"Småhus"	"2019K3"	27007	10
"0729 Færder (2018-2019)"	"Småhus"	"2019K4"	29806	12
"0729 Færder (2018-2019)"	"Småhus"	"2020K1"	.	.
"0729 Færder (2018-2019)"	"Småhus"	"2020K2"	.	.
"0729 Færder (2018-2019)"	"Småhus"	"2020K3"	.	.
"0729 Færder (2018-2019)"	"Småhus"	"2020K4"	.	.
"0729 Færder (2018-2019)"	"Småhus"	"2021K1"	.	.
"0729 Færder (2018-2019)"	"Småhus"	"2021K2"	.	.
"0729 Færder (2018-2019)"	"Småhus"	"2021K3"	.	.
"0729 Færder (2018-2019)"	"Småhus"	"2021K4"	.	.
"0729 Færder (2018-2019)"	"Småhus"	"2022K1"	.	.
"0729 Færder (2018-2019)"	"Småhus"	"2022K2"	.	.
"0729 Færder (2018-2019)"	"Småhus"	"2022K3"	.	.
"0729 Færder (2018-2019)"	"Småhus"	"2022K4"	.	.
"0729 Færder (2018-2019)"	"Småhus"	"2023K1"	.	.
"0729 Færder (2018-2019)"	"Småhus"	"2023K2"	.	.
"0729 Færder (2018-2019)"	"Småhus"	"2023K3"	.	.
"0729 Færder (2018-2019)"	"Blokkleiligheter"	"2006K1"	.	.
"0729 Færder (2018-2019)"	"Blokkleiligheter"	"2006K2"	.	.
"0729 Færder (2018-2019)"	"Blokkleiligheter"	"2006K3"	.	.
"0729 Færder (2018-2019)"	"Blokkleiligheter"	"2006K4"	.	.
"0729 Færder (2018-2019)"	"Blokkleiligheter"	"2007K1"	.	.
"0729 Færder (2018-2019)"	"Blokkleiligheter"	"2007K2"	.	.
"0729 Færder (2018-2019)"	"Blokkleiligheter"	"2007K3"	.	.
"0729 Færder (2018-2019)"	"Blokkleiligheter"	"2007K4"	.	.
"0729 Færder (2018-2019)"	"Blokkleiligheter"	"2008K1"	.	.
"0729 Færder (2018-2019)"	"Blokkleiligheter"	"2008K2"	.	.
"0729 Færder (2018-2019)"	"Blokkleiligheter"	"2008K3"	.	.
"0729 Færder (2018-2019)"	"Blokkleiligheter"	"2008K4"	.	.
"0729 Færder (2018-2019)"	"Blokkleiligheter"	"2009K1"	.	.
"0729 Færder (2018-2019)"	"Blokkleiligheter"	"2009K2"	.	.
"0729 Færder (2018-2019)"	"Blokkleiligheter"	"2009K3"	.	.
"0729 Færder (2018-2019)"	"Blokkleiligheter"	"2009K4"	.	.
"0729 Færder (2018-2019)"	"Blokkleiligheter"	"2010K1"	.	.
"0729 Færder (2018-2019)"	"Blokkleiligheter"	"2010K2"	.	.
"0729 Færder (2018-2019)"	"Blokkleiligheter"	"2010K3"	.	.
"0729 Færder (2018-2019)"	"Blokkleiligheter"	"2010K4"	.	.
"0729 Færder (2018-2019)"	"Blokkleiligheter"	"2011K1"	.	.
"0729 Færder (2018-2019)"	"Blokkleiligheter"	"2011K2"	.	.
"0729 Færder (2018-2019)"	"Blokkleiligheter"	"2011K3"	.	.
"0729 Færder (2018-2019)"	"Blokkleiligheter"	"2011K4"	.	.
"0729 Færder (2018-2019)"	"Blokkleiligheter"	"2012K1"	.	.
"0729 Færder (2018-2019)"	"Blokkleiligheter"	"2012K2"	.	.
"0729 Færder (2018-2019)"	"Blokkleiligheter"	"2012K3"	.	.
"0729 Færder (2018-2019)"	"Blokkleiligheter"	"2012K4"	.	.
"0729 Færder (2018-2019)"	"Blokkleiligheter"	"2013K1"	.	.
"0729 Færder (2018-2019)"	"Blokkleiligheter"	"2013K2"	.	.
"0729 Færder (2018-2019)"	"Blokkleiligheter"	"2013K3"	.	.
"0729 Færder (2018-2019)"	"Blokkleiligheter"	"2013K4"	.	.
"0729 Færder (2018-2019)"	"Blokkleiligheter"	"2014K1"	.	.
"0729 Færder (2018-2019)"	"Blokkleiligheter"	"2014K2"	.	.
"0729 Færder (2018-2019)"	"Blokkleiligheter"	"2014K3"	.	.
"0729 Færder (2018-2019)"	"Blokkleiligheter"	"2014K4"	.	.
"0729 Færder (2018-2019)"	"Blokkleiligheter"	"2015K1"	.	.
"0729 Færder (2018-2019)"	"Blokkleiligheter"	"2015K2"	.	.
"0729 Færder (2018-2019)"	"Blokkleiligheter"	"2015K3"	.	.
"0729 Færder (2018-2019)"	"Blokkleiligheter"	"2015K4"	.	.
"0729 Færder (2018-2019)"	"Blokkleiligheter"	"2016K1"	.	.
"0729 Færder (2018-2019)"	"Blokkleiligheter"	"2016K2"	.	.
"0729 Færder (2018-2019)"	"Blokkleiligheter"	"2016K3"	.	.
"0729 Færder (2018-2019)"	"Blokkleiligheter"	"2016K4"	.	.
"0729 Færder (2018-2019)"	"Blokkleiligheter"	"2017K1"	.	.
"0729 Færder (2018-2019)"	"Blokkleiligheter"	"2017K2"	.	.
"0729 Færder (2018-2019)"	"Blokkleiligheter"	"2017K3"	.	.
"0729 Færder (2018-2019)"	"Blokkleiligheter"	"2017K4"	.	.
"0729 Færder (2018-2019)"	"Blokkleiligheter"	"2018K1"	..	6
"0729 Færder (2018-2019)"	"Blokkleiligheter"	"2018K2"	33734	12
"0729 Færder (2018-2019)"	"Blokkleiligheter"	"2018K3"	37396	11
"0729 Færder (2018-2019)"	"Blokkleiligheter"	"2018K4"	..	4
"0729 Færder (2018-2019)"	"Blokkleiligheter"	"2019K1"	39604	11
"0729 Færder (2018-2019)"	"Blokkleiligheter"	"2019K2"	42068	16
"0729 Færder (2018-2019)"	"Blokkleiligheter"	"2019K3"	43670	14
"0729 Færder (2018-2019)"	"Blokkleiligheter"	"2019K4"	35649	11
"0729 Færder (2018-2019)"	"Blokkleiligheter"	"2020K1"	.	.
"0729 Færder (2018-2019)"	"Blokkleiligheter"	"2020K2"	.	.
"0729 Færder (2018-2019)"	"Blokkleiligheter"	"2020K3"	.	.
"0729 Færder (2018-2019)"	"Blokkleiligheter"	"2020K4"	.	.
"0729 Færder (2018-2019)"	"Blokkleiligheter"	"2021K1"	.	.
"0729 Færder (2018-2019)"	"Blokkleiligheter"	"2021K2"	.	.
"0729 Færder (2018-2019)"	"Blokkleiligheter"	"2021K3"	.	.
"0729 Færder (2018-2019)"	"Blokkleiligheter"	"2021K4"	.	.
"0729 Færder (2018-2019)"	"Blokkleiligheter"	"2022K1"	.	.
"0729 Færder (2018-2019)"	"Blokkleiligheter"	"2022K2"	.	.
"0729 Færder (2018-2019)"	"Blokkleiligheter"	"2022K3"	.	.
"0729 Færder (2018-2019)"	"Blokkleiligheter"	"2022K4"	.	.
"0729 Færder (2018-2019)"	"Blokkleiligheter"	"2023K1"	.	.
"0729 Færder (2018-2019)"	"Blokkleiligheter"	"2023K2"	.	.
"0729 Færder (2018-2019)"	"Blokkleiligheter"	"2023K3"	.	.
"0805 Porsgrunn (-2019)"	"Eneboliger"	"2006K1"	11136	30
"0805 Porsgrunn (-2019)"	"Eneboliger"	"2006K2"	11878	54
"0805 Porsgrunn (-2019)"	"Eneboliger"	"2006K3"	12682	39
"0805 Porsgrunn (-2019)"	"Eneboliger"	"2006K4"	12035	38
"0805 Porsgrunn (-2019)"	"Eneboliger"	"2007K1"	13161	26
"0805 Porsgrunn (-2019)"	"Eneboliger"	"2007K2"	14017	57
"0805 Porsgrunn (-2019)"	"Eneboliger"	"2007K3"	12829	33
"0805 Porsgrunn (-2019)"	"Eneboliger"	"2007K4"	14136	40
"0805 Porsgrunn (-2019)"	"Eneboliger"	"2008K1"	13942	50
"0805 Porsgrunn (-2019)"	"Eneboliger"	"2008K2"	14832	81
"0805 Porsgrunn (-2019)"	"Eneboliger"	"2008K3"	14447	48
"0805 Porsgrunn (-2019)"	"Eneboliger"	"2008K4"	12912	52
"0805 Porsgrunn (-2019)"	"Eneboliger"	"2009K1"	13878	49
"0805 Porsgrunn (-2019)"	"Eneboliger"	"2009K2"	14854	73
"0805 Porsgrunn (-2019)"	"Eneboliger"	"2009K3"	14049	56
"0805 Porsgrunn (-2019)"	"Eneboliger"	"2009K4"	15058	52
"0805 Porsgrunn (-2019)"	"Eneboliger"	"2010K1"	14682	46
"0805 Porsgrunn (-2019)"	"Eneboliger"	"2010K2"	15862	87
"0805 Porsgrunn (-2019)"	"Eneboliger"	"2010K3"	16482	68
"0805 Porsgrunn (-2019)"	"Eneboliger"	"2010K4"	14690	61
"0805 Porsgrunn (-2019)"	"Eneboliger"	"2011K1"	16310	64
"0805 Porsgrunn (-2019)"	"Eneboliger"	"2011K2"	16268	81
"0805 Porsgrunn (-2019)"	"Eneboliger"	"2011K3"	15949	72
"0805 Porsgrunn (-2019)"	"Eneboliger"	"2011K4"	15714	84
"0805 Porsgrunn (-2019)"	"Eneboliger"	"2012K1"	17574	59
"0805 Porsgrunn (-2019)"	"Eneboliger"	"2012K2"	16620	79
"0805 Porsgrunn (-2019)"	"Eneboliger"	"2012K3"	17430	61
"0805 Porsgrunn (-2019)"	"Eneboliger"	"2012K4"	16686	67
"0805 Porsgrunn (-2019)"	"Eneboliger"	"2013K1"	15856	42
"0805 Porsgrunn (-2019)"	"Eneboliger"	"2013K2"	17364	92
"0805 Porsgrunn (-2019)"	"Eneboliger"	"2013K3"	17302	74
"0805 Porsgrunn (-2019)"	"Eneboliger"	"2013K4"	15565	58
"0805 Porsgrunn (-2019)"	"Eneboliger"	"2014K1"	16270	52
"0805 Porsgrunn (-2019)"	"Eneboliger"	"2014K2"	16842	76
"0805 Porsgrunn (-2019)"	"Eneboliger"	"2014K3"	18202	70
"0805 Porsgrunn (-2019)"	"Eneboliger"	"2014K4"	17680	54
"0805 Porsgrunn (-2019)"	"Eneboliger"	"2015K1"	16831	63
"0805 Porsgrunn (-2019)"	"Eneboliger"	"2015K2"	18023	74
"0805 Porsgrunn (-2019)"	"Eneboliger"	"2015K3"	17118	36
"0805 Porsgrunn (-2019)"	"Eneboliger"	"2015K4"	17798	56
"0805 Porsgrunn (-2019)"	"Eneboliger"	"2016K1"	17972	54
"0805 Porsgrunn (-2019)"	"Eneboliger"	"2016K2"	18841	88
"0805 Porsgrunn (-2019)"	"Eneboliger"	"2016K3"	17872	56
"0805 Porsgrunn (-2019)"	"Eneboliger"	"2016K4"	18314	41
"0805 Porsgrunn (-2019)"	"Eneboliger"	"2017K1"	19447	47
"0805 Porsgrunn (-2019)"	"Eneboliger"	"2017K2"	19599	87
"0805 Porsgrunn (-2019)"	"Eneboliger"	"2017K3"	20044	46
"0805 Porsgrunn (-2019)"	"Eneboliger"	"2017K4"	19187	56
"0805 Porsgrunn (-2019)"	"Eneboliger"	"2018K1"	20708	38
"0805 Porsgrunn (-2019)"	"Eneboliger"	"2018K2"	22093	94
"0805 Porsgrunn (-2019)"	"Eneboliger"	"2018K3"	21931	70
"0805 Porsgrunn (-2019)"	"Eneboliger"	"2018K4"	20089	66
"0805 Porsgrunn (-2019)"	"Eneboliger"	"2019K1"	20030	71
"0805 Porsgrunn (-2019)"	"Eneboliger"	"2019K2"	20666	88
"0805 Porsgrunn (-2019)"	"Eneboliger"	"2019K3"	20887	83
"0805 Porsgrunn (-2019)"	"Eneboliger"	"2019K4"	19440	59
"0805 Porsgrunn (-2019)"	"Eneboliger"	"2020K1"	.	.
"0805 Porsgrunn (-2019)"	"Eneboliger"	"2020K2"	.	.
"0805 Porsgrunn (-2019)"	"Eneboliger"	"2020K3"	.	.
"0805 Porsgrunn (-2019)"	"Eneboliger"	"2020K4"	.	.
"0805 Porsgrunn (-2019)"	"Eneboliger"	"2021K1"	.	.
"0805 Porsgrunn (-2019)"	"Eneboliger"	"2021K2"	.	.
"0805 Porsgrunn (-2019)"	"Eneboliger"	"2021K3"	.	.
"0805 Porsgrunn (-2019)"	"Eneboliger"	"2021K4"	.	.
"0805 Porsgrunn (-2019)"	"Eneboliger"	"2022K1"	.	.
"0805 Porsgrunn (-2019)"	"Eneboliger"	"2022K2"	.	.
"0805 Porsgrunn (-2019)"	"Eneboliger"	"2022K3"	.	.
"0805 Porsgrunn (-2019)"	"Eneboliger"	"2022K4"	.	.
"0805 Porsgrunn (-2019)"	"Eneboliger"	"2023K1"	.	.
"0805 Porsgrunn (-2019)"	"Eneboliger"	"2023K2"	.	.
"0805 Porsgrunn (-2019)"	"Eneboliger"	"2023K3"	.	.
"0805 Porsgrunn (-2019)"	"Småhus"	"2006K1"	11529	19
"0805 Porsgrunn (-2019)"	"Småhus"	"2006K2"	12078	20
"0805 Porsgrunn (-2019)"	"Småhus"	"2006K3"	11331	23
"0805 Porsgrunn (-2019)"	"Småhus"	"2006K4"	14206	23
"0805 Porsgrunn (-2019)"	"Småhus"	"2007K1"	13095	17
"0805 Porsgrunn (-2019)"	"Småhus"	"2007K2"	15179	27
"0805 Porsgrunn (-2019)"	"Småhus"	"2007K3"	14365	19
"0805 Porsgrunn (-2019)"	"Småhus"	"2007K4"	14958	21
"0805 Porsgrunn (-2019)"	"Småhus"	"2008K1"	13680	30
"0805 Porsgrunn (-2019)"	"Småhus"	"2008K2"	14829	39
"0805 Porsgrunn (-2019)"	"Småhus"	"2008K3"	14565	30
"0805 Porsgrunn (-2019)"	"Småhus"	"2008K4"	13823	24
"0805 Porsgrunn (-2019)"	"Småhus"	"2009K1"	..	5
"0805 Porsgrunn (-2019)"	"Småhus"	"2009K2"	15679	12
"0805 Porsgrunn (-2019)"	"Småhus"	"2009K3"	..	5
"0805 Porsgrunn (-2019)"	"Småhus"	"2009K4"	..	3
"0805 Porsgrunn (-2019)"	"Småhus"	"2010K1"	..	7
"0805 Porsgrunn (-2019)"	"Småhus"	"2010K2"	..	8
"0805 Porsgrunn (-2019)"	"Småhus"	"2010K3"	15981	13
"0805 Porsgrunn (-2019)"	"Småhus"	"2010K4"	12934	11
"0805 Porsgrunn (-2019)"	"Småhus"	"2011K1"	..	3
"0805 Porsgrunn (-2019)"	"Småhus"	"2011K2"	17350	15
"0805 Porsgrunn (-2019)"	"Småhus"	"2011K3"	13838	11
"0805 Porsgrunn (-2019)"	"Småhus"	"2011K4"	15429	11
"0805 Porsgrunn (-2019)"	"Småhus"	"2012K1"	16503	15
"0805 Porsgrunn (-2019)"	"Småhus"	"2012K2"	17181	16
"0805 Porsgrunn (-2019)"	"Småhus"	"2012K3"	17521	11
"0805 Porsgrunn (-2019)"	"Småhus"	"2012K4"	17852	10
"0805 Porsgrunn (-2019)"	"Småhus"	"2013K1"	18861	10
"0805 Porsgrunn (-2019)"	"Småhus"	"2013K2"	..	9
"0805 Porsgrunn (-2019)"	"Småhus"	"2013K3"	17369	11
"0805 Porsgrunn (-2019)"	"Småhus"	"2013K4"	..	9
"0805 Porsgrunn (-2019)"	"Småhus"	"2014K1"	..	6
"0805 Porsgrunn (-2019)"	"Småhus"	"2014K2"	17219	10
"0805 Porsgrunn (-2019)"	"Småhus"	"2014K3"	..	9
"0805 Porsgrunn (-2019)"	"Småhus"	"2014K4"	14143	10
"0805 Porsgrunn (-2019)"	"Småhus"	"2015K1"	16382	13
"0805 Porsgrunn (-2019)"	"Småhus"	"2015K2"	18596	19
"0805 Porsgrunn (-2019)"	"Småhus"	"2015K3"	..	9
"0805 Porsgrunn (-2019)"	"Småhus"	"2015K4"	..	4
"0805 Porsgrunn (-2019)"	"Småhus"	"2016K1"	..	8
"0805 Porsgrunn (-2019)"	"Småhus"	"2016K2"	20328	15
"0805 Porsgrunn (-2019)"	"Småhus"	"2016K3"	18595	11
"0805 Porsgrunn (-2019)"	"Småhus"	"2016K4"	..	9
"0805 Porsgrunn (-2019)"	"Småhus"	"2017K1"	18150	13
"0805 Porsgrunn (-2019)"	"Småhus"	"2017K2"	..	9
"0805 Porsgrunn (-2019)"	"Småhus"	"2017K3"	..	9
"0805 Porsgrunn (-2019)"	"Småhus"	"2017K4"	..	9
"0805 Porsgrunn (-2019)"	"Småhus"	"2018K1"	..	6
"0805 Porsgrunn (-2019)"	"Småhus"	"2018K2"	17654	12
"0805 Porsgrunn (-2019)"	"Småhus"	"2018K3"	..	4
"0805 Porsgrunn (-2019)"	"Småhus"	"2018K4"	..	7
"0805 Porsgrunn (-2019)"	"Småhus"	"2019K1"	21612	11
"0805 Porsgrunn (-2019)"	"Småhus"	"2019K2"	22171	22
"0805 Porsgrunn (-2019)"	"Småhus"	"2019K3"	..	7
"0805 Porsgrunn (-2019)"	"Småhus"	"2019K4"	..	9
"0805 Porsgrunn (-2019)"	"Småhus"	"2020K1"	.	.
"0805 Porsgrunn (-2019)"	"Småhus"	"2020K2"	.	.
"0805 Porsgrunn (-2019)"	"Småhus"	"2020K3"	.	.
"0805 Porsgrunn (-2019)"	"Småhus"	"2020K4"	.	.
"0805 Porsgrunn (-2019)"	"Småhus"	"2021K1"	.	.
"0805 Porsgrunn (-2019)"	"Småhus"	"2021K2"	.	.
"0805 Porsgrunn (-2019)"	"Småhus"	"2021K3"	.	.
"0805 Porsgrunn (-2019)"	"Småhus"	"2021K4"	.	.
"0805 Porsgrunn (-2019)"	"Småhus"	"2022K1"	.	.
"0805 Porsgrunn (-2019)"	"Småhus"	"2022K2"	.	.
"0805 Porsgrunn (-2019)"	"Småhus"	"2022K3"	.	.
"0805 Porsgrunn (-2019)"	"Småhus"	"2022K4"	.	.
"0805 Porsgrunn (-2019)"	"Småhus"	"2023K1"	.	.
"0805 Porsgrunn (-2019)"	"Småhus"	"2023K2"	.	.
"0805 Porsgrunn (-2019)"	"Småhus"	"2023K3"	.	.
"0805 Porsgrunn (-2019)"	"Blokkleiligheter"	"2006K1"	..	6
"0805 Porsgrunn (-2019)"	"Blokkleiligheter"	"2006K2"	..	5
"0805 Porsgrunn (-2019)"	"Blokkleiligheter"	"2006K3"	..	8
"0805 Porsgrunn (-2019)"	"Blokkleiligheter"	"2006K4"	..	4
"0805 Porsgrunn (-2019)"	"Blokkleiligheter"	"2007K1"	..	5
"0805 Porsgrunn (-2019)"	"Blokkleiligheter"	"2007K2"	..	7
"0805 Porsgrunn (-2019)"	"Blokkleiligheter"	"2007K3"	..	4
"0805 Porsgrunn (-2019)"	"Blokkleiligheter"	"2007K4"	..	8
"0805 Porsgrunn (-2019)"	"Blokkleiligheter"	"2008K1"	19108	13
"0805 Porsgrunn (-2019)"	"Blokkleiligheter"	"2008K2"	..	7
"0805 Porsgrunn (-2019)"	"Blokkleiligheter"	"2008K3"	..	6
"0805 Porsgrunn (-2019)"	"Blokkleiligheter"	"2008K4"	..	8
"0805 Porsgrunn (-2019)"	"Blokkleiligheter"	"2009K1"	..	7
"0805 Porsgrunn (-2019)"	"Blokkleiligheter"	"2009K2"	..	8
"0805 Porsgrunn (-2019)"	"Blokkleiligheter"	"2009K3"	27597	11
"0805 Porsgrunn (-2019)"	"Blokkleiligheter"	"2009K4"	..	9
"0805 Porsgrunn (-2019)"	"Blokkleiligheter"	"2010K1"	26118	11
"0805 Porsgrunn (-2019)"	"Blokkleiligheter"	"2010K2"	24292	11
"0805 Porsgrunn (-2019)"	"Blokkleiligheter"	"2010K3"	..	8
"0805 Porsgrunn (-2019)"	"Blokkleiligheter"	"2010K4"	25226	10
"0805 Porsgrunn (-2019)"	"Blokkleiligheter"	"2011K1"	25435	12
"0805 Porsgrunn (-2019)"	"Blokkleiligheter"	"2011K2"	24351	13
"0805 Porsgrunn (-2019)"	"Blokkleiligheter"	"2011K3"	26678	10
"0805 Porsgrunn (-2019)"	"Blokkleiligheter"	"2011K4"	..	5
"0805 Porsgrunn (-2019)"	"Blokkleiligheter"	"2012K1"	23456	17
"0805 Porsgrunn (-2019)"	"Blokkleiligheter"	"2012K2"	28754	11
"0805 Porsgrunn (-2019)"	"Blokkleiligheter"	"2012K3"	..	9
"0805 Porsgrunn (-2019)"	"Blokkleiligheter"	"2012K4"	..	4
"0805 Porsgrunn (-2019)"	"Blokkleiligheter"	"2013K1"	..	9
"0805 Porsgrunn (-2019)"	"Blokkleiligheter"	"2013K2"	28052	12
"0805 Porsgrunn (-2019)"	"Blokkleiligheter"	"2013K3"	29217	11
"0805 Porsgrunn (-2019)"	"Blokkleiligheter"	"2013K4"	..	6
"0805 Porsgrunn (-2019)"	"Blokkleiligheter"	"2014K1"	25448	10
"0805 Porsgrunn (-2019)"	"Blokkleiligheter"	"2014K2"	23824	13
"0805 Porsgrunn (-2019)"	"Blokkleiligheter"	"2014K3"	..	9
"0805 Porsgrunn (-2019)"	"Blokkleiligheter"	"2014K4"	..	9
"0805 Porsgrunn (-2019)"	"Blokkleiligheter"	"2015K1"	24806	12
"0805 Porsgrunn (-2019)"	"Blokkleiligheter"	"2015K2"	30297	11
"0805 Porsgrunn (-2019)"	"Blokkleiligheter"	"2015K3"	25634	15
"0805 Porsgrunn (-2019)"	"Blokkleiligheter"	"2015K4"	..	5
"0805 Porsgrunn (-2019)"	"Blokkleiligheter"	"2016K1"	29838	10
"0805 Porsgrunn (-2019)"	"Blokkleiligheter"	"2016K2"	..	7
"0805 Porsgrunn (-2019)"	"Blokkleiligheter"	"2016K3"	27219	13
"0805 Porsgrunn (-2019)"	"Blokkleiligheter"	"2016K4"	..	6
"0805 Porsgrunn (-2019)"	"Blokkleiligheter"	"2017K1"	30115	12
"0805 Porsgrunn (-2019)"	"Blokkleiligheter"	"2017K2"	27661	11
"0805 Porsgrunn (-2019)"	"Blokkleiligheter"	"2017K3"	33598	11
"0805 Porsgrunn (-2019)"	"Blokkleiligheter"	"2017K4"	..	3
"0805 Porsgrunn (-2019)"	"Blokkleiligheter"	"2018K1"	..	6
"0805 Porsgrunn (-2019)"	"Blokkleiligheter"	"2018K2"	30138	14
"0805 Porsgrunn (-2019)"	"Blokkleiligheter"	"2018K3"	30080	13
"0805 Porsgrunn (-2019)"	"Blokkleiligheter"	"2018K4"	25798	13
"0805 Porsgrunn (-2019)"	"Blokkleiligheter"	"2019K1"	28675	12
"0805 Porsgrunn (-2019)"	"Blokkleiligheter"	"2019K2"	33298	18
"0805 Porsgrunn (-2019)"	"Blokkleiligheter"	"2019K3"	32675	10
"0805 Porsgrunn (-2019)"	"Blokkleiligheter"	"2019K4"	..	9
"0805 Porsgrunn (-2019)"	"Blokkleiligheter"	"2020K1"	.	.
"0805 Porsgrunn (-2019)"	"Blokkleiligheter"	"2020K2"	.	.
"0805 Porsgrunn (-2019)"	"Blokkleiligheter"	"2020K3"	.	.
"0805 Porsgrunn (-2019)"	"Blokkleiligheter"	"2020K4"	.	.
"0805 Porsgrunn (-2019)"	"Blokkleiligheter"	"2021K1"	.	.
"0805 Porsgrunn (-2019)"	"Blokkleiligheter"	"2021K2"	.	.
"0805 Porsgrunn (-2019)"	"Blokkleiligheter"	"2021K3"	.	.
"0805 Porsgrunn (-2019)"	"Blokkleiligheter"	"2021K4"	.	.
"0805 Porsgrunn (-2019)"	"Blokkleiligheter"	"2022K1"	.	.
"0805 Porsgrunn (-2019)"	"Blokkleiligheter"	"2022K2"	.	.
"0805 Porsgrunn (-2019)"	"Blokkleiligheter"	"2022K3"	.	.
"0805 Porsgrunn (-2019)"	"Blokkleiligheter"	"2022K4"	.	.
"0805 Porsgrunn (-2019)"	"Blokkleiligheter"	"2023K1"	.	.
"0805 Porsgrunn (-2019)"	"Blokkleiligheter"	"2023K2"	.	.
"0805 Porsgrunn (-2019)"	"Blokkleiligheter"	"2023K3"	.	.
"0806 Skien (-2019)"	"Eneboliger"	"2006K1"	10531	66
"0806 Skien (-2019)"	"Eneboliger"	"2006K2"	11606	76
"0806 Skien (-2019)"	"Eneboliger"	"2006K3"	11707	75
"0806 Skien (-2019)"	"Eneboliger"	"2006K4"	12140	51
"0806 Skien (-2019)"	"Eneboliger"	"2007K1"	12590	40
"0806 Skien (-2019)"	"Eneboliger"	"2007K2"	13194	67
"0806 Skien (-2019)"	"Eneboliger"	"2007K3"	14301	61
"0806 Skien (-2019)"	"Eneboliger"	"2007K4"	13068	87
"0806 Skien (-2019)"	"Eneboliger"	"2008K1"	12792	55
"0806 Skien (-2019)"	"Eneboliger"	"2008K2"	13535	142
"0806 Skien (-2019)"	"Eneboliger"	"2008K3"	13551	74
"0806 Skien (-2019)"	"Eneboliger"	"2008K4"	12572	74
"0806 Skien (-2019)"	"Eneboliger"	"2009K1"	12860	60
"0806 Skien (-2019)"	"Eneboliger"	"2009K2"	12791	114
"0806 Skien (-2019)"	"Eneboliger"	"2009K3"	13242	112
"0806 Skien (-2019)"	"Eneboliger"	"2009K4"	13760	98
"0806 Skien (-2019)"	"Eneboliger"	"2010K1"	14691	69
"0806 Skien (-2019)"	"Eneboliger"	"2010K2"	14825	143
"0806 Skien (-2019)"	"Eneboliger"	"2010K3"	15258	87
"0806 Skien (-2019)"	"Eneboliger"	"2010K4"	15208	86
"0806 Skien (-2019)"	"Eneboliger"	"2011K1"	15186	84
"0806 Skien (-2019)"	"Eneboliger"	"2011K2"	16430	142
"0806 Skien (-2019)"	"Eneboliger"	"2011K3"	15779	145
"0806 Skien (-2019)"	"Eneboliger"	"2011K4"	15444	125
"0806 Skien (-2019)"	"Eneboliger"	"2012K1"	15867	103
"0806 Skien (-2019)"	"Eneboliger"	"2012K2"	16427	118
"0806 Skien (-2019)"	"Eneboliger"	"2012K3"	16187	112
"0806 Skien (-2019)"	"Eneboliger"	"2012K4"	16176	86
"0806 Skien (-2019)"	"Eneboliger"	"2013K1"	15574	91
"0806 Skien (-2019)"	"Eneboliger"	"2013K2"	16505	153
"0806 Skien (-2019)"	"Eneboliger"	"2013K3"	16589	94
"0806 Skien (-2019)"	"Eneboliger"	"2013K4"	16488	96
"0806 Skien (-2019)"	"Eneboliger"	"2014K1"	16861	100
"0806 Skien (-2019)"	"Eneboliger"	"2014K2"	16352	146
"0806 Skien (-2019)"	"Eneboliger"	"2014K3"	16970	128
"0806 Skien (-2019)"	"Eneboliger"	"2014K4"	16875	104
"0806 Skien (-2019)"	"Eneboliger"	"2015K1"	15625	88
"0806 Skien (-2019)"	"Eneboliger"	"2015K2"	17200	144
"0806 Skien (-2019)"	"Eneboliger"	"2015K3"	16960	102
"0806 Skien (-2019)"	"Eneboliger"	"2015K4"	17634	83
"0806 Skien (-2019)"	"Eneboliger"	"2016K1"	18157	81
"0806 Skien (-2019)"	"Eneboliger"	"2016K2"	18495	114
"0806 Skien (-2019)"	"Eneboliger"	"2016K3"	18757	121
"0806 Skien (-2019)"	"Eneboliger"	"2016K4"	18681	104
"0806 Skien (-2019)"	"Eneboliger"	"2017K1"	18946	112
"0806 Skien (-2019)"	"Eneboliger"	"2017K2"	19555	138
"0806 Skien (-2019)"	"Eneboliger"	"2017K3"	19142	94
"0806 Skien (-2019)"	"Eneboliger"	"2017K4"	19106	93
"0806 Skien (-2019)"	"Eneboliger"	"2018K1"	19955	62
"0806 Skien (-2019)"	"Eneboliger"	"2018K2"	19257	123
"0806 Skien (-2019)"	"Eneboliger"	"2018K3"	19663	101
"0806 Skien (-2019)"	"Eneboliger"	"2018K4"	19051	92
"0806 Skien (-2019)"	"Eneboliger"	"2019K1"	20787	90
"0806 Skien (-2019)"	"Eneboliger"	"2019K2"	20608	141
"0806 Skien (-2019)"	"Eneboliger"	"2019K3"	19852	104
"0806 Skien (-2019)"	"Eneboliger"	"2019K4"	19873	94
"0806 Skien (-2019)"	"Eneboliger"	"2020K1"	.	.
"0806 Skien (-2019)"	"Eneboliger"	"2020K2"	.	.
"0806 Skien (-2019)"	"Eneboliger"	"2020K3"	.	.
"0806 Skien (-2019)"	"Eneboliger"	"2020K4"	.	.
"0806 Skien (-2019)"	"Eneboliger"	"2021K1"	.	.
"0806 Skien (-2019)"	"Eneboliger"	"2021K2"	.	.
"0806 Skien (-2019)"	"Eneboliger"	"2021K3"	.	.
"0806 Skien (-2019)"	"Eneboliger"	"2021K4"	.	.
"0806 Skien (-2019)"	"Eneboliger"	"2022K1"	.	.
"0806 Skien (-2019)"	"Eneboliger"	"2022K2"	.	.
"0806 Skien (-2019)"	"Eneboliger"	"2022K3"	.	.
"0806 Skien (-2019)"	"Eneboliger"	"2022K4"	.	.
"0806 Skien (-2019)"	"Eneboliger"	"2023K1"	.	.
"0806 Skien (-2019)"	"Eneboliger"	"2023K2"	.	.
"0806 Skien (-2019)"	"Eneboliger"	"2023K3"	.	.
"0806 Skien (-2019)"	"Småhus"	"2006K1"	10983	31
"0806 Skien (-2019)"	"Småhus"	"2006K2"	11634	36
"0806 Skien (-2019)"	"Småhus"	"2006K3"	11694	23
"0806 Skien (-2019)"	"Småhus"	"2006K4"	12415	28
"0806 Skien (-2019)"	"Småhus"	"2007K1"	13637	24
"0806 Skien (-2019)"	"Småhus"	"2007K2"	14352	34
"0806 Skien (-2019)"	"Småhus"	"2007K3"	13264	23
"0806 Skien (-2019)"	"Småhus"	"2007K4"	12923	34
"0806 Skien (-2019)"	"Småhus"	"2008K1"	13341	29
"0806 Skien (-2019)"	"Småhus"	"2008K2"	14235	41
"0806 Skien (-2019)"	"Småhus"	"2008K3"	12451	24
"0806 Skien (-2019)"	"Småhus"	"2008K4"	12809	30
"0806 Skien (-2019)"	"Småhus"	"2009K1"	12988	14
"0806 Skien (-2019)"	"Småhus"	"2009K2"	14766	13
"0806 Skien (-2019)"	"Småhus"	"2009K3"	13363	17
"0806 Skien (-2019)"	"Småhus"	"2009K4"	14455	15
"0806 Skien (-2019)"	"Småhus"	"2010K1"	..	9
"0806 Skien (-2019)"	"Småhus"	"2010K2"	15878	13
"0806 Skien (-2019)"	"Småhus"	"2010K3"	14885	16
"0806 Skien (-2019)"	"Småhus"	"2010K4"	14301	17
"0806 Skien (-2019)"	"Småhus"	"2011K1"	17184	11
"0806 Skien (-2019)"	"Småhus"	"2011K2"	16648	23
"0806 Skien (-2019)"	"Småhus"	"2011K3"	15131	16
"0806 Skien (-2019)"	"Småhus"	"2011K4"	16638	19
"0806 Skien (-2019)"	"Småhus"	"2012K1"	17571	18
"0806 Skien (-2019)"	"Småhus"	"2012K2"	16582	20
"0806 Skien (-2019)"	"Småhus"	"2012K3"	16220	14
"0806 Skien (-2019)"	"Småhus"	"2012K4"	17120	24
"0806 Skien (-2019)"	"Småhus"	"2013K1"	17551	12
"0806 Skien (-2019)"	"Småhus"	"2013K2"	16517	18
"0806 Skien (-2019)"	"Småhus"	"2013K3"	15635	15
"0806 Skien (-2019)"	"Småhus"	"2013K4"	17413	19
"0806 Skien (-2019)"	"Småhus"	"2014K1"	16918	20
"0806 Skien (-2019)"	"Småhus"	"2014K2"	17181	20
"0806 Skien (-2019)"	"Småhus"	"2014K3"	15336	22
"0806 Skien (-2019)"	"Småhus"	"2014K4"	17153	20
"0806 Skien (-2019)"	"Småhus"	"2015K1"	17540	29
"0806 Skien (-2019)"	"Småhus"	"2015K2"	15692	17
"0806 Skien (-2019)"	"Småhus"	"2015K3"	18877	21
"0806 Skien (-2019)"	"Småhus"	"2015K4"	17688	25
"0806 Skien (-2019)"	"Småhus"	"2016K1"	20448	12
"0806 Skien (-2019)"	"Småhus"	"2016K2"	19495	17
"0806 Skien (-2019)"	"Småhus"	"2016K3"	18428	17
"0806 Skien (-2019)"	"Småhus"	"2016K4"	19034	16
"0806 Skien (-2019)"	"Småhus"	"2017K1"	20438	24
"0806 Skien (-2019)"	"Småhus"	"2017K2"	20291	30
"0806 Skien (-2019)"	"Småhus"	"2017K3"	18271	16
"0806 Skien (-2019)"	"Småhus"	"2017K4"	17349	21
"0806 Skien (-2019)"	"Småhus"	"2018K1"	17913	15
"0806 Skien (-2019)"	"Småhus"	"2018K2"	21468	36
"0806 Skien (-2019)"	"Småhus"	"2018K3"	23363	21
"0806 Skien (-2019)"	"Småhus"	"2018K4"	20489	19
"0806 Skien (-2019)"	"Småhus"	"2019K1"	21941	15
"0806 Skien (-2019)"	"Småhus"	"2019K2"	21768	26
"0806 Skien (-2019)"	"Småhus"	"2019K3"	21633	22
"0806 Skien (-2019)"	"Småhus"	"2019K4"	20212	20
"0806 Skien (-2019)"	"Småhus"	"2020K1"	.	.
"0806 Skien (-2019)"	"Småhus"	"2020K2"	.	.
"0806 Skien (-2019)"	"Småhus"	"2020K3"	.	.
"0806 Skien (-2019)"	"Småhus"	"2020K4"	.	.
"0806 Skien (-2019)"	"Småhus"	"2021K1"	.	.
"0806 Skien (-2019)"	"Småhus"	"2021K2"	.	.
"0806 Skien (-2019)"	"Småhus"	"2021K3"	.	.
"0806 Skien (-2019)"	"Småhus"	"2021K4"	.	.
"0806 Skien (-2019)"	"Småhus"	"2022K1"	.	.
"0806 Skien (-2019)"	"Småhus"	"2022K2"	.	.
"0806 Skien (-2019)"	"Småhus"	"2022K3"	.	.
"0806 Skien (-2019)"	"Småhus"	"2022K4"	.	.
"0806 Skien (-2019)"	"Småhus"	"2023K1"	.	.
"0806 Skien (-2019)"	"Småhus"	"2023K2"	.	.
"0806 Skien (-2019)"	"Småhus"	"2023K3"	.	.
"0806 Skien (-2019)"	"Blokkleiligheter"	"2006K1"	15452	13
"0806 Skien (-2019)"	"Blokkleiligheter"	"2006K2"	14931	19
"0806 Skien (-2019)"	"Blokkleiligheter"	"2006K3"	15481	15
"0806 Skien (-2019)"	"Blokkleiligheter"	"2006K4"	16013	11
"0806 Skien (-2019)"	"Blokkleiligheter"	"2007K1"	17886	18
"0806 Skien (-2019)"	"Blokkleiligheter"	"2007K2"	19990	16
"0806 Skien (-2019)"	"Blokkleiligheter"	"2007K3"	18378	14
"0806 Skien (-2019)"	"Blokkleiligheter"	"2007K4"	17703	20
"0806 Skien (-2019)"	"Blokkleiligheter"	"2008K1"	18296	23
"0806 Skien (-2019)"	"Blokkleiligheter"	"2008K2"	19567	28
"0806 Skien (-2019)"	"Blokkleiligheter"	"2008K3"	19598	20
"0806 Skien (-2019)"	"Blokkleiligheter"	"2008K4"	17461	17
"0806 Skien (-2019)"	"Blokkleiligheter"	"2009K1"	17891	15
"0806 Skien (-2019)"	"Blokkleiligheter"	"2009K2"	19803	19
"0806 Skien (-2019)"	"Blokkleiligheter"	"2009K3"	18751	18
"0806 Skien (-2019)"	"Blokkleiligheter"	"2009K4"	21701	29
"0806 Skien (-2019)"	"Blokkleiligheter"	"2010K1"	17950	22
"0806 Skien (-2019)"	"Blokkleiligheter"	"2010K2"	19848	26
"0806 Skien (-2019)"	"Blokkleiligheter"	"2010K3"	20289	28
"0806 Skien (-2019)"	"Blokkleiligheter"	"2010K4"	20899	26
"0806 Skien (-2019)"	"Blokkleiligheter"	"2011K1"	20647	31
"0806 Skien (-2019)"	"Blokkleiligheter"	"2011K2"	21315	36
"0806 Skien (-2019)"	"Blokkleiligheter"	"2011K3"	22153	35
"0806 Skien (-2019)"	"Blokkleiligheter"	"2011K4"	21386	19
"0806 Skien (-2019)"	"Blokkleiligheter"	"2012K1"	23355	19
"0806 Skien (-2019)"	"Blokkleiligheter"	"2012K2"	22790	32
"0806 Skien (-2019)"	"Blokkleiligheter"	"2012K3"	21415	22
"0806 Skien (-2019)"	"Blokkleiligheter"	"2012K4"	22019	16
"0806 Skien (-2019)"	"Blokkleiligheter"	"2013K1"	22274	22
"0806 Skien (-2019)"	"Blokkleiligheter"	"2013K2"	25845	31
"0806 Skien (-2019)"	"Blokkleiligheter"	"2013K3"	23451	17
"0806 Skien (-2019)"	"Blokkleiligheter"	"2013K4"	23984	19
"0806 Skien (-2019)"	"Blokkleiligheter"	"2014K1"	24031	23
"0806 Skien (-2019)"	"Blokkleiligheter"	"2014K2"	23792	32
"0806 Skien (-2019)"	"Blokkleiligheter"	"2014K3"	23083	35
"0806 Skien (-2019)"	"Blokkleiligheter"	"2014K4"	22002	26
"0806 Skien (-2019)"	"Blokkleiligheter"	"2015K1"	24335	24
"0806 Skien (-2019)"	"Blokkleiligheter"	"2015K2"	22848	38
"0806 Skien (-2019)"	"Blokkleiligheter"	"2015K3"	23528	38
"0806 Skien (-2019)"	"Blokkleiligheter"	"2015K4"	22096	22
"0806 Skien (-2019)"	"Blokkleiligheter"	"2016K1"	24879	36
"0806 Skien (-2019)"	"Blokkleiligheter"	"2016K2"	23705	41
"0806 Skien (-2019)"	"Blokkleiligheter"	"2016K3"	25045	22
"0806 Skien (-2019)"	"Blokkleiligheter"	"2016K4"	24187	30
"0806 Skien (-2019)"	"Blokkleiligheter"	"2017K1"	26119	31
"0806 Skien (-2019)"	"Blokkleiligheter"	"2017K2"	25936	32
"0806 Skien (-2019)"	"Blokkleiligheter"	"2017K3"	26962	32
"0806 Skien (-2019)"	"Blokkleiligheter"	"2017K4"	25275	28
"0806 Skien (-2019)"	"Blokkleiligheter"	"2018K1"	24691	16
"0806 Skien (-2019)"	"Blokkleiligheter"	"2018K2"	26904	31
"0806 Skien (-2019)"	"Blokkleiligheter"	"2018K3"	25282	21
"0806 Skien (-2019)"	"Blokkleiligheter"	"2018K4"	31097	18
"0806 Skien (-2019)"	"Blokkleiligheter"	"2019K1"	28031	30
"0806 Skien (-2019)"	"Blokkleiligheter"	"2019K2"	26442	32
"0806 Skien (-2019)"	"Blokkleiligheter"	"2019K3"	28519	28
"0806 Skien (-2019)"	"Blokkleiligheter"	"2019K4"	26624	29
"0806 Skien (-2019)"	"Blokkleiligheter"	"2020K1"	.	.
"0806 Skien (-2019)"	"Blokkleiligheter"	"2020K2"	.	.
"0806 Skien (-2019)"	"Blokkleiligheter"	"2020K3"	.	.
"0806 Skien (-2019)"	"Blokkleiligheter"	"2020K4"	.	.
"0806 Skien (-2019)"	"Blokkleiligheter"	"2021K1"	.	.
"0806 Skien (-2019)"	"Blokkleiligheter"	"2021K2"	.	.
"0806 Skien (-2019)"	"Blokkleiligheter"	"2021K3"	.	.
"0806 Skien (-2019)"	"Blokkleiligheter"	"2021K4"	.	.
"0806 Skien (-2019)"	"Blokkleiligheter"	"2022K1"	.	.
"0806 Skien (-2019)"	"Blokkleiligheter"	"2022K2"	.	.
"0806 Skien (-2019)"	"Blokkleiligheter"	"2022K3"	.	.
"0806 Skien (-2019)"	"Blokkleiligheter"	"2022K4"	.	.
"0806 Skien (-2019)"	"Blokkleiligheter"	"2023K1"	.	.
"0806 Skien (-2019)"	"Blokkleiligheter"	"2023K2"	.	.
"0806 Skien (-2019)"	"Blokkleiligheter"	"2023K3"	.	.
"4202 Grimstad"	"Eneboliger"	"2006K1"	.	.
"4202 Grimstad"	"Eneboliger"	"2006K2"	.	.
"4202 Grimstad"	"Eneboliger"	"2006K3"	.	.
"4202 Grimstad"	"Eneboliger"	"2006K4"	.	.
"4202 Grimstad"	"Eneboliger"	"2007K1"	.	.
"4202 Grimstad"	"Eneboliger"	"2007K2"	.	.
"4202 Grimstad"	"Eneboliger"	"2007K3"	.	.
"4202 Grimstad"	"Eneboliger"	"2007K4"	.	.
"4202 Grimstad"	"Eneboliger"	"2008K1"	.	.
"4202 Grimstad"	"Eneboliger"	"2008K2"	.	.
"4202 Grimstad"	"Eneboliger"	"2008K3"	.	.
"4202 Grimstad"	"Eneboliger"	"2008K4"	.	.
"4202 Grimstad"	"Eneboliger"	"2009K1"	.	.
"4202 Grimstad"	"Eneboliger"	"2009K2"	.	.
"4202 Grimstad"	"Eneboliger"	"2009K3"	.	.
"4202 Grimstad"	"Eneboliger"	"2009K4"	.	.
"4202 Grimstad"	"Eneboliger"	"2010K1"	.	.
"4202 Grimstad"	"Eneboliger"	"2010K2"	.	.
"4202 Grimstad"	"Eneboliger"	"2010K3"	.	.
"4202 Grimstad"	"Eneboliger"	"2010K4"	.	.
"4202 Grimstad"	"Eneboliger"	"2011K1"	.	.
"4202 Grimstad"	"Eneboliger"	"2011K2"	.	.
"4202 Grimstad"	"Eneboliger"	"2011K3"	.	.
"4202 Grimstad"	"Eneboliger"	"2011K4"	.	.
"4202 Grimstad"	"Eneboliger"	"2012K1"	.	.
"4202 Grimstad"	"Eneboliger"	"2012K2"	.	.
"4202 Grimstad"	"Eneboliger"	"2012K3"	.	.
"4202 Grimstad"	"Eneboliger"	"2012K4"	.	.
"4202 Grimstad"	"Eneboliger"	"2013K1"	.	.
"4202 Grimstad"	"Eneboliger"	"2013K2"	.	.
"4202 Grimstad"	"Eneboliger"	"2013K3"	.	.
"4202 Grimstad"	"Eneboliger"	"2013K4"	.	.
"4202 Grimstad"	"Eneboliger"	"2014K1"	.	.
"4202 Grimstad"	"Eneboliger"	"2014K2"	.	.
"4202 Grimstad"	"Eneboliger"	"2014K3"	.	.
"4202 Grimstad"	"Eneboliger"	"2014K4"	.	.
"4202 Grimstad"	"Eneboliger"	"2015K1"	.	.
"4202 Grimstad"	"Eneboliger"	"2015K2"	.	.
"4202 Grimstad"	"Eneboliger"	"2015K3"	.	.
"4202 Grimstad"	"Eneboliger"	"2015K4"	.	.
"4202 Grimstad"	"Eneboliger"	"2016K1"	.	.
"4202 Grimstad"	"Eneboliger"	"2016K2"	.	.
"4202 Grimstad"	"Eneboliger"	"2016K3"	.	.
"4202 Grimstad"	"Eneboliger"	"2016K4"	.	.
"4202 Grimstad"	"Eneboliger"	"2017K1"	.	.
"4202 Grimstad"	"Eneboliger"	"2017K2"	.	.
"4202 Grimstad"	"Eneboliger"	"2017K3"	.	.
"4202 Grimstad"	"Eneboliger"	"2017K4"	.	.
"4202 Grimstad"	"Eneboliger"	"2018K1"	.	.
"4202 Grimstad"	"Eneboliger"	"2018K2"	.	.
"4202 Grimstad"	"Eneboliger"	"2018K3"	.	.
"4202 Grimstad"	"Eneboliger"	"2018K4"	.	.
"4202 Grimstad"	"Eneboliger"	"2019K1"	.	.
"4202 Grimstad"	"Eneboliger"	"2019K2"	.	.
"4202 Grimstad"	"Eneboliger"	"2019K3"	.	.
"4202 Grimstad"	"Eneboliger"	"2019K4"	.	.
"4202 Grimstad"	"Eneboliger"	"2020K1"	22594	35
"4202 Grimstad"	"Eneboliger"	"2020K2"	24084	64
"4202 Grimstad"	"Eneboliger"	"2020K3"	24549	54
"4202 Grimstad"	"Eneboliger"	"2020K4"	22711	32
"4202 Grimstad"	"Eneboliger"	"2021K1"	27580	38
"4202 Grimstad"	"Eneboliger"	"2021K2"	25723	70
"4202 Grimstad"	"Eneboliger"	"2021K3"	24676	40
"4202 Grimstad"	"Eneboliger"	"2021K4"	23530	30
"4202 Grimstad"	"Eneboliger"	"2022K1"	26084	33
"4202 Grimstad"	"Eneboliger"	"2022K2"	30324	54
"4202 Grimstad"	"Eneboliger"	"2022K3"	25650	31
"4202 Grimstad"	"Eneboliger"	"2022K4"	28036	30
"4202 Grimstad"	"Eneboliger"	"2023K1"	28212	24
"4202 Grimstad"	"Eneboliger"	"2023K2"	28580	51
"4202 Grimstad"	"Eneboliger"	"2023K3"	27610	35
"4202 Grimstad"	"Småhus"	"2006K1"	.	.
"4202 Grimstad"	"Småhus"	"2006K2"	.	.
"4202 Grimstad"	"Småhus"	"2006K3"	.	.
"4202 Grimstad"	"Småhus"	"2006K4"	.	.
"4202 Grimstad"	"Småhus"	"2007K1"	.	.
"4202 Grimstad"	"Småhus"	"2007K2"	.	.
"4202 Grimstad"	"Småhus"	"2007K3"	.	.
"4202 Grimstad"	"Småhus"	"2007K4"	.	.
"4202 Grimstad"	"Småhus"	"2008K1"	.	.
"4202 Grimstad"	"Småhus"	"2008K2"	.	.
"4202 Grimstad"	"Småhus"	"2008K3"	.	.
"4202 Grimstad"	"Småhus"	"2008K4"	.	.
"4202 Grimstad"	"Småhus"	"2009K1"	.	.
"4202 Grimstad"	"Småhus"	"2009K2"	.	.
"4202 Grimstad"	"Småhus"	"2009K3"	.	.
"4202 Grimstad"	"Småhus"	"2009K4"	.	.
"4202 Grimstad"	"Småhus"	"2010K1"	.	.
"4202 Grimstad"	"Småhus"	"2010K2"	.	.
"4202 Grimstad"	"Småhus"	"2010K3"	.	.
"4202 Grimstad"	"Småhus"	"2010K4"	.	.
"4202 Grimstad"	"Småhus"	"2011K1"	.	.
"4202 Grimstad"	"Småhus"	"2011K2"	.	.
"4202 Grimstad"	"Småhus"	"2011K3"	.	.
"4202 Grimstad"	"Småhus"	"2011K4"	.	.
"4202 Grimstad"	"Småhus"	"2012K1"	.	.
"4202 Grimstad"	"Småhus"	"2012K2"	.	.
"4202 Grimstad"	"Småhus"	"2012K3"	.	.
"4202 Grimstad"	"Småhus"	"2012K4"	.	.
"4202 Grimstad"	"Småhus"	"2013K1"	.	.
"4202 Grimstad"	"Småhus"	"2013K2"	.	.
"4202 Grimstad"	"Småhus"	"2013K3"	.	.
"4202 Grimstad"	"Småhus"	"2013K4"	.	.
"4202 Grimstad"	"Småhus"	"2014K1"	.	.
"4202 Grimstad"	"Småhus"	"2014K2"	.	.
"4202 Grimstad"	"Småhus"	"2014K3"	.	.
"4202 Grimstad"	"Småhus"	"2014K4"	.	.
"4202 Grimstad"	"Småhus"	"2015K1"	.	.
"4202 Grimstad"	"Småhus"	"2015K2"	.	.
"4202 Grimstad"	"Småhus"	"2015K3"	.	.
"4202 Grimstad"	"Småhus"	"2015K4"	.	.
"4202 Grimstad"	"Småhus"	"2016K1"	.	.
"4202 Grimstad"	"Småhus"	"2016K2"	.	.
"4202 Grimstad"	"Småhus"	"2016K3"	.	.
"4202 Grimstad"	"Småhus"	"2016K4"	.	.
"4202 Grimstad"	"Småhus"	"2017K1"	.	.
"4202 Grimstad"	"Småhus"	"2017K2"	.	.
"4202 Grimstad"	"Småhus"	"2017K3"	.	.
"4202 Grimstad"	"Småhus"	"2017K4"	.	.
"4202 Grimstad"	"Småhus"	"2018K1"	.	.
"4202 Grimstad"	"Småhus"	"2018K2"	.	.
"4202 Grimstad"	"Småhus"	"2018K3"	.	.
"4202 Grimstad"	"Småhus"	"2018K4"	.	.
"4202 Grimstad"	"Småhus"	"2019K1"	.	.
"4202 Grimstad"	"Småhus"	"2019K2"	.	.
"4202 Grimstad"	"Småhus"	"2019K3"	.	.
"4202 Grimstad"	"Småhus"	"2019K4"	.	.
"4202 Grimstad"	"Småhus"	"2020K1"	21890	10
"4202 Grimstad"	"Småhus"	"2020K2"	..	9
"4202 Grimstad"	"Småhus"	"2020K3"	..	8
"4202 Grimstad"	"Småhus"	"2020K4"	..	5
"4202 Grimstad"	"Småhus"	"2021K1"	..	4
"4202 Grimstad"	"Småhus"	"2021K2"	23950	11
"4202 Grimstad"	"Småhus"	"2021K3"	..	5
"4202 Grimstad"	"Småhus"	"2021K4"	..	2
"4202 Grimstad"	"Småhus"	"2022K1"	..	4
"4202 Grimstad"	"Småhus"	"2022K2"	26582	10
"4202 Grimstad"	"Småhus"	"2022K3"	..	8
"4202 Grimstad"	"Småhus"	"2022K4"	..	6
"4202 Grimstad"	"Småhus"	"2023K1"	..	7
"4202 Grimstad"	"Småhus"	"2023K2"	30996	12
"4202 Grimstad"	"Småhus"	"2023K3"	23863	10
"4202 Grimstad"	"Blokkleiligheter"	"2006K1"	.	.
"4202 Grimstad"	"Blokkleiligheter"	"2006K2"	.	.
"4202 Grimstad"	"Blokkleiligheter"	"2006K3"	.	.
"4202 Grimstad"	"Blokkleiligheter"	"2006K4"	.	.
"4202 Grimstad"	"Blokkleiligheter"	"2007K1"	.	.
"4202 Grimstad"	"Blokkleiligheter"	"2007K2"	.	.
"4202 Grimstad"	"Blokkleiligheter"	"2007K3"	.	.
"4202 Grimstad"	"Blokkleiligheter"	"2007K4"	.	.
"4202 Grimstad"	"Blokkleiligheter"	"2008K1"	.	.
"4202 Grimstad"	"Blokkleiligheter"	"2008K2"	.	.
"4202 Grimstad"	"Blokkleiligheter"	"2008K3"	.	.
"4202 Grimstad"	"Blokkleiligheter"	"2008K4"	.	.
"4202 Grimstad"	"Blokkleiligheter"	"2009K1"	.	.
"4202 Grimstad"	"Blokkleiligheter"	"2009K2"	.	.
"4202 Grimstad"	"Blokkleiligheter"	"2009K3"	.	.
"4202 Grimstad"	"Blokkleiligheter"	"2009K4"	.	.
"4202 Grimstad"	"Blokkleiligheter"	"2010K1"	.	.
"4202 Grimstad"	"Blokkleiligheter"	"2010K2"	.	.
"4202 Grimstad"	"Blokkleiligheter"	"2010K3"	.	.
"4202 Grimstad"	"Blokkleiligheter"	"2010K4"	.	.
"4202 Grimstad"	"Blokkleiligheter"	"2011K1"	.	.
"4202 Grimstad"	"Blokkleiligheter"	"2011K2"	.	.
"4202 Grimstad"	"Blokkleiligheter"	"2011K3"	.	.
"4202 Grimstad"	"Blokkleiligheter"	"2011K4"	.	.
"4202 Grimstad"	"Blokkleiligheter"	"2012K1"	.	.
"4202 Grimstad"	"Blokkleiligheter"	"2012K2"	.	.
"4202 Grimstad"	"Blokkleiligheter"	"2012K3"	.	.
"4202 Grimstad"	"Blokkleiligheter"	"2012K4"	.	.
"4202 Grimstad"	"Blokkleiligheter"	"2013K1"	.	.
"4202 Grimstad"	"Blokkleiligheter"	"2013K2"	.	.
"4202 Grimstad"	"Blokkleiligheter"	"2013K3"	.	.
"4202 Grimstad"	"Blokkleiligheter"	"2013K4"	.	.
"4202 Grimstad"	"Blokkleiligheter"	"2014K1"	.	.
"4202 Grimstad"	"Blokkleiligheter"	"2014K2"	.	.
"4202 Grimstad"	"Blokkleiligheter"	"2014K3"	.	.
"4202 Grimstad"	"Blokkleiligheter"	"2014K4"	.	.
"4202 Grimstad"	"Blokkleiligheter"	"2015K1"	.	.
"4202 Grimstad"	"Blokkleiligheter"	"2015K2"	.	.
"4202 Grimstad"	"Blokkleiligheter"	"2015K3"	.	.
"4202 Grimstad"	"Blokkleiligheter"	"2015K4"	.	.
"4202 Grimstad"	"Blokkleiligheter"	"2016K1"	.	.
"4202 Grimstad"	"Blokkleiligheter"	"2016K2"	.	.
"4202 Grimstad"	"Blokkleiligheter"	"2016K3"	.	.
"4202 Grimstad"	"Blokkleiligheter"	"2016K4"	.	.
"4202 Grimstad"	"Blokkleiligheter"	"2017K1"	.	.
"4202 Grimstad"	"Blokkleiligheter"	"2017K2"	.	.
"4202 Grimstad"	"Blokkleiligheter"	"2017K3"	.	.
"4202 Grimstad"	"Blokkleiligheter"	"2017K4"	.	.
"4202 Grimstad"	"Blokkleiligheter"	"2018K1"	.	.
"4202 Grimstad"	"Blokkleiligheter"	"2018K2"	.	.
"4202 Grimstad"	"Blokkleiligheter"	"2018K3"	.	.
"4202 Grimstad"	"Blokkleiligheter"	"2018K4"	.	.
"4202 Grimstad"	"Blokkleiligheter"	"2019K1"	.	.
"4202 Grimstad"	"Blokkleiligheter"	"2019K2"	.	.
"4202 Grimstad"	"Blokkleiligheter"	"2019K3"	.	.
"4202 Grimstad"	"Blokkleiligheter"	"2019K4"	.	.
"4202 Grimstad"	"Blokkleiligheter"	"2020K1"	31828	24
"4202 Grimstad"	"Blokkleiligheter"	"2020K2"	31044	35
"4202 Grimstad"	"Blokkleiligheter"	"2020K3"	33330	36
"4202 Grimstad"	"Blokkleiligheter"	"2020K4"	30582	28
"4202 Grimstad"	"Blokkleiligheter"	"2021K1"	37349	29
"4202 Grimstad"	"Blokkleiligheter"	"2021K2"	35693	35
"4202 Grimstad"	"Blokkleiligheter"	"2021K3"	36681	34
"4202 Grimstad"	"Blokkleiligheter"	"2021K4"	35264	21
"4202 Grimstad"	"Blokkleiligheter"	"2022K1"	36847	23
"4202 Grimstad"	"Blokkleiligheter"	"2022K2"	38919	43
"4202 Grimstad"	"Blokkleiligheter"	"2022K3"	39033	29
"4202 Grimstad"	"Blokkleiligheter"	"2022K4"	39776	28
"4202 Grimstad"	"Blokkleiligheter"	"2023K1"	38218	28
"4202 Grimstad"	"Blokkleiligheter"	"2023K2"	42373	35
"4202 Grimstad"	"Blokkleiligheter"	"2023K3"	43171	29
"4203 Arendal"	"Eneboliger"	"2006K1"	.	.
"4203 Arendal"	"Eneboliger"	"2006K2"	.	.
"4203 Arendal"	"Eneboliger"	"2006K3"	.	.
"4203 Arendal"	"Eneboliger"	"2006K4"	.	.
"4203 Arendal"	"Eneboliger"	"2007K1"	.	.
"4203 Arendal"	"Eneboliger"	"2007K2"	.	.
"4203 Arendal"	"Eneboliger"	"2007K3"	.	.
"4203 Arendal"	"Eneboliger"	"2007K4"	.	.
"4203 Arendal"	"Eneboliger"	"2008K1"	.	.
"4203 Arendal"	"Eneboliger"	"2008K2"	.	.
"4203 Arendal"	"Eneboliger"	"2008K3"	.	.
"4203 Arendal"	"Eneboliger"	"2008K4"	.	.
"4203 Arendal"	"Eneboliger"	"2009K1"	.	.
"4203 Arendal"	"Eneboliger"	"2009K2"	.	.
"4203 Arendal"	"Eneboliger"	"2009K3"	.	.
"4203 Arendal"	"Eneboliger"	"2009K4"	.	.
"4203 Arendal"	"Eneboliger"	"2010K1"	.	.
"4203 Arendal"	"Eneboliger"	"2010K2"	.	.
"4203 Arendal"	"Eneboliger"	"2010K3"	.	.
"4203 Arendal"	"Eneboliger"	"2010K4"	.	.
"4203 Arendal"	"Eneboliger"	"2011K1"	.	.
"4203 Arendal"	"Eneboliger"	"2011K2"	.	.
"4203 Arendal"	"Eneboliger"	"2011K3"	.	.
"4203 Arendal"	"Eneboliger"	"2011K4"	.	.
"4203 Arendal"	"Eneboliger"	"2012K1"	.	.
"4203 Arendal"	"Eneboliger"	"2012K2"	.	.
"4203 Arendal"	"Eneboliger"	"2012K3"	.	.
"4203 Arendal"	"Eneboliger"	"2012K4"	.	.
"4203 Arendal"	"Eneboliger"	"2013K1"	.	.
"4203 Arendal"	"Eneboliger"	"2013K2"	.	.
"4203 Arendal"	"Eneboliger"	"2013K3"	.	.
"4203 Arendal"	"Eneboliger"	"2013K4"	.	.
"4203 Arendal"	"Eneboliger"	"2014K1"	.	.
"4203 Arendal"	"Eneboliger"	"2014K2"	.	.
"4203 Arendal"	"Eneboliger"	"2014K3"	.	.
"4203 Arendal"	"Eneboliger"	"2014K4"	.	.
"4203 Arendal"	"Eneboliger"	"2015K1"	.	.
"4203 Arendal"	"Eneboliger"	"2015K2"	.	.
"4203 Arendal"	"Eneboliger"	"2015K3"	.	.
"4203 Arendal"	"Eneboliger"	"2015K4"	.	.
"4203 Arendal"	"Eneboliger"	"2016K1"	.	.
"4203 Arendal"	"Eneboliger"	"2016K2"	.	.
"4203 Arendal"	"Eneboliger"	"2016K3"	.	.
"4203 Arendal"	"Eneboliger"	"2016K4"	.	.
"4203 Arendal"	"Eneboliger"	"2017K1"	.	.
"4203 Arendal"	"Eneboliger"	"2017K2"	.	.
"4203 Arendal"	"Eneboliger"	"2017K3"	.	.
"4203 Arendal"	"Eneboliger"	"2017K4"	.	.
"4203 Arendal"	"Eneboliger"	"2018K1"	.	.
"4203 Arendal"	"Eneboliger"	"2018K2"	.	.
"4203 Arendal"	"Eneboliger"	"2018K3"	.	.
"4203 Arendal"	"Eneboliger"	"2018K4"	.	.
"4203 Arendal"	"Eneboliger"	"2019K1"	.	.
"4203 Arendal"	"Eneboliger"	"2019K2"	.	.
"4203 Arendal"	"Eneboliger"	"2019K3"	.	.
"4203 Arendal"	"Eneboliger"	"2019K4"	.	.
"4203 Arendal"	"Eneboliger"	"2020K1"	16643	53
"4203 Arendal"	"Eneboliger"	"2020K2"	21243	111
"4203 Arendal"	"Eneboliger"	"2020K3"	19221	103
"4203 Arendal"	"Eneboliger"	"2020K4"	20573	74
"4203 Arendal"	"Eneboliger"	"2021K1"	22734	62
"4203 Arendal"	"Eneboliger"	"2021K2"	24491	128
"4203 Arendal"	"Eneboliger"	"2021K3"	24125	96
"4203 Arendal"	"Eneboliger"	"2021K4"	21220	61
"4203 Arendal"	"Eneboliger"	"2022K1"	22228	45
"4203 Arendal"	"Eneboliger"	"2022K2"	25993	110
"4203 Arendal"	"Eneboliger"	"2022K3"	26136	83
"4203 Arendal"	"Eneboliger"	"2022K4"	26589	56
"4203 Arendal"	"Eneboliger"	"2023K1"	23118	55
"4203 Arendal"	"Eneboliger"	"2023K2"	27904	109
"4203 Arendal"	"Eneboliger"	"2023K3"	26273	100
"4203 Arendal"	"Småhus"	"2006K1"	.	.
"4203 Arendal"	"Småhus"	"2006K2"	.	.
"4203 Arendal"	"Småhus"	"2006K3"	.	.
"4203 Arendal"	"Småhus"	"2006K4"	.	.
"4203 Arendal"	"Småhus"	"2007K1"	.	.
"4203 Arendal"	"Småhus"	"2007K2"	.	.
"4203 Arendal"	"Småhus"	"2007K3"	.	.
"4203 Arendal"	"Småhus"	"2007K4"	.	.
"4203 Arendal"	"Småhus"	"2008K1"	.	.
"4203 Arendal"	"Småhus"	"2008K2"	.	.
"4203 Arendal"	"Småhus"	"2008K3"	.	.
"4203 Arendal"	"Småhus"	"2008K4"	.	.
"4203 Arendal"	"Småhus"	"2009K1"	.	.
"4203 Arendal"	"Småhus"	"2009K2"	.	.
"4203 Arendal"	"Småhus"	"2009K3"	.	.
"4203 Arendal"	"Småhus"	"2009K4"	.	.
"4203 Arendal"	"Småhus"	"2010K1"	.	.
"4203 Arendal"	"Småhus"	"2010K2"	.	.
"4203 Arendal"	"Småhus"	"2010K3"	.	.
"4203 Arendal"	"Småhus"	"2010K4"	.	.
"4203 Arendal"	"Småhus"	"2011K1"	.	.
"4203 Arendal"	"Småhus"	"2011K2"	.	.
"4203 Arendal"	"Småhus"	"2011K3"	.	.
"4203 Arendal"	"Småhus"	"2011K4"	.	.
"4203 Arendal"	"Småhus"	"2012K1"	.	.
"4203 Arendal"	"Småhus"	"2012K2"	.	.
"4203 Arendal"	"Småhus"	"2012K3"	.	.
"4203 Arendal"	"Småhus"	"2012K4"	.	.
"4203 Arendal"	"Småhus"	"2013K1"	.	.
"4203 Arendal"	"Småhus"	"2013K2"	.	.
"4203 Arendal"	"Småhus"	"2013K3"	.	.
"4203 Arendal"	"Småhus"	"2013K4"	.	.
"4203 Arendal"	"Småhus"	"2014K1"	.	.
"4203 Arendal"	"Småhus"	"2014K2"	.	.
"4203 Arendal"	"Småhus"	"2014K3"	.	.
"4203 Arendal"	"Småhus"	"2014K4"	.	.
"4203 Arendal"	"Småhus"	"2015K1"	.	.
"4203 Arendal"	"Småhus"	"2015K2"	.	.
"4203 Arendal"	"Småhus"	"2015K3"	.	.
"4203 Arendal"	"Småhus"	"2015K4"	.	.
"4203 Arendal"	"Småhus"	"2016K1"	.	.
"4203 Arendal"	"Småhus"	"2016K2"	.	.
"4203 Arendal"	"Småhus"	"2016K3"	.	.
"4203 Arendal"	"Småhus"	"2016K4"	.	.
"4203 Arendal"	"Småhus"	"2017K1"	.	.
"4203 Arendal"	"Småhus"	"2017K2"	.	.
"4203 Arendal"	"Småhus"	"2017K3"	.	.
"4203 Arendal"	"Småhus"	"2017K4"	.	.
"4203 Arendal"	"Småhus"	"2018K1"	.	.
"4203 Arendal"	"Småhus"	"2018K2"	.	.
"4203 Arendal"	"Småhus"	"2018K3"	.	.
"4203 Arendal"	"Småhus"	"2018K4"	.	.
"4203 Arendal"	"Småhus"	"2019K1"	.	.
"4203 Arendal"	"Småhus"	"2019K2"	.	.
"4203 Arendal"	"Småhus"	"2019K3"	.	.
"4203 Arendal"	"Småhus"	"2019K4"	.	.
"4203 Arendal"	"Småhus"	"2020K1"	18385	19
"4203 Arendal"	"Småhus"	"2020K2"	21462	18
"4203 Arendal"	"Småhus"	"2020K3"	20958	22
"4203 Arendal"	"Småhus"	"2020K4"	20894	17
"4203 Arendal"	"Småhus"	"2021K1"	20325	22
"4203 Arendal"	"Småhus"	"2021K2"	22303	28
"4203 Arendal"	"Småhus"	"2021K3"	23033	23
"4203 Arendal"	"Småhus"	"2021K4"	23189	24
"4203 Arendal"	"Småhus"	"2022K1"	25124	16
"4203 Arendal"	"Småhus"	"2022K2"	25604	25
"4203 Arendal"	"Småhus"	"2022K3"	23996	16
"4203 Arendal"	"Småhus"	"2022K4"	25296	12
"4203 Arendal"	"Småhus"	"2023K1"	24555	13
"4203 Arendal"	"Småhus"	"2023K2"	28409	19
"4203 Arendal"	"Småhus"	"2023K3"	31795	14
"4203 Arendal"	"Blokkleiligheter"	"2006K1"	.	.
"4203 Arendal"	"Blokkleiligheter"	"2006K2"	.	.
"4203 Arendal"	"Blokkleiligheter"	"2006K3"	.	.
"4203 Arendal"	"Blokkleiligheter"	"2006K4"	.	.
"4203 Arendal"	"Blokkleiligheter"	"2007K1"	.	.
"4203 Arendal"	"Blokkleiligheter"	"2007K2"	.	.
"4203 Arendal"	"Blokkleiligheter"	"2007K3"	.	.
"4203 Arendal"	"Blokkleiligheter"	"2007K4"	.	.
"4203 Arendal"	"Blokkleiligheter"	"2008K1"	.	.
"4203 Arendal"	"Blokkleiligheter"	"2008K2"	.	.
"4203 Arendal"	"Blokkleiligheter"	"2008K3"	.	.
"4203 Arendal"	"Blokkleiligheter"	"2008K4"	.	.
"4203 Arendal"	"Blokkleiligheter"	"2009K1"	.	.
"4203 Arendal"	"Blokkleiligheter"	"2009K2"	.	.
"4203 Arendal"	"Blokkleiligheter"	"2009K3"	.	.
"4203 Arendal"	"Blokkleiligheter"	"2009K4"	.	.
"4203 Arendal"	"Blokkleiligheter"	"2010K1"	.	.
"4203 Arendal"	"Blokkleiligheter"	"2010K2"	.	.
"4203 Arendal"	"Blokkleiligheter"	"2010K3"	.	.
"4203 Arendal"	"Blokkleiligheter"	"2010K4"	.	.
"4203 Arendal"	"Blokkleiligheter"	"2011K1"	.	.
"4203 Arendal"	"Blokkleiligheter"	"2011K2"	.	.
"4203 Arendal"	"Blokkleiligheter"	"2011K3"	.	.
"4203 Arendal"	"Blokkleiligheter"	"2011K4"	.	.
"4203 Arendal"	"Blokkleiligheter"	"2012K1"	.	.
"4203 Arendal"	"Blokkleiligheter"	"2012K2"	.	.
"4203 Arendal"	"Blokkleiligheter"	"2012K3"	.	.
"4203 Arendal"	"Blokkleiligheter"	"2012K4"	.	.
"4203 Arendal"	"Blokkleiligheter"	"2013K1"	.	.
"4203 Arendal"	"Blokkleiligheter"	"2013K2"	.	.
"4203 Arendal"	"Blokkleiligheter"	"2013K3"	.	.
"4203 Arendal"	"Blokkleiligheter"	"2013K4"	.	.
"4203 Arendal"	"Blokkleiligheter"	"2014K1"	.	.
"4203 Arendal"	"Blokkleiligheter"	"2014K2"	.	.
"4203 Arendal"	"Blokkleiligheter"	"2014K3"	.	.
"4203 Arendal"	"Blokkleiligheter"	"2014K4"	.	.
"4203 Arendal"	"Blokkleiligheter"	"2015K1"	.	.
"4203 Arendal"	"Blokkleiligheter"	"2015K2"	.	.
"4203 Arendal"	"Blokkleiligheter"	"2015K3"	.	.
"4203 Arendal"	"Blokkleiligheter"	"2015K4"	.	.
"4203 Arendal"	"Blokkleiligheter"	"2016K1"	.	.
"4203 Arendal"	"Blokkleiligheter"	"2016K2"	.	.
"4203 Arendal"	"Blokkleiligheter"	"2016K3"	.	.
"4203 Arendal"	"Blokkleiligheter"	"2016K4"	.	.
"4203 Arendal"	"Blokkleiligheter"	"2017K1"	.	.
"4203 Arendal"	"Blokkleiligheter"	"2017K2"	.	.
"4203 Arendal"	"Blokkleiligheter"	"2017K3"	.	.
"4203 Arendal"	"Blokkleiligheter"	"2017K4"	.	.
"4203 Arendal"	"Blokkleiligheter"	"2018K1"	.	.
"4203 Arendal"	"Blokkleiligheter"	"2018K2"	.	.
"4203 Arendal"	"Blokkleiligheter"	"2018K3"	.	.
"4203 Arendal"	"Blokkleiligheter"	"2018K4"	.	.
"4203 Arendal"	"Blokkleiligheter"	"2019K1"	.	.
"4203 Arendal"	"Blokkleiligheter"	"2019K2"	.	.
"4203 Arendal"	"Blokkleiligheter"	"2019K3"	.	.
"4203 Arendal"	"Blokkleiligheter"	"2019K4"	.	.
"4203 Arendal"	"Blokkleiligheter"	"2020K1"	26518	44
"4203 Arendal"	"Blokkleiligheter"	"2020K2"	28726	44
"4203 Arendal"	"Blokkleiligheter"	"2020K3"	30628	55
"4203 Arendal"	"Blokkleiligheter"	"2020K4"	27257	31
"4203 Arendal"	"Blokkleiligheter"	"2021K1"	29599	57
"4203 Arendal"	"Blokkleiligheter"	"2021K2"	30240	46
"4203 Arendal"	"Blokkleiligheter"	"2021K3"	33341	53
"4203 Arendal"	"Blokkleiligheter"	"2021K4"	30534	40
"4203 Arendal"	"Blokkleiligheter"	"2022K1"	35422	21
"4203 Arendal"	"Blokkleiligheter"	"2022K2"	35978	52
"4203 Arendal"	"Blokkleiligheter"	"2022K3"	34461	53
"4203 Arendal"	"Blokkleiligheter"	"2022K4"	36694	39
"4203 Arendal"	"Blokkleiligheter"	"2023K1"	36892	47
"4203 Arendal"	"Blokkleiligheter"	"2023K2"	39712	48
"4203 Arendal"	"Blokkleiligheter"	"2023K3"	41243	38
"4204 Kristiansand"	"Eneboliger"	"2006K1"	.	.
"4204 Kristiansand"	"Eneboliger"	"2006K2"	.	.
"4204 Kristiansand"	"Eneboliger"	"2006K3"	.	.
"4204 Kristiansand"	"Eneboliger"	"2006K4"	.	.
"4204 Kristiansand"	"Eneboliger"	"2007K1"	.	.
"4204 Kristiansand"	"Eneboliger"	"2007K2"	.	.
"4204 Kristiansand"	"Eneboliger"	"2007K3"	.	.
"4204 Kristiansand"	"Eneboliger"	"2007K4"	.	.
"4204 Kristiansand"	"Eneboliger"	"2008K1"	.	.
"4204 Kristiansand"	"Eneboliger"	"2008K2"	.	.
"4204 Kristiansand"	"Eneboliger"	"2008K3"	.	.
"4204 Kristiansand"	"Eneboliger"	"2008K4"	.	.
"4204 Kristiansand"	"Eneboliger"	"2009K1"	.	.
"4204 Kristiansand"	"Eneboliger"	"2009K2"	.	.
"4204 Kristiansand"	"Eneboliger"	"2009K3"	.	.
"4204 Kristiansand"	"Eneboliger"	"2009K4"	.	.
"4204 Kristiansand"	"Eneboliger"	"2010K1"	.	.
"4204 Kristiansand"	"Eneboliger"	"2010K2"	.	.
"4204 Kristiansand"	"Eneboliger"	"2010K3"	.	.
"4204 Kristiansand"	"Eneboliger"	"2010K4"	.	.
"4204 Kristiansand"	"Eneboliger"	"2011K1"	.	.
"4204 Kristiansand"	"Eneboliger"	"2011K2"	.	.
"4204 Kristiansand"	"Eneboliger"	"2011K3"	.	.
"4204 Kristiansand"	"Eneboliger"	"2011K4"	.	.
"4204 Kristiansand"	"Eneboliger"	"2012K1"	.	.
"4204 Kristiansand"	"Eneboliger"	"2012K2"	.	.
"4204 Kristiansand"	"Eneboliger"	"2012K3"	.	.
"4204 Kristiansand"	"Eneboliger"	"2012K4"	.	.
"4204 Kristiansand"	"Eneboliger"	"2013K1"	.	.
"4204 Kristiansand"	"Eneboliger"	"2013K2"	.	.
"4204 Kristiansand"	"Eneboliger"	"2013K3"	.	.
"4204 Kristiansand"	"Eneboliger"	"2013K4"	.	.
"4204 Kristiansand"	"Eneboliger"	"2014K1"	.	.
"4204 Kristiansand"	"Eneboliger"	"2014K2"	.	.
"4204 Kristiansand"	"Eneboliger"	"2014K3"	.	.
"4204 Kristiansand"	"Eneboliger"	"2014K4"	.	.
"4204 Kristiansand"	"Eneboliger"	"2015K1"	.	.
"4204 Kristiansand"	"Eneboliger"	"2015K2"	.	.
"4204 Kristiansand"	"Eneboliger"	"2015K3"	.	.
"4204 Kristiansand"	"Eneboliger"	"2015K4"	.	.
"4204 Kristiansand"	"Eneboliger"	"2016K1"	.	.
"4204 Kristiansand"	"Eneboliger"	"2016K2"	.	.
"4204 Kristiansand"	"Eneboliger"	"2016K3"	.	.
"4204 Kristiansand"	"Eneboliger"	"2016K4"	.	.
"4204 Kristiansand"	"Eneboliger"	"2017K1"	.	.
"4204 Kristiansand"	"Eneboliger"	"2017K2"	.	.
"4204 Kristiansand"	"Eneboliger"	"2017K3"	.	.
"4204 Kristiansand"	"Eneboliger"	"2017K4"	.	.
"4204 Kristiansand"	"Eneboliger"	"2018K1"	.	.
"4204 Kristiansand"	"Eneboliger"	"2018K2"	.	.
"4204 Kristiansand"	"Eneboliger"	"2018K3"	.	.
"4204 Kristiansand"	"Eneboliger"	"2018K4"	.	.
"4204 Kristiansand"	"Eneboliger"	"2019K1"	.	.
"4204 Kristiansand"	"Eneboliger"	"2019K2"	.	.
"4204 Kristiansand"	"Eneboliger"	"2019K3"	.	.
"4204 Kristiansand"	"Eneboliger"	"2019K4"	.	.
"4204 Kristiansand"	"Eneboliger"	"2020K1"	23341	118
"4204 Kristiansand"	"Eneboliger"	"2020K2"	25996	167
"4204 Kristiansand"	"Eneboliger"	"2020K3"	25568	196
"4204 Kristiansand"	"Eneboliger"	"2020K4"	24565	123
"4204 Kristiansand"	"Eneboliger"	"2021K1"	26506	118
"4204 Kristiansand"	"Eneboliger"	"2021K2"	29193	232
"4204 Kristiansand"	"Eneboliger"	"2021K3"	27853	146
"4204 Kristiansand"	"Eneboliger"	"2021K4"	28385	125
"4204 Kristiansand"	"Eneboliger"	"2022K1"	28876	121
"4204 Kristiansand"	"Eneboliger"	"2022K2"	31355	185
"4204 Kristiansand"	"Eneboliger"	"2022K3"	30586	131
"4204 Kristiansand"	"Eneboliger"	"2022K4"	26991	94
"4204 Kristiansand"	"Eneboliger"	"2023K1"	29022	115
"4204 Kristiansand"	"Eneboliger"	"2023K2"	33024	204
"4204 Kristiansand"	"Eneboliger"	"2023K3"	30540	132
"4204 Kristiansand"	"Småhus"	"2006K1"	.	.
"4204 Kristiansand"	"Småhus"	"2006K2"	.	.
"4204 Kristiansand"	"Småhus"	"2006K3"	.	.
"4204 Kristiansand"	"Småhus"	"2006K4"	.	.
"4204 Kristiansand"	"Småhus"	"2007K1"	.	.
"4204 Kristiansand"	"Småhus"	"2007K2"	.	.
"4204 Kristiansand"	"Småhus"	"2007K3"	.	.
"4204 Kristiansand"	"Småhus"	"2007K4"	.	.
"4204 Kristiansand"	"Småhus"	"2008K1"	.	.
"4204 Kristiansand"	"Småhus"	"2008K2"	.	.
"4204 Kristiansand"	"Småhus"	"2008K3"	.	.
"4204 Kristiansand"	"Småhus"	"2008K4"	.	.
"4204 Kristiansand"	"Småhus"	"2009K1"	.	.
"4204 Kristiansand"	"Småhus"	"2009K2"	.	.
"4204 Kristiansand"	"Småhus"	"2009K3"	.	.
"4204 Kristiansand"	"Småhus"	"2009K4"	.	.
"4204 Kristiansand"	"Småhus"	"2010K1"	.	.
"4204 Kristiansand"	"Småhus"	"2010K2"	.	.
"4204 Kristiansand"	"Småhus"	"2010K3"	.	.
"4204 Kristiansand"	"Småhus"	"2010K4"	.	.
"4204 Kristiansand"	"Småhus"	"2011K1"	.	.
"4204 Kristiansand"	"Småhus"	"2011K2"	.	.
"4204 Kristiansand"	"Småhus"	"2011K3"	.	.
"4204 Kristiansand"	"Småhus"	"2011K4"	.	.
"4204 Kristiansand"	"Småhus"	"2012K1"	.	.
"4204 Kristiansand"	"Småhus"	"2012K2"	.	.
"4204 Kristiansand"	"Småhus"	"2012K3"	.	.
"4204 Kristiansand"	"Småhus"	"2012K4"	.	.
"4204 Kristiansand"	"Småhus"	"2013K1"	.	.
"4204 Kristiansand"	"Småhus"	"2013K2"	.	.
"4204 Kristiansand"	"Småhus"	"2013K3"	.	.
"4204 Kristiansand"	"Småhus"	"2013K4"	.	.
"4204 Kristiansand"	"Småhus"	"2014K1"	.	.
"4204 Kristiansand"	"Småhus"	"2014K2"	.	.
"4204 Kristiansand"	"Småhus"	"2014K3"	.	.
"4204 Kristiansand"	"Småhus"	"2014K4"	.	.
"4204 Kristiansand"	"Småhus"	"2015K1"	.	.
"4204 Kristiansand"	"Småhus"	"2015K2"	.	.
"4204 Kristiansand"	"Småhus"	"2015K3"	.	.
"4204 Kristiansand"	"Småhus"	"2015K4"	.	.
"4204 Kristiansand"	"Småhus"	"2016K1"	.	.
"4204 Kristiansand"	"Småhus"	"2016K2"	.	.
"4204 Kristiansand"	"Småhus"	"2016K3"	.	.
"4204 Kristiansand"	"Småhus"	"2016K4"	.	.
"4204 Kristiansand"	"Småhus"	"2017K1"	.	.
"4204 Kristiansand"	"Småhus"	"2017K2"	.	.
"4204 Kristiansand"	"Småhus"	"2017K3"	.	.
"4204 Kristiansand"	"Småhus"	"2017K4"	.	.
"4204 Kristiansand"	"Småhus"	"2018K1"	.	.
"4204 Kristiansand"	"Småhus"	"2018K2"	.	.
"4204 Kristiansand"	"Småhus"	"2018K3"	.	.
"4204 Kristiansand"	"Småhus"	"2018K4"	.	.
"4204 Kristiansand"	"Småhus"	"2019K1"	.	.
"4204 Kristiansand"	"Småhus"	"2019K2"	.	.
"4204 Kristiansand"	"Småhus"	"2019K3"	.	.
"4204 Kristiansand"	"Småhus"	"2019K4"	.	.
"4204 Kristiansand"	"Småhus"	"2020K1"	24403	73
"4204 Kristiansand"	"Småhus"	"2020K2"	25450	113
"4204 Kristiansand"	"Småhus"	"2020K3"	24389	91
"4204 Kristiansand"	"Småhus"	"2020K4"	25410	78
"4204 Kristiansand"	"Småhus"	"2021K1"	28152	79
"4204 Kristiansand"	"Småhus"	"2021K2"	28364	137
"4204 Kristiansand"	"Småhus"	"2021K3"	27470	92
"4204 Kristiansand"	"Småhus"	"2021K4"	28189	66
"4204 Kristiansand"	"Småhus"	"2022K1"	29534	61
"4204 Kristiansand"	"Småhus"	"2022K2"	28923	95
"4204 Kristiansand"	"Småhus"	"2022K3"	30268	80
"4204 Kristiansand"	"Småhus"	"2022K4"	28750	67
"4204 Kristiansand"	"Småhus"	"2023K1"	30623	81
"4204 Kristiansand"	"Småhus"	"2023K2"	32398	105
"4204 Kristiansand"	"Småhus"	"2023K3"	32139	66
"4204 Kristiansand"	"Blokkleiligheter"	"2006K1"	.	.
"4204 Kristiansand"	"Blokkleiligheter"	"2006K2"	.	.
"4204 Kristiansand"	"Blokkleiligheter"	"2006K3"	.	.
"4204 Kristiansand"	"Blokkleiligheter"	"2006K4"	.	.
"4204 Kristiansand"	"Blokkleiligheter"	"2007K1"	.	.
"4204 Kristiansand"	"Blokkleiligheter"	"2007K2"	.	.
"4204 Kristiansand"	"Blokkleiligheter"	"2007K3"	.	.
"4204 Kristiansand"	"Blokkleiligheter"	"2007K4"	.	.
"4204 Kristiansand"	"Blokkleiligheter"	"2008K1"	.	.
"4204 Kristiansand"	"Blokkleiligheter"	"2008K2"	.	.
"4204 Kristiansand"	"Blokkleiligheter"	"2008K3"	.	.
"4204 Kristiansand"	"Blokkleiligheter"	"2008K4"	.	.
"4204 Kristiansand"	"Blokkleiligheter"	"2009K1"	.	.
"4204 Kristiansand"	"Blokkleiligheter"	"2009K2"	.	.
"4204 Kristiansand"	"Blokkleiligheter"	"2009K3"	.	.
"4204 Kristiansand"	"Blokkleiligheter"	"2009K4"	.	.
"4204 Kristiansand"	"Blokkleiligheter"	"2010K1"	.	.
"4204 Kristiansand"	"Blokkleiligheter"	"2010K2"	.	.
"4204 Kristiansand"	"Blokkleiligheter"	"2010K3"	.	.
"4204 Kristiansand"	"Blokkleiligheter"	"2010K4"	.	.
"4204 Kristiansand"	"Blokkleiligheter"	"2011K1"	.	.
"4204 Kristiansand"	"Blokkleiligheter"	"2011K2"	.	.
"4204 Kristiansand"	"Blokkleiligheter"	"2011K3"	.	.
"4204 Kristiansand"	"Blokkleiligheter"	"2011K4"	.	.
"4204 Kristiansand"	"Blokkleiligheter"	"2012K1"	.	.
"4204 Kristiansand"	"Blokkleiligheter"	"2012K2"	.	.
"4204 Kristiansand"	"Blokkleiligheter"	"2012K3"	.	.
"4204 Kristiansand"	"Blokkleiligheter"	"2012K4"	.	.
"4204 Kristiansand"	"Blokkleiligheter"	"2013K1"	.	.
"4204 Kristiansand"	"Blokkleiligheter"	"2013K2"	.	.
"4204 Kristiansand"	"Blokkleiligheter"	"2013K3"	.	.
"4204 Kristiansand"	"Blokkleiligheter"	"2013K4"	.	.
"4204 Kristiansand"	"Blokkleiligheter"	"2014K1"	.	.
"4204 Kristiansand"	"Blokkleiligheter"	"2014K2"	.	.
"4204 Kristiansand"	"Blokkleiligheter"	"2014K3"	.	.
"4204 Kristiansand"	"Blokkleiligheter"	"2014K4"	.	.
"4204 Kristiansand"	"Blokkleiligheter"	"2015K1"	.	.
"4204 Kristiansand"	"Blokkleiligheter"	"2015K2"	.	.
"4204 Kristiansand"	"Blokkleiligheter"	"2015K3"	.	.
"4204 Kristiansand"	"Blokkleiligheter"	"2015K4"	.	.
"4204 Kristiansand"	"Blokkleiligheter"	"2016K1"	.	.
"4204 Kristiansand"	"Blokkleiligheter"	"2016K2"	.	.
"4204 Kristiansand"	"Blokkleiligheter"	"2016K3"	.	.
"4204 Kristiansand"	"Blokkleiligheter"	"2016K4"	.	.
"4204 Kristiansand"	"Blokkleiligheter"	"2017K1"	.	.
"4204 Kristiansand"	"Blokkleiligheter"	"2017K2"	.	.
"4204 Kristiansand"	"Blokkleiligheter"	"2017K3"	.	.
"4204 Kristiansand"	"Blokkleiligheter"	"2017K4"	.	.
"4204 Kristiansand"	"Blokkleiligheter"	"2018K1"	.	.
"4204 Kristiansand"	"Blokkleiligheter"	"2018K2"	.	.
"4204 Kristiansand"	"Blokkleiligheter"	"2018K3"	.	.
"4204 Kristiansand"	"Blokkleiligheter"	"2018K4"	.	.
"4204 Kristiansand"	"Blokkleiligheter"	"2019K1"	.	.
"4204 Kristiansand"	"Blokkleiligheter"	"2019K2"	.	.
"4204 Kristiansand"	"Blokkleiligheter"	"2019K3"	.	.
"4204 Kristiansand"	"Blokkleiligheter"	"2019K4"	.	.
"4204 Kristiansand"	"Blokkleiligheter"	"2020K1"	39067	127
"4204 Kristiansand"	"Blokkleiligheter"	"2020K2"	40168	204
"4204 Kristiansand"	"Blokkleiligheter"	"2020K3"	41423	191
"4204 Kristiansand"	"Blokkleiligheter"	"2020K4"	40113	162
"4204 Kristiansand"	"Blokkleiligheter"	"2021K1"	44057	195
"4204 Kristiansand"	"Blokkleiligheter"	"2021K2"	44324	236
"4204 Kristiansand"	"Blokkleiligheter"	"2021K3"	44275	217
"4204 Kristiansand"	"Blokkleiligheter"	"2021K4"	43521	141
"4204 Kristiansand"	"Blokkleiligheter"	"2022K1"	48630	164
"4204 Kristiansand"	"Blokkleiligheter"	"2022K2"	47390	233
"4204 Kristiansand"	"Blokkleiligheter"	"2022K3"	48025	179
"4204 Kristiansand"	"Blokkleiligheter"	"2022K4"	46890	142
"4204 Kristiansand"	"Blokkleiligheter"	"2023K1"	51897	193
"4204 Kristiansand"	"Blokkleiligheter"	"2023K2"	53290	243
"4204 Kristiansand"	"Blokkleiligheter"	"2023K3"	52923	178
"0904 Grimstad (-2019)"	"Eneboliger"	"2006K1"	.	.
"0904 Grimstad (-2019)"	"Eneboliger"	"2006K2"	.	.
"0904 Grimstad (-2019)"	"Eneboliger"	"2006K3"	.	.
"0904 Grimstad (-2019)"	"Eneboliger"	"2006K4"	.	.
"0904 Grimstad (-2019)"	"Eneboliger"	"2007K1"	.	.
"0904 Grimstad (-2019)"	"Eneboliger"	"2007K2"	.	.
"0904 Grimstad (-2019)"	"Eneboliger"	"2007K3"	.	.
"0904 Grimstad (-2019)"	"Eneboliger"	"2007K4"	.	.
"0904 Grimstad (-2019)"	"Eneboliger"	"2008K1"	.	.
"0904 Grimstad (-2019)"	"Eneboliger"	"2008K2"	.	.
"0904 Grimstad (-2019)"	"Eneboliger"	"2008K3"	.	.
"0904 Grimstad (-2019)"	"Eneboliger"	"2008K4"	.	.
"0904 Grimstad (-2019)"	"Eneboliger"	"2009K1"	14929	21
"0904 Grimstad (-2019)"	"Eneboliger"	"2009K2"	18035	63
"0904 Grimstad (-2019)"	"Eneboliger"	"2009K3"	19119	27
"0904 Grimstad (-2019)"	"Eneboliger"	"2009K4"	18009	25
"0904 Grimstad (-2019)"	"Eneboliger"	"2010K1"	18518	19
"0904 Grimstad (-2019)"	"Eneboliger"	"2010K2"	18407	59
"0904 Grimstad (-2019)"	"Eneboliger"	"2010K3"	18650	53
"0904 Grimstad (-2019)"	"Eneboliger"	"2010K4"	17196	38
"0904 Grimstad (-2019)"	"Eneboliger"	"2011K1"	17674	16
"0904 Grimstad (-2019)"	"Eneboliger"	"2011K2"	19711	50
"0904 Grimstad (-2019)"	"Eneboliger"	"2011K3"	20689	47
"0904 Grimstad (-2019)"	"Eneboliger"	"2011K4"	19805	41
"0904 Grimstad (-2019)"	"Eneboliger"	"2012K1"	20160	40
"0904 Grimstad (-2019)"	"Eneboliger"	"2012K2"	21827	51
"0904 Grimstad (-2019)"	"Eneboliger"	"2012K3"	20723	36
"0904 Grimstad (-2019)"	"Eneboliger"	"2012K4"	19683	27
"0904 Grimstad (-2019)"	"Eneboliger"	"2013K1"	18826	37
"0904 Grimstad (-2019)"	"Eneboliger"	"2013K2"	19850	44
"0904 Grimstad (-2019)"	"Eneboliger"	"2013K3"	19414	51
"0904 Grimstad (-2019)"	"Eneboliger"	"2013K4"	20043	33
"0904 Grimstad (-2019)"	"Eneboliger"	"2014K1"	20109	31
"0904 Grimstad (-2019)"	"Eneboliger"	"2014K2"	21034	58
"0904 Grimstad (-2019)"	"Eneboliger"	"2014K3"	20919	38
"0904 Grimstad (-2019)"	"Eneboliger"	"2014K4"	20160	37
"0904 Grimstad (-2019)"	"Eneboliger"	"2015K1"	20135	48
"0904 Grimstad (-2019)"	"Eneboliger"	"2015K2"	21655	60
"0904 Grimstad (-2019)"	"Eneboliger"	"2015K3"	23065	28
"0904 Grimstad (-2019)"	"Eneboliger"	"2015K4"	20305	35
"0904 Grimstad (-2019)"	"Eneboliger"	"2016K1"	21042	20
"0904 Grimstad (-2019)"	"Eneboliger"	"2016K2"	22090	51
"0904 Grimstad (-2019)"	"Eneboliger"	"2016K3"	22375	34
"0904 Grimstad (-2019)"	"Eneboliger"	"2016K4"	19682	27
"0904 Grimstad (-2019)"	"Eneboliger"	"2017K1"	20506	25
"0904 Grimstad (-2019)"	"Eneboliger"	"2017K2"	22261	52
"0904 Grimstad (-2019)"	"Eneboliger"	"2017K3"	20789	40
"0904 Grimstad (-2019)"	"Eneboliger"	"2017K4"	20718	36
"0904 Grimstad (-2019)"	"Eneboliger"	"2018K1"	20320	22
"0904 Grimstad (-2019)"	"Eneboliger"	"2018K2"	20939	57
"0904 Grimstad (-2019)"	"Eneboliger"	"2018K3"	19853	43
"0904 Grimstad (-2019)"	"Eneboliger"	"2018K4"	21773	38
"0904 Grimstad (-2019)"	"Eneboliger"	"2019K1"	20788	32
"0904 Grimstad (-2019)"	"Eneboliger"	"2019K2"	22866	44
"0904 Grimstad (-2019)"	"Eneboliger"	"2019K3"	24219	49
"0904 Grimstad (-2019)"	"Eneboliger"	"2019K4"	21703	36
"0904 Grimstad (-2019)"	"Eneboliger"	"2020K1"	.	.
"0904 Grimstad (-2019)"	"Eneboliger"	"2020K2"	.	.
"0904 Grimstad (-2019)"	"Eneboliger"	"2020K3"	.	.
"0904 Grimstad (-2019)"	"Eneboliger"	"2020K4"	.	.
"0904 Grimstad (-2019)"	"Eneboliger"	"2021K1"	.	.
"0904 Grimstad (-2019)"	"Eneboliger"	"2021K2"	.	.
"0904 Grimstad (-2019)"	"Eneboliger"	"2021K3"	.	.
"0904 Grimstad (-2019)"	"Eneboliger"	"2021K4"	.	.
"0904 Grimstad (-2019)"	"Eneboliger"	"2022K1"	.	.
"0904 Grimstad (-2019)"	"Eneboliger"	"2022K2"	.	.
"0904 Grimstad (-2019)"	"Eneboliger"	"2022K3"	.	.
"0904 Grimstad (-2019)"	"Eneboliger"	"2022K4"	.	.
"0904 Grimstad (-2019)"	"Eneboliger"	"2023K1"	.	.
"0904 Grimstad (-2019)"	"Eneboliger"	"2023K2"	.	.
"0904 Grimstad (-2019)"	"Eneboliger"	"2023K3"	.	.
"0904 Grimstad (-2019)"	"Småhus"	"2006K1"	.	.
"0904 Grimstad (-2019)"	"Småhus"	"2006K2"	.	.
"0904 Grimstad (-2019)"	"Småhus"	"2006K3"	.	.
"0904 Grimstad (-2019)"	"Småhus"	"2006K4"	.	.
"0904 Grimstad (-2019)"	"Småhus"	"2007K1"	.	.
"0904 Grimstad (-2019)"	"Småhus"	"2007K2"	.	.
"0904 Grimstad (-2019)"	"Småhus"	"2007K3"	.	.
"0904 Grimstad (-2019)"	"Småhus"	"2007K4"	.	.
"0904 Grimstad (-2019)"	"Småhus"	"2008K1"	.	.
"0904 Grimstad (-2019)"	"Småhus"	"2008K2"	.	.
"0904 Grimstad (-2019)"	"Småhus"	"2008K3"	.	.
"0904 Grimstad (-2019)"	"Småhus"	"2008K4"	.	.
"0904 Grimstad (-2019)"	"Småhus"	"2009K1"	..	2
"0904 Grimstad (-2019)"	"Småhus"	"2009K2"	..	5
"0904 Grimstad (-2019)"	"Småhus"	"2009K3"	..	4
"0904 Grimstad (-2019)"	"Småhus"	"2009K4"	..	5
"0904 Grimstad (-2019)"	"Småhus"	"2010K1"	..	4
"0904 Grimstad (-2019)"	"Småhus"	"2010K2"	..	5
"0904 Grimstad (-2019)"	"Småhus"	"2010K3"	17967	12
"0904 Grimstad (-2019)"	"Småhus"	"2010K4"	..	6
"0904 Grimstad (-2019)"	"Småhus"	"2011K1"	..	7
"0904 Grimstad (-2019)"	"Småhus"	"2011K2"	..	9
"0904 Grimstad (-2019)"	"Småhus"	"2011K3"	..	4
"0904 Grimstad (-2019)"	"Småhus"	"2011K4"	..	5
"0904 Grimstad (-2019)"	"Småhus"	"2012K1"	..	4
"0904 Grimstad (-2019)"	"Småhus"	"2012K2"	18814	10
"0904 Grimstad (-2019)"	"Småhus"	"2012K3"	..	6
"0904 Grimstad (-2019)"	"Småhus"	"2012K4"	..	8
"0904 Grimstad (-2019)"	"Småhus"	"2013K1"	..	8
"0904 Grimstad (-2019)"	"Småhus"	"2013K2"	22041	14
"0904 Grimstad (-2019)"	"Småhus"	"2013K3"	..	5
"0904 Grimstad (-2019)"	"Småhus"	"2013K4"	..	1
"0904 Grimstad (-2019)"	"Småhus"	"2014K1"	..	5
"0904 Grimstad (-2019)"	"Småhus"	"2014K2"	..	8
"0904 Grimstad (-2019)"	"Småhus"	"2014K3"	20663	10
"0904 Grimstad (-2019)"	"Småhus"	"2014K4"	..	6
"0904 Grimstad (-2019)"	"Småhus"	"2015K1"	..	8
"0904 Grimstad (-2019)"	"Småhus"	"2015K2"	..	6
"0904 Grimstad (-2019)"	"Småhus"	"2015K3"	..	8
"0904 Grimstad (-2019)"	"Småhus"	"2015K4"	..	7
"0904 Grimstad (-2019)"	"Småhus"	"2016K1"	..	6
"0904 Grimstad (-2019)"	"Småhus"	"2016K2"	21833	15
"0904 Grimstad (-2019)"	"Småhus"	"2016K3"	..	2
"0904 Grimstad (-2019)"	"Småhus"	"2016K4"	..	3
"0904 Grimstad (-2019)"	"Småhus"	"2017K1"	..	3
"0904 Grimstad (-2019)"	"Småhus"	"2017K2"	..	7
"0904 Grimstad (-2019)"	"Småhus"	"2017K3"	20698	10
"0904 Grimstad (-2019)"	"Småhus"	"2017K4"	..	7
"0904 Grimstad (-2019)"	"Småhus"	"2018K1"	..	4
"0904 Grimstad (-2019)"	"Småhus"	"2018K2"	21100	17
"0904 Grimstad (-2019)"	"Småhus"	"2018K3"	21119	10
"0904 Grimstad (-2019)"	"Småhus"	"2018K4"	..	7
"0904 Grimstad (-2019)"	"Småhus"	"2019K1"	..	7
"0904 Grimstad (-2019)"	"Småhus"	"2019K2"	..	9
"0904 Grimstad (-2019)"	"Småhus"	"2019K3"	..	5
"0904 Grimstad (-2019)"	"Småhus"	"2019K4"	..	6
"0904 Grimstad (-2019)"	"Småhus"	"2020K1"	.	.
"0904 Grimstad (-2019)"	"Småhus"	"2020K2"	.	.
"0904 Grimstad (-2019)"	"Småhus"	"2020K3"	.	.
"0904 Grimstad (-2019)"	"Småhus"	"2020K4"	.	.
"0904 Grimstad (-2019)"	"Småhus"	"2021K1"	.	.
"0904 Grimstad (-2019)"	"Småhus"	"2021K2"	.	.
"0904 Grimstad (-2019)"	"Småhus"	"2021K3"	.	.
"0904 Grimstad (-2019)"	"Småhus"	"2021K4"	.	.
"0904 Grimstad (-2019)"	"Småhus"	"2022K1"	.	.
"0904 Grimstad (-2019)"	"Småhus"	"2022K2"	.	.
"0904 Grimstad (-2019)"	"Småhus"	"2022K3"	.	.
"0904 Grimstad (-2019)"	"Småhus"	"2022K4"	.	.
"0904 Grimstad (-2019)"	"Småhus"	"2023K1"	.	.
"0904 Grimstad (-2019)"	"Småhus"	"2023K2"	.	.
"0904 Grimstad (-2019)"	"Småhus"	"2023K3"	.	.
"0904 Grimstad (-2019)"	"Blokkleiligheter"	"2006K1"	.	.
"0904 Grimstad (-2019)"	"Blokkleiligheter"	"2006K2"	.	.
"0904 Grimstad (-2019)"	"Blokkleiligheter"	"2006K3"	.	.
"0904 Grimstad (-2019)"	"Blokkleiligheter"	"2006K4"	.	.
"0904 Grimstad (-2019)"	"Blokkleiligheter"	"2007K1"	.	.
"0904 Grimstad (-2019)"	"Blokkleiligheter"	"2007K2"	.	.
"0904 Grimstad (-2019)"	"Blokkleiligheter"	"2007K3"	.	.
"0904 Grimstad (-2019)"	"Blokkleiligheter"	"2007K4"	.	.
"0904 Grimstad (-2019)"	"Blokkleiligheter"	"2008K1"	.	.
"0904 Grimstad (-2019)"	"Blokkleiligheter"	"2008K2"	.	.
"0904 Grimstad (-2019)"	"Blokkleiligheter"	"2008K3"	.	.
"0904 Grimstad (-2019)"	"Blokkleiligheter"	"2008K4"	.	.
"0904 Grimstad (-2019)"	"Blokkleiligheter"	"2009K1"	23571	11
"0904 Grimstad (-2019)"	"Blokkleiligheter"	"2009K2"	23332	11
"0904 Grimstad (-2019)"	"Blokkleiligheter"	"2009K3"	24718	13
"0904 Grimstad (-2019)"	"Blokkleiligheter"	"2009K4"	27985	19
"0904 Grimstad (-2019)"	"Blokkleiligheter"	"2010K1"	24538	10
"0904 Grimstad (-2019)"	"Blokkleiligheter"	"2010K2"	26018	12
"0904 Grimstad (-2019)"	"Blokkleiligheter"	"2010K3"	29782	10
"0904 Grimstad (-2019)"	"Blokkleiligheter"	"2010K4"	..	9
"0904 Grimstad (-2019)"	"Blokkleiligheter"	"2011K1"	30804	13
"0904 Grimstad (-2019)"	"Blokkleiligheter"	"2011K2"	30011	17
"0904 Grimstad (-2019)"	"Blokkleiligheter"	"2011K3"	25358	21
"0904 Grimstad (-2019)"	"Blokkleiligheter"	"2011K4"	28948	17
"0904 Grimstad (-2019)"	"Blokkleiligheter"	"2012K1"	28311	11
"0904 Grimstad (-2019)"	"Blokkleiligheter"	"2012K2"	31423	15
"0904 Grimstad (-2019)"	"Blokkleiligheter"	"2012K3"	30945	22
"0904 Grimstad (-2019)"	"Blokkleiligheter"	"2012K4"	..	9
"0904 Grimstad (-2019)"	"Blokkleiligheter"	"2013K1"	25151	15
"0904 Grimstad (-2019)"	"Blokkleiligheter"	"2013K2"	29681	21
"0904 Grimstad (-2019)"	"Blokkleiligheter"	"2013K3"	30252	15
"0904 Grimstad (-2019)"	"Blokkleiligheter"	"2013K4"	..	7
"0904 Grimstad (-2019)"	"Blokkleiligheter"	"2014K1"	..	9
"0904 Grimstad (-2019)"	"Blokkleiligheter"	"2014K2"	29180	16
"0904 Grimstad (-2019)"	"Blokkleiligheter"	"2014K3"	28964	14
"0904 Grimstad (-2019)"	"Blokkleiligheter"	"2014K4"	27031	12
"0904 Grimstad (-2019)"	"Blokkleiligheter"	"2015K1"	30764	25
"0904 Grimstad (-2019)"	"Blokkleiligheter"	"2015K2"	28701	20
"0904 Grimstad (-2019)"	"Blokkleiligheter"	"2015K3"	31049	22
"0904 Grimstad (-2019)"	"Blokkleiligheter"	"2015K4"	..	6
"0904 Grimstad (-2019)"	"Blokkleiligheter"	"2016K1"	32143	13
"0904 Grimstad (-2019)"	"Blokkleiligheter"	"2016K2"	31550	23
"0904 Grimstad (-2019)"	"Blokkleiligheter"	"2016K3"	28553	16
"0904 Grimstad (-2019)"	"Blokkleiligheter"	"2016K4"	..	8
"0904 Grimstad (-2019)"	"Blokkleiligheter"	"2017K1"	33838	17
"0904 Grimstad (-2019)"	"Blokkleiligheter"	"2017K2"	30650	20
"0904 Grimstad (-2019)"	"Blokkleiligheter"	"2017K3"	32119	17
"0904 Grimstad (-2019)"	"Blokkleiligheter"	"2017K4"	29774	12
"0904 Grimstad (-2019)"	"Blokkleiligheter"	"2018K1"	31732	10
"0904 Grimstad (-2019)"	"Blokkleiligheter"	"2018K2"	28225	21
"0904 Grimstad (-2019)"	"Blokkleiligheter"	"2018K3"	30931	16
"0904 Grimstad (-2019)"	"Blokkleiligheter"	"2018K4"	35713	16
"0904 Grimstad (-2019)"	"Blokkleiligheter"	"2019K1"	30847	17
"0904 Grimstad (-2019)"	"Blokkleiligheter"	"2019K2"	30609	21
"0904 Grimstad (-2019)"	"Blokkleiligheter"	"2019K3"	31004	29
"0904 Grimstad (-2019)"	"Blokkleiligheter"	"2019K4"	34686	17
"0904 Grimstad (-2019)"	"Blokkleiligheter"	"2020K1"	.	.
"0904 Grimstad (-2019)"	"Blokkleiligheter"	"2020K2"	.	.
"0904 Grimstad (-2019)"	"Blokkleiligheter"	"2020K3"	.	.
"0904 Grimstad (-2019)"	"Blokkleiligheter"	"2020K4"	.	.
"0904 Grimstad (-2019)"	"Blokkleiligheter"	"2021K1"	.	.
"0904 Grimstad (-2019)"	"Blokkleiligheter"	"2021K2"	.	.
"0904 Grimstad (-2019)"	"Blokkleiligheter"	"2021K3"	.	.
"0904 Grimstad (-2019)"	"Blokkleiligheter"	"2021K4"	.	.
"0904 Grimstad (-2019)"	"Blokkleiligheter"	"2022K1"	.	.
"0904 Grimstad (-2019)"	"Blokkleiligheter"	"2022K2"	.	.
"0904 Grimstad (-2019)"	"Blokkleiligheter"	"2022K3"	.	.
"0904 Grimstad (-2019)"	"Blokkleiligheter"	"2022K4"	.	.
"0904 Grimstad (-2019)"	"Blokkleiligheter"	"2023K1"	.	.
"0904 Grimstad (-2019)"	"Blokkleiligheter"	"2023K2"	.	.
"0904 Grimstad (-2019)"	"Blokkleiligheter"	"2023K3"	.	.
"0906 Arendal (1992-2019)"	"Eneboliger"	"2006K1"	10607	68
"0906 Arendal (1992-2019)"	"Eneboliger"	"2006K2"	11982	77
"0906 Arendal (1992-2019)"	"Eneboliger"	"2006K3"	12006	110
"0906 Arendal (1992-2019)"	"Eneboliger"	"2006K4"	12390	74
"0906 Arendal (1992-2019)"	"Eneboliger"	"2007K1"	13793	65
"0906 Arendal (1992-2019)"	"Eneboliger"	"2007K2"	13861	76
"0906 Arendal (1992-2019)"	"Eneboliger"	"2007K3"	14854	77
"0906 Arendal (1992-2019)"	"Eneboliger"	"2007K4"	12291	62
"0906 Arendal (1992-2019)"	"Eneboliger"	"2008K1"	13095	57
"0906 Arendal (1992-2019)"	"Eneboliger"	"2008K2"	14588	105
"0906 Arendal (1992-2019)"	"Eneboliger"	"2008K3"	13956	72
"0906 Arendal (1992-2019)"	"Eneboliger"	"2008K4"	13147	46
"0906 Arendal (1992-2019)"	"Eneboliger"	"2009K1"	14112	44
"0906 Arendal (1992-2019)"	"Eneboliger"	"2009K2"	15041	86
"0906 Arendal (1992-2019)"	"Eneboliger"	"2009K3"	15233	84
"0906 Arendal (1992-2019)"	"Eneboliger"	"2009K4"	14451	110
"0906 Arendal (1992-2019)"	"Eneboliger"	"2010K1"	14359	54
"0906 Arendal (1992-2019)"	"Eneboliger"	"2010K2"	17212	102
"0906 Arendal (1992-2019)"	"Eneboliger"	"2010K3"	16138	119
"0906 Arendal (1992-2019)"	"Eneboliger"	"2010K4"	15070	81
"0906 Arendal (1992-2019)"	"Eneboliger"	"2011K1"	16426	58
"0906 Arendal (1992-2019)"	"Eneboliger"	"2011K2"	18062	98
"0906 Arendal (1992-2019)"	"Eneboliger"	"2011K3"	16699	117
"0906 Arendal (1992-2019)"	"Eneboliger"	"2011K4"	16626	78
"0906 Arendal (1992-2019)"	"Eneboliger"	"2012K1"	16940	81
"0906 Arendal (1992-2019)"	"Eneboliger"	"2012K2"	18111	139
"0906 Arendal (1992-2019)"	"Eneboliger"	"2012K3"	16536	72
"0906 Arendal (1992-2019)"	"Eneboliger"	"2012K4"	17403	78
"0906 Arendal (1992-2019)"	"Eneboliger"	"2013K1"	17016	62
"0906 Arendal (1992-2019)"	"Eneboliger"	"2013K2"	19365	102
"0906 Arendal (1992-2019)"	"Eneboliger"	"2013K3"	17206	104
"0906 Arendal (1992-2019)"	"Eneboliger"	"2013K4"	16475	69
"0906 Arendal (1992-2019)"	"Eneboliger"	"2014K1"	15920	61
"0906 Arendal (1992-2019)"	"Eneboliger"	"2014K2"	19159	114
"0906 Arendal (1992-2019)"	"Eneboliger"	"2014K3"	18223	93
"0906 Arendal (1992-2019)"	"Eneboliger"	"2014K4"	17473	58
"0906 Arendal (1992-2019)"	"Eneboliger"	"2015K1"	16486	67
"0906 Arendal (1992-2019)"	"Eneboliger"	"2015K2"	18154	125
"0906 Arendal (1992-2019)"	"Eneboliger"	"2015K3"	18126	107
"0906 Arendal (1992-2019)"	"Eneboliger"	"2015K4"	18343	68
"0906 Arendal (1992-2019)"	"Eneboliger"	"2016K1"	18138	51
"0906 Arendal (1992-2019)"	"Eneboliger"	"2016K2"	20047	108
"0906 Arendal (1992-2019)"	"Eneboliger"	"2016K3"	17249	86
"0906 Arendal (1992-2019)"	"Eneboliger"	"2016K4"	17272	78
"0906 Arendal (1992-2019)"	"Eneboliger"	"2017K1"	16882	64
"0906 Arendal (1992-2019)"	"Eneboliger"	"2017K2"	18222	95
"0906 Arendal (1992-2019)"	"Eneboliger"	"2017K3"	18272	87
"0906 Arendal (1992-2019)"	"Eneboliger"	"2017K4"	19281	44
"0906 Arendal (1992-2019)"	"Eneboliger"	"2018K1"	19240	39
"0906 Arendal (1992-2019)"	"Eneboliger"	"2018K2"	20823	94
"0906 Arendal (1992-2019)"	"Eneboliger"	"2018K3"	20056	84
"0906 Arendal (1992-2019)"	"Eneboliger"	"2018K4"	17535	73
"0906 Arendal (1992-2019)"	"Eneboliger"	"2019K1"	17057	62
"0906 Arendal (1992-2019)"	"Eneboliger"	"2019K2"	19459	110
"0906 Arendal (1992-2019)"	"Eneboliger"	"2019K3"	21246	77
"0906 Arendal (1992-2019)"	"Eneboliger"	"2019K4"	17324	74
"0906 Arendal (1992-2019)"	"Eneboliger"	"2020K1"	.	.
"0906 Arendal (1992-2019)"	"Eneboliger"	"2020K2"	.	.
"0906 Arendal (1992-2019)"	"Eneboliger"	"2020K3"	.	.
"0906 Arendal (1992-2019)"	"Eneboliger"	"2020K4"	.	.
"0906 Arendal (1992-2019)"	"Eneboliger"	"2021K1"	.	.
"0906 Arendal (1992-2019)"	"Eneboliger"	"2021K2"	.	.
"0906 Arendal (1992-2019)"	"Eneboliger"	"2021K3"	.	.
"0906 Arendal (1992-2019)"	"Eneboliger"	"2021K4"	.	.
"0906 Arendal (1992-2019)"	"Eneboliger"	"2022K1"	.	.
"0906 Arendal (1992-2019)"	"Eneboliger"	"2022K2"	.	.
"0906 Arendal (1992-2019)"	"Eneboliger"	"2022K3"	.	.
"0906 Arendal (1992-2019)"	"Eneboliger"	"2022K4"	.	.
"0906 Arendal (1992-2019)"	"Eneboliger"	"2023K1"	.	.
"0906 Arendal (1992-2019)"	"Eneboliger"	"2023K2"	.	.
"0906 Arendal (1992-2019)"	"Eneboliger"	"2023K3"	.	.
"0906 Arendal (1992-2019)"	"Småhus"	"2006K1"	10671	11
"0906 Arendal (1992-2019)"	"Småhus"	"2006K2"	11249	21
"0906 Arendal (1992-2019)"	"Småhus"	"2006K3"	11764	17
"0906 Arendal (1992-2019)"	"Småhus"	"2006K4"	12573	11
"0906 Arendal (1992-2019)"	"Småhus"	"2007K1"	12410	10
"0906 Arendal (1992-2019)"	"Småhus"	"2007K2"	13259	16
"0906 Arendal (1992-2019)"	"Småhus"	"2007K3"	13342	11
"0906 Arendal (1992-2019)"	"Småhus"	"2007K4"	15427	11
"0906 Arendal (1992-2019)"	"Småhus"	"2008K1"	..	5
"0906 Arendal (1992-2019)"	"Småhus"	"2008K2"	15977	10
"0906 Arendal (1992-2019)"	"Småhus"	"2008K3"	14376	12
"0906 Arendal (1992-2019)"	"Småhus"	"2008K4"	..	7
"0906 Arendal (1992-2019)"	"Småhus"	"2009K1"	14556	10
"0906 Arendal (1992-2019)"	"Småhus"	"2009K2"	16097	20
"0906 Arendal (1992-2019)"	"Småhus"	"2009K3"	15963	20
"0906 Arendal (1992-2019)"	"Småhus"	"2009K4"	16183	14
"0906 Arendal (1992-2019)"	"Småhus"	"2010K1"	15673	15
"0906 Arendal (1992-2019)"	"Småhus"	"2010K2"	16561	11
"0906 Arendal (1992-2019)"	"Småhus"	"2010K3"	16074	15
"0906 Arendal (1992-2019)"	"Småhus"	"2010K4"	15666	16
"0906 Arendal (1992-2019)"	"Småhus"	"2011K1"	16559	14
"0906 Arendal (1992-2019)"	"Småhus"	"2011K2"	16890	15
"0906 Arendal (1992-2019)"	"Småhus"	"2011K3"	16821	21
"0906 Arendal (1992-2019)"	"Småhus"	"2011K4"	19272	15
"0906 Arendal (1992-2019)"	"Småhus"	"2012K1"	18126	11
"0906 Arendal (1992-2019)"	"Småhus"	"2012K2"	18862	17
"0906 Arendal (1992-2019)"	"Småhus"	"2012K3"	17026	14
"0906 Arendal (1992-2019)"	"Småhus"	"2012K4"	17661	19
"0906 Arendal (1992-2019)"	"Småhus"	"2013K1"	18309	11
"0906 Arendal (1992-2019)"	"Småhus"	"2013K2"	19566	23
"0906 Arendal (1992-2019)"	"Småhus"	"2013K3"	16765	16
"0906 Arendal (1992-2019)"	"Småhus"	"2013K4"	16844	17
"0906 Arendal (1992-2019)"	"Småhus"	"2014K1"	16372	20
"0906 Arendal (1992-2019)"	"Småhus"	"2014K2"	18308	11
"0906 Arendal (1992-2019)"	"Småhus"	"2014K3"	18327	16
"0906 Arendal (1992-2019)"	"Småhus"	"2014K4"	15977	17
"0906 Arendal (1992-2019)"	"Småhus"	"2015K1"	17952	14
"0906 Arendal (1992-2019)"	"Småhus"	"2015K2"	19189	11
"0906 Arendal (1992-2019)"	"Småhus"	"2015K3"	19205	24
"0906 Arendal (1992-2019)"	"Småhus"	"2015K4"	19512	20
"0906 Arendal (1992-2019)"	"Småhus"	"2016K1"	20641	12
"0906 Arendal (1992-2019)"	"Småhus"	"2016K2"	18028	19
"0906 Arendal (1992-2019)"	"Småhus"	"2016K3"	18059	14
"0906 Arendal (1992-2019)"	"Småhus"	"2016K4"	16162	12
"0906 Arendal (1992-2019)"	"Småhus"	"2017K1"	17561	15
"0906 Arendal (1992-2019)"	"Småhus"	"2017K2"	19121	27
"0906 Arendal (1992-2019)"	"Småhus"	"2017K3"	19921	14
"0906 Arendal (1992-2019)"	"Småhus"	"2017K4"	18927	12
"0906 Arendal (1992-2019)"	"Småhus"	"2018K1"	16755	14
"0906 Arendal (1992-2019)"	"Småhus"	"2018K2"	20938	15
"0906 Arendal (1992-2019)"	"Småhus"	"2018K3"	19148	20
"0906 Arendal (1992-2019)"	"Småhus"	"2018K4"	21445	17
"0906 Arendal (1992-2019)"	"Småhus"	"2019K1"	19369	17
"0906 Arendal (1992-2019)"	"Småhus"	"2019K2"	18691	24
"0906 Arendal (1992-2019)"	"Småhus"	"2019K3"	19762	23
"0906 Arendal (1992-2019)"	"Småhus"	"2019K4"	16286	21
"0906 Arendal (1992-2019)"	"Småhus"	"2020K1"	.	.
"0906 Arendal (1992-2019)"	"Småhus"	"2020K2"	.	.
"0906 Arendal (1992-2019)"	"Småhus"	"2020K3"	.	.
"0906 Arendal (1992-2019)"	"Småhus"	"2020K4"	.	.
"0906 Arendal (1992-2019)"	"Småhus"	"2021K1"	.	.
"0906 Arendal (1992-2019)"	"Småhus"	"2021K2"	.	.
"0906 Arendal (1992-2019)"	"Småhus"	"2021K3"	.	.
"0906 Arendal (1992-2019)"	"Småhus"	"2021K4"	.	.
"0906 Arendal (1992-2019)"	"Småhus"	"2022K1"	.	.
"0906 Arendal (1992-2019)"	"Småhus"	"2022K2"	.	.
"0906 Arendal (1992-2019)"	"Småhus"	"2022K3"	.	.
"0906 Arendal (1992-2019)"	"Småhus"	"2022K4"	.	.
"0906 Arendal (1992-2019)"	"Småhus"	"2023K1"	.	.
"0906 Arendal (1992-2019)"	"Småhus"	"2023K2"	.	.
"0906 Arendal (1992-2019)"	"Småhus"	"2023K3"	.	.
"0906 Arendal (1992-2019)"	"Blokkleiligheter"	"2006K1"	16321	12
"0906 Arendal (1992-2019)"	"Blokkleiligheter"	"2006K2"	..	8
"0906 Arendal (1992-2019)"	"Blokkleiligheter"	"2006K3"	..	9
"0906 Arendal (1992-2019)"	"Blokkleiligheter"	"2006K4"	16850	16
"0906 Arendal (1992-2019)"	"Blokkleiligheter"	"2007K1"	..	9
"0906 Arendal (1992-2019)"	"Blokkleiligheter"	"2007K2"	18236	19
"0906 Arendal (1992-2019)"	"Blokkleiligheter"	"2007K3"	18651	21
"0906 Arendal (1992-2019)"	"Blokkleiligheter"	"2007K4"	21064	15
"0906 Arendal (1992-2019)"	"Blokkleiligheter"	"2008K1"	23248	22
"0906 Arendal (1992-2019)"	"Blokkleiligheter"	"2008K2"	22520	36
"0906 Arendal (1992-2019)"	"Blokkleiligheter"	"2008K3"	21898	16
"0906 Arendal (1992-2019)"	"Blokkleiligheter"	"2008K4"	19109	12
"0906 Arendal (1992-2019)"	"Blokkleiligheter"	"2009K1"	19181	20
"0906 Arendal (1992-2019)"	"Blokkleiligheter"	"2009K2"	22721	20
"0906 Arendal (1992-2019)"	"Blokkleiligheter"	"2009K3"	22288	20
"0906 Arendal (1992-2019)"	"Blokkleiligheter"	"2009K4"	23061	20
"0906 Arendal (1992-2019)"	"Blokkleiligheter"	"2010K1"	21399	18
"0906 Arendal (1992-2019)"	"Blokkleiligheter"	"2010K2"	21680	20
"0906 Arendal (1992-2019)"	"Blokkleiligheter"	"2010K3"	25156	27
"0906 Arendal (1992-2019)"	"Blokkleiligheter"	"2010K4"	22669	22
"0906 Arendal (1992-2019)"	"Blokkleiligheter"	"2011K1"	23061	22
"0906 Arendal (1992-2019)"	"Blokkleiligheter"	"2011K2"	24603	32
"0906 Arendal (1992-2019)"	"Blokkleiligheter"	"2011K3"	23966	27
"0906 Arendal (1992-2019)"	"Blokkleiligheter"	"2011K4"	24492	14
"0906 Arendal (1992-2019)"	"Blokkleiligheter"	"2012K1"	24415	31
"0906 Arendal (1992-2019)"	"Blokkleiligheter"	"2012K2"	25361	34
"0906 Arendal (1992-2019)"	"Blokkleiligheter"	"2012K3"	25255	24
"0906 Arendal (1992-2019)"	"Blokkleiligheter"	"2012K4"	22782	27
"0906 Arendal (1992-2019)"	"Blokkleiligheter"	"2013K1"	26324	25
"0906 Arendal (1992-2019)"	"Blokkleiligheter"	"2013K2"	25081	27
"0906 Arendal (1992-2019)"	"Blokkleiligheter"	"2013K3"	25799	26
"0906 Arendal (1992-2019)"	"Blokkleiligheter"	"2013K4"	25836	23
"0906 Arendal (1992-2019)"	"Blokkleiligheter"	"2014K1"	25733	24
"0906 Arendal (1992-2019)"	"Blokkleiligheter"	"2014K2"	23317	33
"0906 Arendal (1992-2019)"	"Blokkleiligheter"	"2014K3"	27003	26
"0906 Arendal (1992-2019)"	"Blokkleiligheter"	"2014K4"	25925	27
"0906 Arendal (1992-2019)"	"Blokkleiligheter"	"2015K1"	24078	29
"0906 Arendal (1992-2019)"	"Blokkleiligheter"	"2015K2"	23834	43
"0906 Arendal (1992-2019)"	"Blokkleiligheter"	"2015K3"	23247	25
"0906 Arendal (1992-2019)"	"Blokkleiligheter"	"2015K4"	26842	27
"0906 Arendal (1992-2019)"	"Blokkleiligheter"	"2016K1"	28477	23
"0906 Arendal (1992-2019)"	"Blokkleiligheter"	"2016K2"	26115	51
"0906 Arendal (1992-2019)"	"Blokkleiligheter"	"2016K3"	26227	37
"0906 Arendal (1992-2019)"	"Blokkleiligheter"	"2016K4"	29156	29
"0906 Arendal (1992-2019)"	"Blokkleiligheter"	"2017K1"	26166	28
"0906 Arendal (1992-2019)"	"Blokkleiligheter"	"2017K2"	26697	33
"0906 Arendal (1992-2019)"	"Blokkleiligheter"	"2017K3"	27480	32
"0906 Arendal (1992-2019)"	"Blokkleiligheter"	"2017K4"	26368	25
"0906 Arendal (1992-2019)"	"Blokkleiligheter"	"2018K1"	27029	21
"0906 Arendal (1992-2019)"	"Blokkleiligheter"	"2018K2"	26372	50
"0906 Arendal (1992-2019)"	"Blokkleiligheter"	"2018K3"	29324	27
"0906 Arendal (1992-2019)"	"Blokkleiligheter"	"2018K4"	25246	34
"0906 Arendal (1992-2019)"	"Blokkleiligheter"	"2019K1"	28374	25
"0906 Arendal (1992-2019)"	"Blokkleiligheter"	"2019K2"	27859	50
"0906 Arendal (1992-2019)"	"Blokkleiligheter"	"2019K3"	32084	33
"0906 Arendal (1992-2019)"	"Blokkleiligheter"	"2019K4"	28657	30
"0906 Arendal (1992-2019)"	"Blokkleiligheter"	"2020K1"	.	.
"0906 Arendal (1992-2019)"	"Blokkleiligheter"	"2020K2"	.	.
"0906 Arendal (1992-2019)"	"Blokkleiligheter"	"2020K3"	.	.
"0906 Arendal (1992-2019)"	"Blokkleiligheter"	"2020K4"	.	.
"0906 Arendal (1992-2019)"	"Blokkleiligheter"	"2021K1"	.	.
"0906 Arendal (1992-2019)"	"Blokkleiligheter"	"2021K2"	.	.
"0906 Arendal (1992-2019)"	"Blokkleiligheter"	"2021K3"	.	.
"0906 Arendal (1992-2019)"	"Blokkleiligheter"	"2021K4"	.	.
"0906 Arendal (1992-2019)"	"Blokkleiligheter"	"2022K1"	.	.
"0906 Arendal (1992-2019)"	"Blokkleiligheter"	"2022K2"	.	.
"0906 Arendal (1992-2019)"	"Blokkleiligheter"	"2022K3"	.	.
"0906 Arendal (1992-2019)"	"Blokkleiligheter"	"2022K4"	.	.
"0906 Arendal (1992-2019)"	"Blokkleiligheter"	"2023K1"	.	.
"0906 Arendal (1992-2019)"	"Blokkleiligheter"	"2023K2"	.	.
"0906 Arendal (1992-2019)"	"Blokkleiligheter"	"2023K3"	.	.
"1001 Kristiansand (-2019)"	"Eneboliger"	"2006K1"	13805	60
"1001 Kristiansand (-2019)"	"Eneboliger"	"2006K2"	16096	99
"1001 Kristiansand (-2019)"	"Eneboliger"	"2006K3"	17882	96
"1001 Kristiansand (-2019)"	"Eneboliger"	"2006K4"	18047	93
"1001 Kristiansand (-2019)"	"Eneboliger"	"2007K1"	19007	70
"1001 Kristiansand (-2019)"	"Eneboliger"	"2007K2"	19196	117
"1001 Kristiansand (-2019)"	"Eneboliger"	"2007K3"	19638	102
"1001 Kristiansand (-2019)"	"Eneboliger"	"2007K4"	19999	82
"1001 Kristiansand (-2019)"	"Eneboliger"	"2008K1"	21469	78
"1001 Kristiansand (-2019)"	"Eneboliger"	"2008K2"	21277	121
"1001 Kristiansand (-2019)"	"Eneboliger"	"2008K3"	20535	87
"1001 Kristiansand (-2019)"	"Eneboliger"	"2008K4"	18030	70
"1001 Kristiansand (-2019)"	"Eneboliger"	"2009K1"	19279	77
"1001 Kristiansand (-2019)"	"Eneboliger"	"2009K2"	19764	138
"1001 Kristiansand (-2019)"	"Eneboliger"	"2009K3"	21429	101
"1001 Kristiansand (-2019)"	"Eneboliger"	"2009K4"	20762	85
"1001 Kristiansand (-2019)"	"Eneboliger"	"2010K1"	20746	71
"1001 Kristiansand (-2019)"	"Eneboliger"	"2010K2"	23276	115
"1001 Kristiansand (-2019)"	"Eneboliger"	"2010K3"	21886	122
"1001 Kristiansand (-2019)"	"Eneboliger"	"2010K4"	21430	83
"1001 Kristiansand (-2019)"	"Eneboliger"	"2011K1"	22741	83
"1001 Kristiansand (-2019)"	"Eneboliger"	"2011K2"	22474	172
"1001 Kristiansand (-2019)"	"Eneboliger"	"2011K3"	22523	138
"1001 Kristiansand (-2019)"	"Eneboliger"	"2011K4"	22309	91
"1001 Kristiansand (-2019)"	"Eneboliger"	"2012K1"	21723	87
"1001 Kristiansand (-2019)"	"Eneboliger"	"2012K2"	23803	143
"1001 Kristiansand (-2019)"	"Eneboliger"	"2012K3"	22743	131
"1001 Kristiansand (-2019)"	"Eneboliger"	"2012K4"	21945	104
"1001 Kristiansand (-2019)"	"Eneboliger"	"2013K1"	22611	87
"1001 Kristiansand (-2019)"	"Eneboliger"	"2013K2"	23382	125
"1001 Kristiansand (-2019)"	"Eneboliger"	"2013K3"	20705	108
"1001 Kristiansand (-2019)"	"Eneboliger"	"2013K4"	21963	95
"1001 Kristiansand (-2019)"	"Eneboliger"	"2014K1"	21173	95
"1001 Kristiansand (-2019)"	"Eneboliger"	"2014K2"	22673	147
"1001 Kristiansand (-2019)"	"Eneboliger"	"2014K3"	21911	110
"1001 Kristiansand (-2019)"	"Eneboliger"	"2014K4"	24175	89
"1001 Kristiansand (-2019)"	"Eneboliger"	"2015K1"	22950	114
"1001 Kristiansand (-2019)"	"Eneboliger"	"2015K2"	23971	153
"1001 Kristiansand (-2019)"	"Eneboliger"	"2015K3"	22848	106
"1001 Kristiansand (-2019)"	"Eneboliger"	"2015K4"	23848	72
"1001 Kristiansand (-2019)"	"Eneboliger"	"2016K1"	23594	89
"1001 Kristiansand (-2019)"	"Eneboliger"	"2016K2"	23697	146
"1001 Kristiansand (-2019)"	"Eneboliger"	"2016K3"	23698	108
"1001 Kristiansand (-2019)"	"Eneboliger"	"2016K4"	23983	83
"1001 Kristiansand (-2019)"	"Eneboliger"	"2017K1"	23570	102
"1001 Kristiansand (-2019)"	"Eneboliger"	"2017K2"	24878	150
"1001 Kristiansand (-2019)"	"Eneboliger"	"2017K3"	23415	91
"1001 Kristiansand (-2019)"	"Eneboliger"	"2017K4"	22431	65
"1001 Kristiansand (-2019)"	"Eneboliger"	"2018K1"	23170	56
"1001 Kristiansand (-2019)"	"Eneboliger"	"2018K2"	24975	131
"1001 Kristiansand (-2019)"	"Eneboliger"	"2018K3"	24008	100
"1001 Kristiansand (-2019)"	"Eneboliger"	"2018K4"	24230	86
"1001 Kristiansand (-2019)"	"Eneboliger"	"2019K1"	24883	113
"1001 Kristiansand (-2019)"	"Eneboliger"	"2019K2"	26044	141
"1001 Kristiansand (-2019)"	"Eneboliger"	"2019K3"	24640	96
"1001 Kristiansand (-2019)"	"Eneboliger"	"2019K4"	24660	91
"1001 Kristiansand (-2019)"	"Eneboliger"	"2020K1"	.	.
"1001 Kristiansand (-2019)"	"Eneboliger"	"2020K2"	.	.
"1001 Kristiansand (-2019)"	"Eneboliger"	"2020K3"	.	.
"1001 Kristiansand (-2019)"	"Eneboliger"	"2020K4"	.	.
"1001 Kristiansand (-2019)"	"Eneboliger"	"2021K1"	.	.
"1001 Kristiansand (-2019)"	"Eneboliger"	"2021K2"	.	.
"1001 Kristiansand (-2019)"	"Eneboliger"	"2021K3"	.	.
"1001 Kristiansand (-2019)"	"Eneboliger"	"2021K4"	.	.
"1001 Kristiansand (-2019)"	"Eneboliger"	"2022K1"	.	.
"1001 Kristiansand (-2019)"	"Eneboliger"	"2022K2"	.	.
"1001 Kristiansand (-2019)"	"Eneboliger"	"2022K3"	.	.
"1001 Kristiansand (-2019)"	"Eneboliger"	"2022K4"	.	.
"1001 Kristiansand (-2019)"	"Eneboliger"	"2023K1"	.	.
"1001 Kristiansand (-2019)"	"Eneboliger"	"2023K2"	.	.
"1001 Kristiansand (-2019)"	"Eneboliger"	"2023K3"	.	.
"1001 Kristiansand (-2019)"	"Småhus"	"2006K1"	14941	67
"1001 Kristiansand (-2019)"	"Småhus"	"2006K2"	15806	83
"1001 Kristiansand (-2019)"	"Småhus"	"2006K3"	17527	54
"1001 Kristiansand (-2019)"	"Småhus"	"2006K4"	17577	54
"1001 Kristiansand (-2019)"	"Småhus"	"2007K1"	19449	53
"1001 Kristiansand (-2019)"	"Småhus"	"2007K2"	19791	66
"1001 Kristiansand (-2019)"	"Småhus"	"2007K3"	20115	65
"1001 Kristiansand (-2019)"	"Småhus"	"2007K4"	20883	47
"1001 Kristiansand (-2019)"	"Småhus"	"2008K1"	20609	66
"1001 Kristiansand (-2019)"	"Småhus"	"2008K2"	21365	82
"1001 Kristiansand (-2019)"	"Småhus"	"2008K3"	20818	60
"1001 Kristiansand (-2019)"	"Småhus"	"2008K4"	18075	36
"1001 Kristiansand (-2019)"	"Småhus"	"2009K1"	18886	58
"1001 Kristiansand (-2019)"	"Småhus"	"2009K2"	20245	77
"1001 Kristiansand (-2019)"	"Småhus"	"2009K3"	21784	70
"1001 Kristiansand (-2019)"	"Småhus"	"2009K4"	19567	51
"1001 Kristiansand (-2019)"	"Småhus"	"2010K1"	20981	53
"1001 Kristiansand (-2019)"	"Småhus"	"2010K2"	22599	74
"1001 Kristiansand (-2019)"	"Småhus"	"2010K3"	21460	63
"1001 Kristiansand (-2019)"	"Småhus"	"2010K4"	20867	52
"1001 Kristiansand (-2019)"	"Småhus"	"2011K1"	23036	63
"1001 Kristiansand (-2019)"	"Småhus"	"2011K2"	22040	74
"1001 Kristiansand (-2019)"	"Småhus"	"2011K3"	22098	74
"1001 Kristiansand (-2019)"	"Småhus"	"2011K4"	21790	58
"1001 Kristiansand (-2019)"	"Småhus"	"2012K1"	22767	58
"1001 Kristiansand (-2019)"	"Småhus"	"2012K2"	22703	84
"1001 Kristiansand (-2019)"	"Småhus"	"2012K3"	21731	80
"1001 Kristiansand (-2019)"	"Småhus"	"2012K4"	21258	39
"1001 Kristiansand (-2019)"	"Småhus"	"2013K1"	22617	59
"1001 Kristiansand (-2019)"	"Småhus"	"2013K2"	22986	75
"1001 Kristiansand (-2019)"	"Småhus"	"2013K3"	21514	61
"1001 Kristiansand (-2019)"	"Småhus"	"2013K4"	21055	55
"1001 Kristiansand (-2019)"	"Småhus"	"2014K1"	22209	57
"1001 Kristiansand (-2019)"	"Småhus"	"2014K2"	21749	79
"1001 Kristiansand (-2019)"	"Småhus"	"2014K3"	21859	62
"1001 Kristiansand (-2019)"	"Småhus"	"2014K4"	21957	71
"1001 Kristiansand (-2019)"	"Småhus"	"2015K1"	23413	63
"1001 Kristiansand (-2019)"	"Småhus"	"2015K2"	24322	83
"1001 Kristiansand (-2019)"	"Småhus"	"2015K3"	23154	66
"1001 Kristiansand (-2019)"	"Småhus"	"2015K4"	22068	55
"1001 Kristiansand (-2019)"	"Småhus"	"2016K1"	22668	56
"1001 Kristiansand (-2019)"	"Småhus"	"2016K2"	24345	71
"1001 Kristiansand (-2019)"	"Småhus"	"2016K3"	23339	83
"1001 Kristiansand (-2019)"	"Småhus"	"2016K4"	22235	48
"1001 Kristiansand (-2019)"	"Småhus"	"2017K1"	24664	68
"1001 Kristiansand (-2019)"	"Småhus"	"2017K2"	23475	81
"1001 Kristiansand (-2019)"	"Småhus"	"2017K3"	23895	82
"1001 Kristiansand (-2019)"	"Småhus"	"2017K4"	23310	55
"1001 Kristiansand (-2019)"	"Småhus"	"2018K1"	22100	48
"1001 Kristiansand (-2019)"	"Småhus"	"2018K2"	23833	99
"1001 Kristiansand (-2019)"	"Småhus"	"2018K3"	25101	70
"1001 Kristiansand (-2019)"	"Småhus"	"2018K4"	23657	58
"1001 Kristiansand (-2019)"	"Småhus"	"2019K1"	22972	64
"1001 Kristiansand (-2019)"	"Småhus"	"2019K2"	25713	96
"1001 Kristiansand (-2019)"	"Småhus"	"2019K3"	24605	81
"1001 Kristiansand (-2019)"	"Småhus"	"2019K4"	25589	50
"1001 Kristiansand (-2019)"	"Småhus"	"2020K1"	.	.
"1001 Kristiansand (-2019)"	"Småhus"	"2020K2"	.	.
"1001 Kristiansand (-2019)"	"Småhus"	"2020K3"	.	.
"1001 Kristiansand (-2019)"	"Småhus"	"2020K4"	.	.
"1001 Kristiansand (-2019)"	"Småhus"	"2021K1"	.	.
"1001 Kristiansand (-2019)"	"Småhus"	"2021K2"	.	.
"1001 Kristiansand (-2019)"	"Småhus"	"2021K3"	.	.
"1001 Kristiansand (-2019)"	"Småhus"	"2021K4"	.	.
"1001 Kristiansand (-2019)"	"Småhus"	"2022K1"	.	.
"1001 Kristiansand (-2019)"	"Småhus"	"2022K2"	.	.
"1001 Kristiansand (-2019)"	"Småhus"	"2022K3"	.	.
"1001 Kristiansand (-2019)"	"Småhus"	"2022K4"	.	.
"1001 Kristiansand (-2019)"	"Småhus"	"2023K1"	.	.
"1001 Kristiansand (-2019)"	"Småhus"	"2023K2"	.	.
"1001 Kristiansand (-2019)"	"Småhus"	"2023K3"	.	.
"1001 Kristiansand (-2019)"	"Blokkleiligheter"	"2006K1"	23374	114
"1001 Kristiansand (-2019)"	"Blokkleiligheter"	"2006K2"	23945	121
"1001 Kristiansand (-2019)"	"Blokkleiligheter"	"2006K3"	26303	102
"1001 Kristiansand (-2019)"	"Blokkleiligheter"	"2006K4"	27815	94
"1001 Kristiansand (-2019)"	"Blokkleiligheter"	"2007K1"	30106	89
"1001 Kristiansand (-2019)"	"Blokkleiligheter"	"2007K2"	30043	132
"1001 Kristiansand (-2019)"	"Blokkleiligheter"	"2007K3"	30488	114
"1001 Kristiansand (-2019)"	"Blokkleiligheter"	"2007K4"	28380	92
"1001 Kristiansand (-2019)"	"Blokkleiligheter"	"2008K1"	28995	109
"1001 Kristiansand (-2019)"	"Blokkleiligheter"	"2008K2"	30380	156
"1001 Kristiansand (-2019)"	"Blokkleiligheter"	"2008K3"	29969	91
"1001 Kristiansand (-2019)"	"Blokkleiligheter"	"2008K4"	26060	68
"1001 Kristiansand (-2019)"	"Blokkleiligheter"	"2009K1"	27706	100
"1001 Kristiansand (-2019)"	"Blokkleiligheter"	"2009K2"	29556	116
"1001 Kristiansand (-2019)"	"Blokkleiligheter"	"2009K3"	32360	131
"1001 Kristiansand (-2019)"	"Blokkleiligheter"	"2009K4"	30925	108
"1001 Kristiansand (-2019)"	"Blokkleiligheter"	"2010K1"	29578	108
"1001 Kristiansand (-2019)"	"Blokkleiligheter"	"2010K2"	31402	154
"1001 Kristiansand (-2019)"	"Blokkleiligheter"	"2010K3"	33445	131
"1001 Kristiansand (-2019)"	"Blokkleiligheter"	"2010K4"	32992	107
"1001 Kristiansand (-2019)"	"Blokkleiligheter"	"2011K1"	32793	110
"1001 Kristiansand (-2019)"	"Blokkleiligheter"	"2011K2"	32621	151
"1001 Kristiansand (-2019)"	"Blokkleiligheter"	"2011K3"	33255	138
"1001 Kristiansand (-2019)"	"Blokkleiligheter"	"2011K4"	33398	117
"1001 Kristiansand (-2019)"	"Blokkleiligheter"	"2012K1"	34389	123
"1001 Kristiansand (-2019)"	"Blokkleiligheter"	"2012K2"	33987	144
"1001 Kristiansand (-2019)"	"Blokkleiligheter"	"2012K3"	33248	138
"1001 Kristiansand (-2019)"	"Blokkleiligheter"	"2012K4"	33923	101
"1001 Kristiansand (-2019)"	"Blokkleiligheter"	"2013K1"	33298	106
"1001 Kristiansand (-2019)"	"Blokkleiligheter"	"2013K2"	33894	135
"1001 Kristiansand (-2019)"	"Blokkleiligheter"	"2013K3"	34341	116
"1001 Kristiansand (-2019)"	"Blokkleiligheter"	"2013K4"	32746	76
"1001 Kristiansand (-2019)"	"Blokkleiligheter"	"2014K1"	32000	90
"1001 Kristiansand (-2019)"	"Blokkleiligheter"	"2014K2"	32265	133
"1001 Kristiansand (-2019)"	"Blokkleiligheter"	"2014K3"	34987	131
"1001 Kristiansand (-2019)"	"Blokkleiligheter"	"2014K4"	33357	95
"1001 Kristiansand (-2019)"	"Blokkleiligheter"	"2015K1"	33972	149
"1001 Kristiansand (-2019)"	"Blokkleiligheter"	"2015K2"	33873	159
"1001 Kristiansand (-2019)"	"Blokkleiligheter"	"2015K3"	35702	109
"1001 Kristiansand (-2019)"	"Blokkleiligheter"	"2015K4"	33217	92
"1001 Kristiansand (-2019)"	"Blokkleiligheter"	"2016K1"	36938	97
"1001 Kristiansand (-2019)"	"Blokkleiligheter"	"2016K2"	37039	166
"1001 Kristiansand (-2019)"	"Blokkleiligheter"	"2016K3"	37759	136
"1001 Kristiansand (-2019)"	"Blokkleiligheter"	"2016K4"	35987	100
"1001 Kristiansand (-2019)"	"Blokkleiligheter"	"2017K1"	37890	146
"1001 Kristiansand (-2019)"	"Blokkleiligheter"	"2017K2"	37221	162
"1001 Kristiansand (-2019)"	"Blokkleiligheter"	"2017K3"	37071	106
"1001 Kristiansand (-2019)"	"Blokkleiligheter"	"2017K4"	37529	98
"1001 Kristiansand (-2019)"	"Blokkleiligheter"	"2018K1"	38267	86
"1001 Kristiansand (-2019)"	"Blokkleiligheter"	"2018K2"	41182	153
"1001 Kristiansand (-2019)"	"Blokkleiligheter"	"2018K3"	39791	119
"1001 Kristiansand (-2019)"	"Blokkleiligheter"	"2018K4"	36646	104
"1001 Kristiansand (-2019)"	"Blokkleiligheter"	"2019K1"	39602	130
"1001 Kristiansand (-2019)"	"Blokkleiligheter"	"2019K2"	38497	166
"1001 Kristiansand (-2019)"	"Blokkleiligheter"	"2019K3"	40022	152
"1001 Kristiansand (-2019)"	"Blokkleiligheter"	"2019K4"	38643	93
"1001 Kristiansand (-2019)"	"Blokkleiligheter"	"2020K1"	.	.
"1001 Kristiansand (-2019)"	"Blokkleiligheter"	"2020K2"	.	.
"1001 Kristiansand (-2019)"	"Blokkleiligheter"	"2020K3"	.	.
"1001 Kristiansand (-2019)"	"Blokkleiligheter"	"2020K4"	.	.
"1001 Kristiansand (-2019)"	"Blokkleiligheter"	"2021K1"	.	.
"1001 Kristiansand (-2019)"	"Blokkleiligheter"	"2021K2"	.	.
"1001 Kristiansand (-2019)"	"Blokkleiligheter"	"2021K3"	.	.
"1001 Kristiansand (-2019)"	"Blokkleiligheter"	"2021K4"	.	.
"1001 Kristiansand (-2019)"	"Blokkleiligheter"	"2022K1"	.	.
"1001 Kristiansand (-2019)"	"Blokkleiligheter"	"2022K2"	.	.
"1001 Kristiansand (-2019)"	"Blokkleiligheter"	"2022K3"	.	.
"1001 Kristiansand (-2019)"	"Blokkleiligheter"	"2022K4"	.	.
"1001 Kristiansand (-2019)"	"Blokkleiligheter"	"2023K1"	.	.
"1001 Kristiansand (-2019)"	"Blokkleiligheter"	"2023K2"	.	.
"1001 Kristiansand (-2019)"	"Blokkleiligheter"	"2023K3"	.	.
"1102 Sandnes (-2019)"	"Eneboliger"	"2006K1"	14796	97
"1102 Sandnes (-2019)"	"Eneboliger"	"2006K2"	16488	108
"1102 Sandnes (-2019)"	"Eneboliger"	"2006K3"	17875	83
"1102 Sandnes (-2019)"	"Eneboliger"	"2006K4"	19448	75
"1102 Sandnes (-2019)"	"Eneboliger"	"2007K1"	20527	93
"1102 Sandnes (-2019)"	"Eneboliger"	"2007K2"	20981	93
"1102 Sandnes (-2019)"	"Eneboliger"	"2007K3"	20958	73
"1102 Sandnes (-2019)"	"Eneboliger"	"2007K4"	22297	92
"1102 Sandnes (-2019)"	"Eneboliger"	"2008K1"	22844	91
"1102 Sandnes (-2019)"	"Eneboliger"	"2008K2"	21266	123
"1102 Sandnes (-2019)"	"Eneboliger"	"2008K3"	21449	73
"1102 Sandnes (-2019)"	"Eneboliger"	"2008K4"	20059	60
"1102 Sandnes (-2019)"	"Eneboliger"	"2009K1"	20805	105
"1102 Sandnes (-2019)"	"Eneboliger"	"2009K2"	21255	117
"1102 Sandnes (-2019)"	"Eneboliger"	"2009K3"	20833	94
"1102 Sandnes (-2019)"	"Eneboliger"	"2009K4"	21777	96
"1102 Sandnes (-2019)"	"Eneboliger"	"2010K1"	23015	83
"1102 Sandnes (-2019)"	"Eneboliger"	"2010K2"	22890	127
"1102 Sandnes (-2019)"	"Eneboliger"	"2010K3"	23138	114
"1102 Sandnes (-2019)"	"Eneboliger"	"2010K4"	25187	92
"1102 Sandnes (-2019)"	"Eneboliger"	"2011K1"	25192	100
"1102 Sandnes (-2019)"	"Eneboliger"	"2011K2"	26424	119
"1102 Sandnes (-2019)"	"Eneboliger"	"2011K3"	26513	87
"1102 Sandnes (-2019)"	"Eneboliger"	"2011K4"	26148	101
"1102 Sandnes (-2019)"	"Eneboliger"	"2012K1"	26838	109
"1102 Sandnes (-2019)"	"Eneboliger"	"2012K2"	26950	137
"1102 Sandnes (-2019)"	"Eneboliger"	"2012K3"	28529	114
"1102 Sandnes (-2019)"	"Eneboliger"	"2012K4"	28921	93
"1102 Sandnes (-2019)"	"Eneboliger"	"2013K1"	30169	99
"1102 Sandnes (-2019)"	"Eneboliger"	"2013K2"	29384	133
"1102 Sandnes (-2019)"	"Eneboliger"	"2013K3"	28653	92
"1102 Sandnes (-2019)"	"Eneboliger"	"2013K4"	27704	102
"1102 Sandnes (-2019)"	"Eneboliger"	"2014K1"	27948	100
"1102 Sandnes (-2019)"	"Eneboliger"	"2014K2"	28290	133
"1102 Sandnes (-2019)"	"Eneboliger"	"2014K3"	28543	112
"1102 Sandnes (-2019)"	"Eneboliger"	"2014K4"	28042	89
"1102 Sandnes (-2019)"	"Eneboliger"	"2015K1"	28818	89
"1102 Sandnes (-2019)"	"Eneboliger"	"2015K2"	28039	106
"1102 Sandnes (-2019)"	"Eneboliger"	"2015K3"	27612	64
"1102 Sandnes (-2019)"	"Eneboliger"	"2015K4"	26263	75
"1102 Sandnes (-2019)"	"Eneboliger"	"2016K1"	26180	78
"1102 Sandnes (-2019)"	"Eneboliger"	"2016K2"	25868	85
"1102 Sandnes (-2019)"	"Eneboliger"	"2016K3"	25798	77
"1102 Sandnes (-2019)"	"Eneboliger"	"2016K4"	25805	67
"1102 Sandnes (-2019)"	"Eneboliger"	"2017K1"	26158	111
"1102 Sandnes (-2019)"	"Eneboliger"	"2017K2"	24954	102
"1102 Sandnes (-2019)"	"Eneboliger"	"2017K3"	24556	79
"1102 Sandnes (-2019)"	"Eneboliger"	"2017K4"	24566	85
"1102 Sandnes (-2019)"	"Eneboliger"	"2018K1"	25879	76
"1102 Sandnes (-2019)"	"Eneboliger"	"2018K2"	24535	117
"1102 Sandnes (-2019)"	"Eneboliger"	"2018K3"	26259	94
"1102 Sandnes (-2019)"	"Eneboliger"	"2018K4"	25509	94
"1102 Sandnes (-2019)"	"Eneboliger"	"2019K1"	24920	100
"1102 Sandnes (-2019)"	"Eneboliger"	"2019K2"	26792	125
"1102 Sandnes (-2019)"	"Eneboliger"	"2019K3"	25928	95
"1102 Sandnes (-2019)"	"Eneboliger"	"2019K4"	26384	89
"1102 Sandnes (-2019)"	"Eneboliger"	"2020K1"	.	.
"1102 Sandnes (-2019)"	"Eneboliger"	"2020K2"	.	.
"1102 Sandnes (-2019)"	"Eneboliger"	"2020K3"	.	.
"1102 Sandnes (-2019)"	"Eneboliger"	"2020K4"	.	.
"1102 Sandnes (-2019)"	"Eneboliger"	"2021K1"	.	.
"1102 Sandnes (-2019)"	"Eneboliger"	"2021K2"	.	.
"1102 Sandnes (-2019)"	"Eneboliger"	"2021K3"	.	.
"1102 Sandnes (-2019)"	"Eneboliger"	"2021K4"	.	.
"1102 Sandnes (-2019)"	"Eneboliger"	"2022K1"	.	.
"1102 Sandnes (-2019)"	"Eneboliger"	"2022K2"	.	.
"1102 Sandnes (-2019)"	"Eneboliger"	"2022K3"	.	.
"1102 Sandnes (-2019)"	"Eneboliger"	"2022K4"	.	.
"1102 Sandnes (-2019)"	"Eneboliger"	"2023K1"	.	.
"1102 Sandnes (-2019)"	"Eneboliger"	"2023K2"	.	.
"1102 Sandnes (-2019)"	"Eneboliger"	"2023K3"	.	.
"1102 Sandnes (-2019)"	"Småhus"	"2006K1"	16382	33
"1102 Sandnes (-2019)"	"Småhus"	"2006K2"	17396	53
"1102 Sandnes (-2019)"	"Småhus"	"2006K3"	19601	21
"1102 Sandnes (-2019)"	"Småhus"	"2006K4"	19769	36
"1102 Sandnes (-2019)"	"Småhus"	"2007K1"	22242	40
"1102 Sandnes (-2019)"	"Småhus"	"2007K2"	24184	55
"1102 Sandnes (-2019)"	"Småhus"	"2007K3"	24334	42
"1102 Sandnes (-2019)"	"Småhus"	"2007K4"	24631	44
"1102 Sandnes (-2019)"	"Småhus"	"2008K1"	24821	48
"1102 Sandnes (-2019)"	"Småhus"	"2008K2"	22977	72
"1102 Sandnes (-2019)"	"Småhus"	"2008K3"	23188	44
"1102 Sandnes (-2019)"	"Småhus"	"2008K4"	20504	36
"1102 Sandnes (-2019)"	"Småhus"	"2009K1"	23342	44
"1102 Sandnes (-2019)"	"Småhus"	"2009K2"	22015	47
"1102 Sandnes (-2019)"	"Småhus"	"2009K3"	23383	44
"1102 Sandnes (-2019)"	"Småhus"	"2009K4"	23751	26
"1102 Sandnes (-2019)"	"Småhus"	"2010K1"	25543	43
"1102 Sandnes (-2019)"	"Småhus"	"2010K2"	26552	64
"1102 Sandnes (-2019)"	"Småhus"	"2010K3"	26486	45
"1102 Sandnes (-2019)"	"Småhus"	"2010K4"	26866	46
"1102 Sandnes (-2019)"	"Småhus"	"2011K1"	29575	48
"1102 Sandnes (-2019)"	"Småhus"	"2011K2"	29998	55
"1102 Sandnes (-2019)"	"Småhus"	"2011K3"	29620	36
"1102 Sandnes (-2019)"	"Småhus"	"2011K4"	29550	42
"1102 Sandnes (-2019)"	"Småhus"	"2012K1"	30192	46
"1102 Sandnes (-2019)"	"Småhus"	"2012K2"	31695	66
"1102 Sandnes (-2019)"	"Småhus"	"2012K3"	33634	32
"1102 Sandnes (-2019)"	"Småhus"	"2012K4"	33536	45
"1102 Sandnes (-2019)"	"Småhus"	"2013K1"	33146	62
"1102 Sandnes (-2019)"	"Småhus"	"2013K2"	32249	56
"1102 Sandnes (-2019)"	"Småhus"	"2013K3"	34109	45
"1102 Sandnes (-2019)"	"Småhus"	"2013K4"	30271	36
"1102 Sandnes (-2019)"	"Småhus"	"2014K1"	33473	51
"1102 Sandnes (-2019)"	"Småhus"	"2014K2"	32559	56
"1102 Sandnes (-2019)"	"Småhus"	"2014K3"	32571	56
"1102 Sandnes (-2019)"	"Småhus"	"2014K4"	31284	48
"1102 Sandnes (-2019)"	"Småhus"	"2015K1"	32223	64
"1102 Sandnes (-2019)"	"Småhus"	"2015K2"	30079	48
"1102 Sandnes (-2019)"	"Småhus"	"2015K3"	30705	27
"1102 Sandnes (-2019)"	"Småhus"	"2015K4"	29708	40
"1102 Sandnes (-2019)"	"Småhus"	"2016K1"	30139	35
"1102 Sandnes (-2019)"	"Småhus"	"2016K2"	29087	50
"1102 Sandnes (-2019)"	"Småhus"	"2016K3"	29541	41
"1102 Sandnes (-2019)"	"Småhus"	"2016K4"	30170	46
"1102 Sandnes (-2019)"	"Småhus"	"2017K1"	30279	45
"1102 Sandnes (-2019)"	"Småhus"	"2017K2"	29116	54
"1102 Sandnes (-2019)"	"Småhus"	"2017K3"	28895	35
"1102 Sandnes (-2019)"	"Småhus"	"2017K4"	29243	31
"1102 Sandnes (-2019)"	"Småhus"	"2018K1"	30354	32
"1102 Sandnes (-2019)"	"Småhus"	"2018K2"	29740	61
"1102 Sandnes (-2019)"	"Småhus"	"2018K3"	30283	45
"1102 Sandnes (-2019)"	"Småhus"	"2018K4"	30406	46
"1102 Sandnes (-2019)"	"Småhus"	"2019K1"	29541	59
"1102 Sandnes (-2019)"	"Småhus"	"2019K2"	28722	60
"1102 Sandnes (-2019)"	"Småhus"	"2019K3"	29766	52
"1102 Sandnes (-2019)"	"Småhus"	"2019K4"	28920	49
"1102 Sandnes (-2019)"	"Småhus"	"2020K1"	.	.
"1102 Sandnes (-2019)"	"Småhus"	"2020K2"	.	.
"1102 Sandnes (-2019)"	"Småhus"	"2020K3"	.	.
"1102 Sandnes (-2019)"	"Småhus"	"2020K4"	.	.
"1102 Sandnes (-2019)"	"Småhus"	"2021K1"	.	.
"1102 Sandnes (-2019)"	"Småhus"	"2021K2"	.	.
"1102 Sandnes (-2019)"	"Småhus"	"2021K3"	.	.
"1102 Sandnes (-2019)"	"Småhus"	"2021K4"	.	.
"1102 Sandnes (-2019)"	"Småhus"	"2022K1"	.	.
"1102 Sandnes (-2019)"	"Småhus"	"2022K2"	.	.
"1102 Sandnes (-2019)"	"Småhus"	"2022K3"	.	.
"1102 Sandnes (-2019)"	"Småhus"	"2022K4"	.	.
"1102 Sandnes (-2019)"	"Småhus"	"2023K1"	.	.
"1102 Sandnes (-2019)"	"Småhus"	"2023K2"	.	.
"1102 Sandnes (-2019)"	"Småhus"	"2023K3"	.	.
"1102 Sandnes (-2019)"	"Blokkleiligheter"	"2006K1"	23443	59
"1102 Sandnes (-2019)"	"Blokkleiligheter"	"2006K2"	25032	54
"1102 Sandnes (-2019)"	"Blokkleiligheter"	"2006K3"	25783	63
"1102 Sandnes (-2019)"	"Blokkleiligheter"	"2006K4"	28062	74
"1102 Sandnes (-2019)"	"Blokkleiligheter"	"2007K1"	32487	73
"1102 Sandnes (-2019)"	"Blokkleiligheter"	"2007K2"	30951	81
"1102 Sandnes (-2019)"	"Blokkleiligheter"	"2007K3"	31782	74
"1102 Sandnes (-2019)"	"Blokkleiligheter"	"2007K4"	30331	101
"1102 Sandnes (-2019)"	"Blokkleiligheter"	"2008K1"	31640	93
"1102 Sandnes (-2019)"	"Blokkleiligheter"	"2008K2"	31663	124
"1102 Sandnes (-2019)"	"Blokkleiligheter"	"2008K3"	32379	62
"1102 Sandnes (-2019)"	"Blokkleiligheter"	"2008K4"	30618	50
"1102 Sandnes (-2019)"	"Blokkleiligheter"	"2009K1"	29757	86
"1102 Sandnes (-2019)"	"Blokkleiligheter"	"2009K2"	30175	82
"1102 Sandnes (-2019)"	"Blokkleiligheter"	"2009K3"	31883	80
"1102 Sandnes (-2019)"	"Blokkleiligheter"	"2009K4"	32807	80
"1102 Sandnes (-2019)"	"Blokkleiligheter"	"2010K1"	33926	70
"1102 Sandnes (-2019)"	"Blokkleiligheter"	"2010K2"	35187	97
"1102 Sandnes (-2019)"	"Blokkleiligheter"	"2010K3"	36748	88
"1102 Sandnes (-2019)"	"Blokkleiligheter"	"2010K4"	35222	81
"1102 Sandnes (-2019)"	"Blokkleiligheter"	"2011K1"	38952	94
"1102 Sandnes (-2019)"	"Blokkleiligheter"	"2011K2"	40386	77
"1102 Sandnes (-2019)"	"Blokkleiligheter"	"2011K3"	38806	91
"1102 Sandnes (-2019)"	"Blokkleiligheter"	"2011K4"	41098	89
"1102 Sandnes (-2019)"	"Blokkleiligheter"	"2012K1"	43314	127
"1102 Sandnes (-2019)"	"Blokkleiligheter"	"2012K2"	42337	111
"1102 Sandnes (-2019)"	"Blokkleiligheter"	"2012K3"	44786	77
"1102 Sandnes (-2019)"	"Blokkleiligheter"	"2012K4"	44190	98
"1102 Sandnes (-2019)"	"Blokkleiligheter"	"2013K1"	44605	94
"1102 Sandnes (-2019)"	"Blokkleiligheter"	"2013K2"	44486	118
"1102 Sandnes (-2019)"	"Blokkleiligheter"	"2013K3"	43684	97
"1102 Sandnes (-2019)"	"Blokkleiligheter"	"2013K4"	41963	97
"1102 Sandnes (-2019)"	"Blokkleiligheter"	"2014K1"	42003	99
"1102 Sandnes (-2019)"	"Blokkleiligheter"	"2014K2"	43110	100
"1102 Sandnes (-2019)"	"Blokkleiligheter"	"2014K3"	42177	92
"1102 Sandnes (-2019)"	"Blokkleiligheter"	"2014K4"	41608	96
"1102 Sandnes (-2019)"	"Blokkleiligheter"	"2015K1"	42219	127
"1102 Sandnes (-2019)"	"Blokkleiligheter"	"2015K2"	41766	98
"1102 Sandnes (-2019)"	"Blokkleiligheter"	"2015K3"	40985	76
"1102 Sandnes (-2019)"	"Blokkleiligheter"	"2015K4"	41699	84
"1102 Sandnes (-2019)"	"Blokkleiligheter"	"2016K1"	37891	66
"1102 Sandnes (-2019)"	"Blokkleiligheter"	"2016K2"	39516	100
"1102 Sandnes (-2019)"	"Blokkleiligheter"	"2016K3"	41375	93
"1102 Sandnes (-2019)"	"Blokkleiligheter"	"2016K4"	38989	68
"1102 Sandnes (-2019)"	"Blokkleiligheter"	"2017K1"	39983	96
"1102 Sandnes (-2019)"	"Blokkleiligheter"	"2017K2"	41402	96
"1102 Sandnes (-2019)"	"Blokkleiligheter"	"2017K3"	39537	76
"1102 Sandnes (-2019)"	"Blokkleiligheter"	"2017K4"	40223	74
"1102 Sandnes (-2019)"	"Blokkleiligheter"	"2018K1"	38252	83
"1102 Sandnes (-2019)"	"Blokkleiligheter"	"2018K2"	39979	97
"1102 Sandnes (-2019)"	"Blokkleiligheter"	"2018K3"	40208	87
"1102 Sandnes (-2019)"	"Blokkleiligheter"	"2018K4"	38338	95
"1102 Sandnes (-2019)"	"Blokkleiligheter"	"2019K1"	38770	104
"1102 Sandnes (-2019)"	"Blokkleiligheter"	"2019K2"	38644	109
"1102 Sandnes (-2019)"	"Blokkleiligheter"	"2019K3"	38407	101
"1102 Sandnes (-2019)"	"Blokkleiligheter"	"2019K4"	39172	100
"1102 Sandnes (-2019)"	"Blokkleiligheter"	"2020K1"	.	.
"1102 Sandnes (-2019)"	"Blokkleiligheter"	"2020K2"	.	.
"1102 Sandnes (-2019)"	"Blokkleiligheter"	"2020K3"	.	.
"1102 Sandnes (-2019)"	"Blokkleiligheter"	"2020K4"	.	.
"1102 Sandnes (-2019)"	"Blokkleiligheter"	"2021K1"	.	.
"1102 Sandnes (-2019)"	"Blokkleiligheter"	"2021K2"	.	.
"1102 Sandnes (-2019)"	"Blokkleiligheter"	"2021K3"	.	.
"1102 Sandnes (-2019)"	"Blokkleiligheter"	"2021K4"	.	.
"1102 Sandnes (-2019)"	"Blokkleiligheter"	"2022K1"	.	.
"1102 Sandnes (-2019)"	"Blokkleiligheter"	"2022K2"	.	.
"1102 Sandnes (-2019)"	"Blokkleiligheter"	"2022K3"	.	.
"1102 Sandnes (-2019)"	"Blokkleiligheter"	"2022K4"	.	.
"1102 Sandnes (-2019)"	"Blokkleiligheter"	"2023K1"	.	.
"1102 Sandnes (-2019)"	"Blokkleiligheter"	"2023K2"	.	.
"1102 Sandnes (-2019)"	"Blokkleiligheter"	"2023K3"	.	.
"1103 Stavanger"	"Eneboliger"	"2006K1"	19622	123
"1103 Stavanger"	"Eneboliger"	"2006K2"	21232	163
"1103 Stavanger"	"Eneboliger"	"2006K3"	21877	111
"1103 Stavanger"	"Eneboliger"	"2006K4"	23069	125
"1103 Stavanger"	"Eneboliger"	"2007K1"	24349	107
"1103 Stavanger"	"Eneboliger"	"2007K2"	24996	179
"1103 Stavanger"	"Eneboliger"	"2007K3"	25532	92
"1103 Stavanger"	"Eneboliger"	"2007K4"	26164	126
"1103 Stavanger"	"Eneboliger"	"2008K1"	25992	116
"1103 Stavanger"	"Eneboliger"	"2008K2"	26842	210
"1103 Stavanger"	"Eneboliger"	"2008K3"	25823	112
"1103 Stavanger"	"Eneboliger"	"2008K4"	24981	83
"1103 Stavanger"	"Eneboliger"	"2009K1"	24347	135
"1103 Stavanger"	"Eneboliger"	"2009K2"	24904	181
"1103 Stavanger"	"Eneboliger"	"2009K3"	26421	142
"1103 Stavanger"	"Eneboliger"	"2009K4"	27584	128
"1103 Stavanger"	"Eneboliger"	"2010K1"	28332	126
"1103 Stavanger"	"Eneboliger"	"2010K2"	29182	187
"1103 Stavanger"	"Eneboliger"	"2010K3"	29441	131
"1103 Stavanger"	"Eneboliger"	"2010K4"	29462	131
"1103 Stavanger"	"Eneboliger"	"2011K1"	31155	143
"1103 Stavanger"	"Eneboliger"	"2011K2"	31812	183
"1103 Stavanger"	"Eneboliger"	"2011K3"	31567	131
"1103 Stavanger"	"Eneboliger"	"2011K4"	32167	124
"1103 Stavanger"	"Eneboliger"	"2012K1"	32645	155
"1103 Stavanger"	"Eneboliger"	"2012K2"	34279	160
"1103 Stavanger"	"Eneboliger"	"2012K3"	35217	131
"1103 Stavanger"	"Eneboliger"	"2012K4"	35170	122
"1103 Stavanger"	"Eneboliger"	"2013K1"	34418	117
"1103 Stavanger"	"Eneboliger"	"2013K2"	35099	178
"1103 Stavanger"	"Eneboliger"	"2013K3"	35298	115
"1103 Stavanger"	"Eneboliger"	"2013K4"	33545	123
"1103 Stavanger"	"Eneboliger"	"2014K1"	33323	157
"1103 Stavanger"	"Eneboliger"	"2014K2"	34263	170
"1103 Stavanger"	"Eneboliger"	"2014K3"	33958	145
"1103 Stavanger"	"Eneboliger"	"2014K4"	33689	126
"1103 Stavanger"	"Eneboliger"	"2015K1"	32901	126
"1103 Stavanger"	"Eneboliger"	"2015K2"	32488	146
"1103 Stavanger"	"Eneboliger"	"2015K3"	32977	93
"1103 Stavanger"	"Eneboliger"	"2015K4"	30806	87
"1103 Stavanger"	"Eneboliger"	"2016K1"	29724	82
"1103 Stavanger"	"Eneboliger"	"2016K2"	30446	148
"1103 Stavanger"	"Eneboliger"	"2016K3"	30843	98
"1103 Stavanger"	"Eneboliger"	"2016K4"	31674	121
"1103 Stavanger"	"Eneboliger"	"2017K1"	31847	138
"1103 Stavanger"	"Eneboliger"	"2017K2"	33267	167
"1103 Stavanger"	"Eneboliger"	"2017K3"	31026	96
"1103 Stavanger"	"Eneboliger"	"2017K4"	33526	107
"1103 Stavanger"	"Eneboliger"	"2018K1"	31435	87
"1103 Stavanger"	"Eneboliger"	"2018K2"	31807	174
"1103 Stavanger"	"Eneboliger"	"2018K3"	31479	128
"1103 Stavanger"	"Eneboliger"	"2018K4"	30413	120
"1103 Stavanger"	"Eneboliger"	"2019K1"	31590	160
"1103 Stavanger"	"Eneboliger"	"2019K2"	32528	183
"1103 Stavanger"	"Eneboliger"	"2019K3"	31821	132
"1103 Stavanger"	"Eneboliger"	"2019K4"	29166	109
"1103 Stavanger"	"Eneboliger"	"2020K1"	32174	140
"1103 Stavanger"	"Eneboliger"	"2020K2"	33280	182
"1103 Stavanger"	"Eneboliger"	"2020K3"	32664	151
"1103 Stavanger"	"Eneboliger"	"2020K4"	33928	131
"1103 Stavanger"	"Eneboliger"	"2021K1"	33780	127
"1103 Stavanger"	"Eneboliger"	"2021K2"	36484	233
"1103 Stavanger"	"Eneboliger"	"2021K3"	37008	144
"1103 Stavanger"	"Eneboliger"	"2021K4"	36441	142
"1103 Stavanger"	"Eneboliger"	"2022K1"	37166	107
"1103 Stavanger"	"Eneboliger"	"2022K2"	38491	190
"1103 Stavanger"	"Eneboliger"	"2022K3"	37556	122
"1103 Stavanger"	"Eneboliger"	"2022K4"	35664	116
"1103 Stavanger"	"Eneboliger"	"2023K1"	36480	144
"1103 Stavanger"	"Eneboliger"	"2023K2"	39069	203
"1103 Stavanger"	"Eneboliger"	"2023K3"	37321	126
"1103 Stavanger"	"Småhus"	"2006K1"	18749	108
"1103 Stavanger"	"Småhus"	"2006K2"	21030	136
"1103 Stavanger"	"Småhus"	"2006K3"	22187	109
"1103 Stavanger"	"Småhus"	"2006K4"	22541	111
"1103 Stavanger"	"Småhus"	"2007K1"	24832	112
"1103 Stavanger"	"Småhus"	"2007K2"	25213	168
"1103 Stavanger"	"Småhus"	"2007K3"	25905	115
"1103 Stavanger"	"Småhus"	"2007K4"	26577	145
"1103 Stavanger"	"Småhus"	"2008K1"	25915	129
"1103 Stavanger"	"Småhus"	"2008K2"	25005	178
"1103 Stavanger"	"Småhus"	"2008K3"	25410	112
"1103 Stavanger"	"Småhus"	"2008K4"	22681	70
"1103 Stavanger"	"Småhus"	"2009K1"	25231	76
"1103 Stavanger"	"Småhus"	"2009K2"	25971	108
"1103 Stavanger"	"Småhus"	"2009K3"	25024	80
"1103 Stavanger"	"Småhus"	"2009K4"	29434	73
"1103 Stavanger"	"Småhus"	"2010K1"	29542	78
"1103 Stavanger"	"Småhus"	"2010K2"	29438	113
"1103 Stavanger"	"Småhus"	"2010K3"	29486	71
"1103 Stavanger"	"Småhus"	"2010K4"	29004	93
"1103 Stavanger"	"Småhus"	"2011K1"	31643	91
"1103 Stavanger"	"Småhus"	"2011K2"	32110	108
"1103 Stavanger"	"Småhus"	"2011K3"	32653	90
"1103 Stavanger"	"Småhus"	"2011K4"	30886	83
"1103 Stavanger"	"Småhus"	"2012K1"	34515	88
"1103 Stavanger"	"Småhus"	"2012K2"	33286	135
"1103 Stavanger"	"Småhus"	"2012K3"	34831	84
"1103 Stavanger"	"Småhus"	"2012K4"	34173	83
"1103 Stavanger"	"Småhus"	"2013K1"	35425	104
"1103 Stavanger"	"Småhus"	"2013K2"	33676	130
"1103 Stavanger"	"Småhus"	"2013K3"	35041	69
"1103 Stavanger"	"Småhus"	"2013K4"	33947	82
"1103 Stavanger"	"Småhus"	"2014K1"	33777	97
"1103 Stavanger"	"Småhus"	"2014K2"	34613	115
"1103 Stavanger"	"Småhus"	"2014K3"	34082	80
"1103 Stavanger"	"Småhus"	"2014K4"	33217	95
"1103 Stavanger"	"Småhus"	"2015K1"	33792	118
"1103 Stavanger"	"Småhus"	"2015K2"	33673	100
"1103 Stavanger"	"Småhus"	"2015K3"	32110	78
"1103 Stavanger"	"Småhus"	"2015K4"	30704	76
"1103 Stavanger"	"Småhus"	"2016K1"	29561	58
"1103 Stavanger"	"Småhus"	"2016K2"	30452	81
"1103 Stavanger"	"Småhus"	"2016K3"	28690	88
"1103 Stavanger"	"Småhus"	"2016K4"	30957	59
"1103 Stavanger"	"Småhus"	"2017K1"	32092	83
"1103 Stavanger"	"Småhus"	"2017K2"	30757	105
"1103 Stavanger"	"Småhus"	"2017K3"	31795	75
"1103 Stavanger"	"Småhus"	"2017K4"	31555	72
"1103 Stavanger"	"Småhus"	"2018K1"	31777	57
"1103 Stavanger"	"Småhus"	"2018K2"	31650	113
"1103 Stavanger"	"Småhus"	"2018K3"	31521	89
"1103 Stavanger"	"Småhus"	"2018K4"	29261	79
"1103 Stavanger"	"Småhus"	"2019K1"	32090	99
"1103 Stavanger"	"Småhus"	"2019K2"	31942	139
"1103 Stavanger"	"Småhus"	"2019K3"	31255	98
"1103 Stavanger"	"Småhus"	"2019K4"	30370	91
"1103 Stavanger"	"Småhus"	"2020K1"	30916	78
"1103 Stavanger"	"Småhus"	"2020K2"	32004	112
"1103 Stavanger"	"Småhus"	"2020K3"	33627	95
"1103 Stavanger"	"Småhus"	"2020K4"	31711	89
"1103 Stavanger"	"Småhus"	"2021K1"	34038	112
"1103 Stavanger"	"Småhus"	"2021K2"	34367	130
"1103 Stavanger"	"Småhus"	"2021K3"	33069	111
"1103 Stavanger"	"Småhus"	"2021K4"	34840	113
"1103 Stavanger"	"Småhus"	"2022K1"	36398	91
"1103 Stavanger"	"Småhus"	"2022K2"	36501	121
"1103 Stavanger"	"Småhus"	"2022K3"	36634	98
"1103 Stavanger"	"Småhus"	"2022K4"	36211	98
"1103 Stavanger"	"Småhus"	"2023K1"	37082	90
"1103 Stavanger"	"Småhus"	"2023K2"	37272	129
"1103 Stavanger"	"Småhus"	"2023K3"	39390	87
"1103 Stavanger"	"Blokkleiligheter"	"2006K1"	26742	222
"1103 Stavanger"	"Blokkleiligheter"	"2006K2"	27889	264
"1103 Stavanger"	"Blokkleiligheter"	"2006K3"	29449	201
"1103 Stavanger"	"Blokkleiligheter"	"2006K4"	31597	206
"1103 Stavanger"	"Blokkleiligheter"	"2007K1"	34490	248
"1103 Stavanger"	"Blokkleiligheter"	"2007K2"	35279	280
"1103 Stavanger"	"Blokkleiligheter"	"2007K3"	35160	242
"1103 Stavanger"	"Blokkleiligheter"	"2007K4"	35115	244
"1103 Stavanger"	"Blokkleiligheter"	"2008K1"	34842	236
"1103 Stavanger"	"Blokkleiligheter"	"2008K2"	34505	294
"1103 Stavanger"	"Blokkleiligheter"	"2008K3"	33941	214
"1103 Stavanger"	"Blokkleiligheter"	"2008K4"	30463	147
"1103 Stavanger"	"Blokkleiligheter"	"2009K1"	31743	209
"1103 Stavanger"	"Blokkleiligheter"	"2009K2"	33429	243
"1103 Stavanger"	"Blokkleiligheter"	"2009K3"	35070	233
"1103 Stavanger"	"Blokkleiligheter"	"2009K4"	36783	213
"1103 Stavanger"	"Blokkleiligheter"	"2010K1"	38247	218
"1103 Stavanger"	"Blokkleiligheter"	"2010K2"	38536	268
"1103 Stavanger"	"Blokkleiligheter"	"2010K3"	38863	217
"1103 Stavanger"	"Blokkleiligheter"	"2010K4"	40055	237
"1103 Stavanger"	"Blokkleiligheter"	"2011K1"	44029	244
"1103 Stavanger"	"Blokkleiligheter"	"2011K2"	43287	273
"1103 Stavanger"	"Blokkleiligheter"	"2011K3"	44274	220
"1103 Stavanger"	"Blokkleiligheter"	"2011K4"	43638	200
"1103 Stavanger"	"Blokkleiligheter"	"2012K1"	46274	267
"1103 Stavanger"	"Blokkleiligheter"	"2012K2"	46856	278
"1103 Stavanger"	"Blokkleiligheter"	"2012K3"	48823	212
"1103 Stavanger"	"Blokkleiligheter"	"2012K4"	48994	217
"1103 Stavanger"	"Blokkleiligheter"	"2013K1"	48550	201
"1103 Stavanger"	"Blokkleiligheter"	"2013K2"	47870	251
"1103 Stavanger"	"Blokkleiligheter"	"2013K3"	46539	217
"1103 Stavanger"	"Blokkleiligheter"	"2013K4"	45456	185
"1103 Stavanger"	"Blokkleiligheter"	"2014K1"	46195	240
"1103 Stavanger"	"Blokkleiligheter"	"2014K2"	47649	258
"1103 Stavanger"	"Blokkleiligheter"	"2014K3"	46666	194
"1103 Stavanger"	"Blokkleiligheter"	"2014K4"	46808	228
"1103 Stavanger"	"Blokkleiligheter"	"2015K1"	47084	223
"1103 Stavanger"	"Blokkleiligheter"	"2015K2"	46837	228
"1103 Stavanger"	"Blokkleiligheter"	"2015K3"	44762	160
"1103 Stavanger"	"Blokkleiligheter"	"2015K4"	41836	143
"1103 Stavanger"	"Blokkleiligheter"	"2016K1"	41237	138
"1103 Stavanger"	"Blokkleiligheter"	"2016K2"	41131	206
"1103 Stavanger"	"Blokkleiligheter"	"2016K3"	43276	209
"1103 Stavanger"	"Blokkleiligheter"	"2016K4"	44317	159
"1103 Stavanger"	"Blokkleiligheter"	"2017K1"	43707	216
"1103 Stavanger"	"Blokkleiligheter"	"2017K2"	44637	185
"1103 Stavanger"	"Blokkleiligheter"	"2017K3"	45386	200
"1103 Stavanger"	"Blokkleiligheter"	"2017K4"	44702	159
"1103 Stavanger"	"Blokkleiligheter"	"2018K1"	44144	142
"1103 Stavanger"	"Blokkleiligheter"	"2018K2"	44735	214
"1103 Stavanger"	"Blokkleiligheter"	"2018K3"	44655	191
"1103 Stavanger"	"Blokkleiligheter"	"2018K4"	44236	158
"1103 Stavanger"	"Blokkleiligheter"	"2019K1"	41989	191
"1103 Stavanger"	"Blokkleiligheter"	"2019K2"	43919	229
"1103 Stavanger"	"Blokkleiligheter"	"2019K3"	44440	214
"1103 Stavanger"	"Blokkleiligheter"	"2019K4"	42843	190
"1103 Stavanger"	"Blokkleiligheter"	"2020K1"	44477	189
"1103 Stavanger"	"Blokkleiligheter"	"2020K2"	44241	242
"1103 Stavanger"	"Blokkleiligheter"	"2020K3"	44734	245
"1103 Stavanger"	"Blokkleiligheter"	"2020K4"	45313	258
"1103 Stavanger"	"Blokkleiligheter"	"2021K1"	46315	248
"1103 Stavanger"	"Blokkleiligheter"	"2021K2"	47799	350
"1103 Stavanger"	"Blokkleiligheter"	"2021K3"	48798	257
"1103 Stavanger"	"Blokkleiligheter"	"2021K4"	47930	269
"1103 Stavanger"	"Blokkleiligheter"	"2022K1"	50342	230
"1103 Stavanger"	"Blokkleiligheter"	"2022K2"	50174	306
"1103 Stavanger"	"Blokkleiligheter"	"2022K3"	52020	230
"1103 Stavanger"	"Blokkleiligheter"	"2022K4"	51381	202
"1103 Stavanger"	"Blokkleiligheter"	"2023K1"	52134	260
"1103 Stavanger"	"Blokkleiligheter"	"2023K2"	54232	271
"1103 Stavanger"	"Blokkleiligheter"	"2023K3"	52589	236
"1106 Haugesund"	"Eneboliger"	"2006K1"	12810	37
"1106 Haugesund"	"Eneboliger"	"2006K2"	12637	56
"1106 Haugesund"	"Eneboliger"	"2006K3"	13896	32
"1106 Haugesund"	"Eneboliger"	"2006K4"	13951	42
"1106 Haugesund"	"Eneboliger"	"2007K1"	14592	32
"1106 Haugesund"	"Eneboliger"	"2007K2"	15243	58
"1106 Haugesund"	"Eneboliger"	"2007K3"	14947	28
"1106 Haugesund"	"Eneboliger"	"2007K4"	16133	54
"1106 Haugesund"	"Eneboliger"	"2008K1"	15693	55
"1106 Haugesund"	"Eneboliger"	"2008K2"	16216	72
"1106 Haugesund"	"Eneboliger"	"2008K3"	15642	58
"1106 Haugesund"	"Eneboliger"	"2008K4"	14924	39
"1106 Haugesund"	"Eneboliger"	"2009K1"	15062	59
"1106 Haugesund"	"Eneboliger"	"2009K2"	15710	76
"1106 Haugesund"	"Eneboliger"	"2009K3"	15581	70
"1106 Haugesund"	"Eneboliger"	"2009K4"	15419	59
"1106 Haugesund"	"Eneboliger"	"2010K1"	16265	54
"1106 Haugesund"	"Eneboliger"	"2010K2"	16194	70
"1106 Haugesund"	"Eneboliger"	"2010K3"	16303	74
"1106 Haugesund"	"Eneboliger"	"2010K4"	15547	65
"1106 Haugesund"	"Eneboliger"	"2011K1"	17988	64
"1106 Haugesund"	"Eneboliger"	"2011K2"	17016	106
"1106 Haugesund"	"Eneboliger"	"2011K3"	17417	82
"1106 Haugesund"	"Eneboliger"	"2011K4"	16427	59
"1106 Haugesund"	"Eneboliger"	"2012K1"	17974	61
"1106 Haugesund"	"Eneboliger"	"2012K2"	17417	87
"1106 Haugesund"	"Eneboliger"	"2012K3"	17705	62
"1106 Haugesund"	"Eneboliger"	"2012K4"	19182	49
"1106 Haugesund"	"Eneboliger"	"2013K1"	18860	59
"1106 Haugesund"	"Eneboliger"	"2013K2"	18470	80
"1106 Haugesund"	"Eneboliger"	"2013K3"	18373	59
"1106 Haugesund"	"Eneboliger"	"2013K4"	18111	66
"1106 Haugesund"	"Eneboliger"	"2014K1"	19373	62
"1106 Haugesund"	"Eneboliger"	"2014K2"	18764	73
"1106 Haugesund"	"Eneboliger"	"2014K3"	18502	88
"1106 Haugesund"	"Eneboliger"	"2014K4"	18097	62
"1106 Haugesund"	"Eneboliger"	"2015K1"	19483	61
"1106 Haugesund"	"Eneboliger"	"2015K2"	18188	78
"1106 Haugesund"	"Eneboliger"	"2015K3"	18615	60
"1106 Haugesund"	"Eneboliger"	"2015K4"	18061	61
"1106 Haugesund"	"Eneboliger"	"2016K1"	18915	47
"1106 Haugesund"	"Eneboliger"	"2016K2"	20589	70
"1106 Haugesund"	"Eneboliger"	"2016K3"	18930	68
"1106 Haugesund"	"Eneboliger"	"2016K4"	19577	57
"1106 Haugesund"	"Eneboliger"	"2017K1"	18357	66
"1106 Haugesund"	"Eneboliger"	"2017K2"	20149	70
"1106 Haugesund"	"Eneboliger"	"2017K3"	19254	51
"1106 Haugesund"	"Eneboliger"	"2017K4"	19089	50
"1106 Haugesund"	"Eneboliger"	"2018K1"	18287	32
"1106 Haugesund"	"Eneboliger"	"2018K2"	18728	80
"1106 Haugesund"	"Eneboliger"	"2018K3"	18993	58
"1106 Haugesund"	"Eneboliger"	"2018K4"	18286	43
"1106 Haugesund"	"Eneboliger"	"2019K1"	19566	46
"1106 Haugesund"	"Eneboliger"	"2019K2"	19077	58
"1106 Haugesund"	"Eneboliger"	"2019K3"	20065	53
"1106 Haugesund"	"Eneboliger"	"2019K4"	18231	50
"1106 Haugesund"	"Eneboliger"	"2020K1"	19882	58
"1106 Haugesund"	"Eneboliger"	"2020K2"	19651	83
"1106 Haugesund"	"Eneboliger"	"2020K3"	19589	72
"1106 Haugesund"	"Eneboliger"	"2020K4"	18936	56
"1106 Haugesund"	"Eneboliger"	"2021K1"	20784	49
"1106 Haugesund"	"Eneboliger"	"2021K2"	21761	92
"1106 Haugesund"	"Eneboliger"	"2021K3"	22308	60
"1106 Haugesund"	"Eneboliger"	"2021K4"	20073	67
"1106 Haugesund"	"Eneboliger"	"2022K1"	20483	60
"1106 Haugesund"	"Eneboliger"	"2022K2"	23462	78
"1106 Haugesund"	"Eneboliger"	"2022K3"	21782	57
"1106 Haugesund"	"Eneboliger"	"2022K4"	21181	44
"1106 Haugesund"	"Eneboliger"	"2023K1"	23684	57
"1106 Haugesund"	"Eneboliger"	"2023K2"	23290	71
"1106 Haugesund"	"Eneboliger"	"2023K3"	21800	50
"1106 Haugesund"	"Småhus"	"2006K1"	11827	17
"1106 Haugesund"	"Småhus"	"2006K2"	12944	22
"1106 Haugesund"	"Småhus"	"2006K3"	13367	20
"1106 Haugesund"	"Småhus"	"2006K4"	14336	14
"1106 Haugesund"	"Småhus"	"2007K1"	..	9
"1106 Haugesund"	"Småhus"	"2007K2"	16630	23
"1106 Haugesund"	"Småhus"	"2007K3"	14892	18
"1106 Haugesund"	"Småhus"	"2007K4"	15311	16
"1106 Haugesund"	"Småhus"	"2008K1"	16333	17
"1106 Haugesund"	"Småhus"	"2008K2"	15925	35
"1106 Haugesund"	"Småhus"	"2008K3"	15215	27
"1106 Haugesund"	"Småhus"	"2008K4"	12938	15
"1106 Haugesund"	"Småhus"	"2009K1"	15517	13
"1106 Haugesund"	"Småhus"	"2009K2"	14226	14
"1106 Haugesund"	"Småhus"	"2009K3"	15636	16
"1106 Haugesund"	"Småhus"	"2009K4"	15224	15
"1106 Haugesund"	"Småhus"	"2010K1"	15528	14
"1106 Haugesund"	"Småhus"	"2010K2"	15053	26
"1106 Haugesund"	"Småhus"	"2010K3"	15488	18
"1106 Haugesund"	"Småhus"	"2010K4"	16367	22
"1106 Haugesund"	"Småhus"	"2011K1"	18020	23
"1106 Haugesund"	"Småhus"	"2011K2"	16120	21
"1106 Haugesund"	"Småhus"	"2011K3"	16606	18
"1106 Haugesund"	"Småhus"	"2011K4"	16431	15
"1106 Haugesund"	"Småhus"	"2012K1"	18479	23
"1106 Haugesund"	"Småhus"	"2012K2"	16727	27
"1106 Haugesund"	"Småhus"	"2012K3"	17610	23
"1106 Haugesund"	"Småhus"	"2012K4"	18202	15
"1106 Haugesund"	"Småhus"	"2013K1"	19047	14
"1106 Haugesund"	"Småhus"	"2013K2"	18181	20
"1106 Haugesund"	"Småhus"	"2013K3"	19351	12
"1106 Haugesund"	"Småhus"	"2013K4"	..	9
"1106 Haugesund"	"Småhus"	"2014K1"	19050	19
"1106 Haugesund"	"Småhus"	"2014K2"	17964	25
"1106 Haugesund"	"Småhus"	"2014K3"	18212	17
"1106 Haugesund"	"Småhus"	"2014K4"	17888	28
"1106 Haugesund"	"Småhus"	"2015K1"	15627	22
"1106 Haugesund"	"Småhus"	"2015K2"	18922	25
"1106 Haugesund"	"Småhus"	"2015K3"	19648	17
"1106 Haugesund"	"Småhus"	"2015K4"	18525	22
"1106 Haugesund"	"Småhus"	"2016K1"	19730	17
"1106 Haugesund"	"Småhus"	"2016K2"	21049	27
"1106 Haugesund"	"Småhus"	"2016K3"	18272	19
"1106 Haugesund"	"Småhus"	"2016K4"	18915	13
"1106 Haugesund"	"Småhus"	"2017K1"	18638	16
"1106 Haugesund"	"Småhus"	"2017K2"	17468	26
"1106 Haugesund"	"Småhus"	"2017K3"	17980	11
"1106 Haugesund"	"Småhus"	"2017K4"	19627	22
"1106 Haugesund"	"Småhus"	"2018K1"	20124	12
"1106 Haugesund"	"Småhus"	"2018K2"	21008	28
"1106 Haugesund"	"Småhus"	"2018K3"	18357	19
"1106 Haugesund"	"Småhus"	"2018K4"	19166	16
"1106 Haugesund"	"Småhus"	"2019K1"	19726	18
"1106 Haugesund"	"Småhus"	"2019K2"	19461	23
"1106 Haugesund"	"Småhus"	"2019K3"	19541	25
"1106 Haugesund"	"Småhus"	"2019K4"	21280	25
"1106 Haugesund"	"Småhus"	"2020K1"	21864	11
"1106 Haugesund"	"Småhus"	"2020K2"	19281	26
"1106 Haugesund"	"Småhus"	"2020K3"	19139	40
"1106 Haugesund"	"Småhus"	"2020K4"	20051	33
"1106 Haugesund"	"Småhus"	"2021K1"	20672	40
"1106 Haugesund"	"Småhus"	"2021K2"	21280	37
"1106 Haugesund"	"Småhus"	"2021K3"	22102	17
"1106 Haugesund"	"Småhus"	"2021K4"	19991	30
"1106 Haugesund"	"Småhus"	"2022K1"	21970	29
"1106 Haugesund"	"Småhus"	"2022K2"	23079	28
"1106 Haugesund"	"Småhus"	"2022K3"	20831	30
"1106 Haugesund"	"Småhus"	"2022K4"	23529	23
"1106 Haugesund"	"Småhus"	"2023K1"	23178	26
"1106 Haugesund"	"Småhus"	"2023K2"	23591	33
"1106 Haugesund"	"Småhus"	"2023K3"	23186	17
"1106 Haugesund"	"Blokkleiligheter"	"2006K1"	16360	35
"1106 Haugesund"	"Blokkleiligheter"	"2006K2"	19349	46
"1106 Haugesund"	"Blokkleiligheter"	"2006K3"	19218	44
"1106 Haugesund"	"Blokkleiligheter"	"2006K4"	19212	31
"1106 Haugesund"	"Blokkleiligheter"	"2007K1"	20099	27
"1106 Haugesund"	"Blokkleiligheter"	"2007K2"	22298	31
"1106 Haugesund"	"Blokkleiligheter"	"2007K3"	21177	26
"1106 Haugesund"	"Blokkleiligheter"	"2007K4"	20061	50
"1106 Haugesund"	"Blokkleiligheter"	"2008K1"	21173	57
"1106 Haugesund"	"Blokkleiligheter"	"2008K2"	22171	68
"1106 Haugesund"	"Blokkleiligheter"	"2008K3"	21806	59
"1106 Haugesund"	"Blokkleiligheter"	"2008K4"	22100	34
"1106 Haugesund"	"Blokkleiligheter"	"2009K1"	20667	43
"1106 Haugesund"	"Blokkleiligheter"	"2009K2"	21771	53
"1106 Haugesund"	"Blokkleiligheter"	"2009K3"	20191	50
"1106 Haugesund"	"Blokkleiligheter"	"2009K4"	21137	42
"1106 Haugesund"	"Blokkleiligheter"	"2010K1"	20438	36
"1106 Haugesund"	"Blokkleiligheter"	"2010K2"	23464	58
"1106 Haugesund"	"Blokkleiligheter"	"2010K3"	23186	52
"1106 Haugesund"	"Blokkleiligheter"	"2010K4"	23664	41
"1106 Haugesund"	"Blokkleiligheter"	"2011K1"	25212	52
"1106 Haugesund"	"Blokkleiligheter"	"2011K2"	24501	47
"1106 Haugesund"	"Blokkleiligheter"	"2011K3"	24320	49
"1106 Haugesund"	"Blokkleiligheter"	"2011K4"	23137	53
"1106 Haugesund"	"Blokkleiligheter"	"2012K1"	23081	54
"1106 Haugesund"	"Blokkleiligheter"	"2012K2"	24975	64
"1106 Haugesund"	"Blokkleiligheter"	"2012K3"	25905	52
"1106 Haugesund"	"Blokkleiligheter"	"2012K4"	24962	46
"1106 Haugesund"	"Blokkleiligheter"	"2013K1"	24715	42
"1106 Haugesund"	"Blokkleiligheter"	"2013K2"	25127	54
"1106 Haugesund"	"Blokkleiligheter"	"2013K3"	25247	47
"1106 Haugesund"	"Blokkleiligheter"	"2013K4"	24616	34
"1106 Haugesund"	"Blokkleiligheter"	"2014K1"	25879	46
"1106 Haugesund"	"Blokkleiligheter"	"2014K2"	25476	53
"1106 Haugesund"	"Blokkleiligheter"	"2014K3"	26304	46
"1106 Haugesund"	"Blokkleiligheter"	"2014K4"	26750	34
"1106 Haugesund"	"Blokkleiligheter"	"2015K1"	26175	52
"1106 Haugesund"	"Blokkleiligheter"	"2015K2"	27248	51
"1106 Haugesund"	"Blokkleiligheter"	"2015K3"	27263	50
"1106 Haugesund"	"Blokkleiligheter"	"2015K4"	28156	23
"1106 Haugesund"	"Blokkleiligheter"	"2016K1"	25606	38
"1106 Haugesund"	"Blokkleiligheter"	"2016K2"	27566	60
"1106 Haugesund"	"Blokkleiligheter"	"2016K3"	28454	54
"1106 Haugesund"	"Blokkleiligheter"	"2016K4"	24453	55
"1106 Haugesund"	"Blokkleiligheter"	"2017K1"	28212	42
"1106 Haugesund"	"Blokkleiligheter"	"2017K2"	28918	34
"1106 Haugesund"	"Blokkleiligheter"	"2017K3"	28510	34
"1106 Haugesund"	"Blokkleiligheter"	"2017K4"	28129	32
"1106 Haugesund"	"Blokkleiligheter"	"2018K1"	27614	29
"1106 Haugesund"	"Blokkleiligheter"	"2018K2"	29675	31
"1106 Haugesund"	"Blokkleiligheter"	"2018K3"	28576	45
"1106 Haugesund"	"Blokkleiligheter"	"2018K4"	29307	38
"1106 Haugesund"	"Blokkleiligheter"	"2019K1"	28980	48
"1106 Haugesund"	"Blokkleiligheter"	"2019K2"	28238	43
"1106 Haugesund"	"Blokkleiligheter"	"2019K3"	28388	59
"1106 Haugesund"	"Blokkleiligheter"	"2019K4"	27239	35
"1106 Haugesund"	"Blokkleiligheter"	"2020K1"	27867	44
"1106 Haugesund"	"Blokkleiligheter"	"2020K2"	28482	60
"1106 Haugesund"	"Blokkleiligheter"	"2020K3"	27717	64
"1106 Haugesund"	"Blokkleiligheter"	"2020K4"	29266	52
"1106 Haugesund"	"Blokkleiligheter"	"2021K1"	30332	66
"1106 Haugesund"	"Blokkleiligheter"	"2021K2"	29643	68
"1106 Haugesund"	"Blokkleiligheter"	"2021K3"	30076	66
"1106 Haugesund"	"Blokkleiligheter"	"2021K4"	29279	56
"1106 Haugesund"	"Blokkleiligheter"	"2022K1"	34424	55
"1106 Haugesund"	"Blokkleiligheter"	"2022K2"	33046	64
"1106 Haugesund"	"Blokkleiligheter"	"2022K3"	31632	52
"1106 Haugesund"	"Blokkleiligheter"	"2022K4"	32003	38
"1106 Haugesund"	"Blokkleiligheter"	"2023K1"	35169	63
"1106 Haugesund"	"Blokkleiligheter"	"2023K2"	35080	88
"1106 Haugesund"	"Blokkleiligheter"	"2023K3"	34504	56
"1108 Sandnes"	"Eneboliger"	"2006K1"	.	.
"1108 Sandnes"	"Eneboliger"	"2006K2"	.	.
"1108 Sandnes"	"Eneboliger"	"2006K3"	.	.
"1108 Sandnes"	"Eneboliger"	"2006K4"	.	.
"1108 Sandnes"	"Eneboliger"	"2007K1"	.	.
"1108 Sandnes"	"Eneboliger"	"2007K2"	.	.
"1108 Sandnes"	"Eneboliger"	"2007K3"	.	.
"1108 Sandnes"	"Eneboliger"	"2007K4"	.	.
"1108 Sandnes"	"Eneboliger"	"2008K1"	.	.
"1108 Sandnes"	"Eneboliger"	"2008K2"	.	.
"1108 Sandnes"	"Eneboliger"	"2008K3"	.	.
"1108 Sandnes"	"Eneboliger"	"2008K4"	.	.
"1108 Sandnes"	"Eneboliger"	"2009K1"	.	.
"1108 Sandnes"	"Eneboliger"	"2009K2"	.	.
"1108 Sandnes"	"Eneboliger"	"2009K3"	.	.
"1108 Sandnes"	"Eneboliger"	"2009K4"	.	.
"1108 Sandnes"	"Eneboliger"	"2010K1"	.	.
"1108 Sandnes"	"Eneboliger"	"2010K2"	.	.
"1108 Sandnes"	"Eneboliger"	"2010K3"	.	.
"1108 Sandnes"	"Eneboliger"	"2010K4"	.	.
"1108 Sandnes"	"Eneboliger"	"2011K1"	.	.
"1108 Sandnes"	"Eneboliger"	"2011K2"	.	.
"1108 Sandnes"	"Eneboliger"	"2011K3"	.	.
"1108 Sandnes"	"Eneboliger"	"2011K4"	.	.
"1108 Sandnes"	"Eneboliger"	"2012K1"	.	.
"1108 Sandnes"	"Eneboliger"	"2012K2"	.	.
"1108 Sandnes"	"Eneboliger"	"2012K3"	.	.
"1108 Sandnes"	"Eneboliger"	"2012K4"	.	.
"1108 Sandnes"	"Eneboliger"	"2013K1"	.	.
"1108 Sandnes"	"Eneboliger"	"2013K2"	.	.
"1108 Sandnes"	"Eneboliger"	"2013K3"	.	.
"1108 Sandnes"	"Eneboliger"	"2013K4"	.	.
"1108 Sandnes"	"Eneboliger"	"2014K1"	.	.
"1108 Sandnes"	"Eneboliger"	"2014K2"	.	.
"1108 Sandnes"	"Eneboliger"	"2014K3"	.	.
"1108 Sandnes"	"Eneboliger"	"2014K4"	.	.
"1108 Sandnes"	"Eneboliger"	"2015K1"	.	.
"1108 Sandnes"	"Eneboliger"	"2015K2"	.	.
"1108 Sandnes"	"Eneboliger"	"2015K3"	.	.
"1108 Sandnes"	"Eneboliger"	"2015K4"	.	.
"1108 Sandnes"	"Eneboliger"	"2016K1"	.	.
"1108 Sandnes"	"Eneboliger"	"2016K2"	.	.
"1108 Sandnes"	"Eneboliger"	"2016K3"	.	.
"1108 Sandnes"	"Eneboliger"	"2016K4"	.	.
"1108 Sandnes"	"Eneboliger"	"2017K1"	.	.
"1108 Sandnes"	"Eneboliger"	"2017K2"	.	.
"1108 Sandnes"	"Eneboliger"	"2017K3"	.	.
"1108 Sandnes"	"Eneboliger"	"2017K4"	.	.
"1108 Sandnes"	"Eneboliger"	"2018K1"	.	.
"1108 Sandnes"	"Eneboliger"	"2018K2"	.	.
"1108 Sandnes"	"Eneboliger"	"2018K3"	.	.
"1108 Sandnes"	"Eneboliger"	"2018K4"	.	.
"1108 Sandnes"	"Eneboliger"	"2019K1"	.	.
"1108 Sandnes"	"Eneboliger"	"2019K2"	.	.
"1108 Sandnes"	"Eneboliger"	"2019K3"	.	.
"1108 Sandnes"	"Eneboliger"	"2019K4"	.	.
"1108 Sandnes"	"Eneboliger"	"2020K1"	25726	106
"1108 Sandnes"	"Eneboliger"	"2020K2"	26442	106
"1108 Sandnes"	"Eneboliger"	"2020K3"	25485	115
"1108 Sandnes"	"Eneboliger"	"2020K4"	27415	90
"1108 Sandnes"	"Eneboliger"	"2021K1"	28386	119
"1108 Sandnes"	"Eneboliger"	"2021K2"	29309	137
"1108 Sandnes"	"Eneboliger"	"2021K3"	30984	115
"1108 Sandnes"	"Eneboliger"	"2021K4"	27954	115
"1108 Sandnes"	"Eneboliger"	"2022K1"	29873	94
"1108 Sandnes"	"Eneboliger"	"2022K2"	30446	125
"1108 Sandnes"	"Eneboliger"	"2022K3"	31310	115
"1108 Sandnes"	"Eneboliger"	"2022K4"	29126	114
"1108 Sandnes"	"Eneboliger"	"2023K1"	29692	107
"1108 Sandnes"	"Eneboliger"	"2023K2"	30259	149
"1108 Sandnes"	"Eneboliger"	"2023K3"	30401	102
"1108 Sandnes"	"Småhus"	"2006K1"	.	.
"1108 Sandnes"	"Småhus"	"2006K2"	.	.
"1108 Sandnes"	"Småhus"	"2006K3"	.	.
"1108 Sandnes"	"Småhus"	"2006K4"	.	.
"1108 Sandnes"	"Småhus"	"2007K1"	.	.
"1108 Sandnes"	"Småhus"	"2007K2"	.	.
"1108 Sandnes"	"Småhus"	"2007K3"	.	.
"1108 Sandnes"	"Småhus"	"2007K4"	.	.
"1108 Sandnes"	"Småhus"	"2008K1"	.	.
"1108 Sandnes"	"Småhus"	"2008K2"	.	.
"1108 Sandnes"	"Småhus"	"2008K3"	.	.
"1108 Sandnes"	"Småhus"	"2008K4"	.	.
"1108 Sandnes"	"Småhus"	"2009K1"	.	.
"1108 Sandnes"	"Småhus"	"2009K2"	.	.
"1108 Sandnes"	"Småhus"	"2009K3"	.	.
"1108 Sandnes"	"Småhus"	"2009K4"	.	.
"1108 Sandnes"	"Småhus"	"2010K1"	.	.
"1108 Sandnes"	"Småhus"	"2010K2"	.	.
"1108 Sandnes"	"Småhus"	"2010K3"	.	.
"1108 Sandnes"	"Småhus"	"2010K4"	.	.
"1108 Sandnes"	"Småhus"	"2011K1"	.	.
"1108 Sandnes"	"Småhus"	"2011K2"	.	.
"1108 Sandnes"	"Småhus"	"2011K3"	.	.
"1108 Sandnes"	"Småhus"	"2011K4"	.	.
"1108 Sandnes"	"Småhus"	"2012K1"	.	.
"1108 Sandnes"	"Småhus"	"2012K2"	.	.
"1108 Sandnes"	"Småhus"	"2012K3"	.	.
"1108 Sandnes"	"Småhus"	"2012K4"	.	.
"1108 Sandnes"	"Småhus"	"2013K1"	.	.
"1108 Sandnes"	"Småhus"	"2013K2"	.	.
"1108 Sandnes"	"Småhus"	"2013K3"	.	.
"1108 Sandnes"	"Småhus"	"2013K4"	.	.
"1108 Sandnes"	"Småhus"	"2014K1"	.	.
"1108 Sandnes"	"Småhus"	"2014K2"	.	.
"1108 Sandnes"	"Småhus"	"2014K3"	.	.
"1108 Sandnes"	"Småhus"	"2014K4"	.	.
"1108 Sandnes"	"Småhus"	"2015K1"	.	.
"1108 Sandnes"	"Småhus"	"2015K2"	.	.
"1108 Sandnes"	"Småhus"	"2015K3"	.	.
"1108 Sandnes"	"Småhus"	"2015K4"	.	.
"1108 Sandnes"	"Småhus"	"2016K1"	.	.
"1108 Sandnes"	"Småhus"	"2016K2"	.	.
"1108 Sandnes"	"Småhus"	"2016K3"	.	.
"1108 Sandnes"	"Småhus"	"2016K4"	.	.
"1108 Sandnes"	"Småhus"	"2017K1"	.	.
"1108 Sandnes"	"Småhus"	"2017K2"	.	.
"1108 Sandnes"	"Småhus"	"2017K3"	.	.
"1108 Sandnes"	"Småhus"	"2017K4"	.	.
"1108 Sandnes"	"Småhus"	"2018K1"	.	.
"1108 Sandnes"	"Småhus"	"2018K2"	.	.
"1108 Sandnes"	"Småhus"	"2018K3"	.	.
"1108 Sandnes"	"Småhus"	"2018K4"	.	.
"1108 Sandnes"	"Småhus"	"2019K1"	.	.
"1108 Sandnes"	"Småhus"	"2019K2"	.	.
"1108 Sandnes"	"Småhus"	"2019K3"	.	.
"1108 Sandnes"	"Småhus"	"2019K4"	.	.
"1108 Sandnes"	"Småhus"	"2020K1"	31468	43
"1108 Sandnes"	"Småhus"	"2020K2"	29110	59
"1108 Sandnes"	"Småhus"	"2020K3"	30452	84
"1108 Sandnes"	"Småhus"	"2020K4"	31408	68
"1108 Sandnes"	"Småhus"	"2021K1"	32099	61
"1108 Sandnes"	"Småhus"	"2021K2"	32443	74
"1108 Sandnes"	"Småhus"	"2021K3"	33684	63
"1108 Sandnes"	"Småhus"	"2021K4"	34664	67
"1108 Sandnes"	"Småhus"	"2022K1"	34983	61
"1108 Sandnes"	"Småhus"	"2022K2"	36261	68
"1108 Sandnes"	"Småhus"	"2022K3"	36648	57
"1108 Sandnes"	"Småhus"	"2022K4"	34599	52
"1108 Sandnes"	"Småhus"	"2023K1"	36132	65
"1108 Sandnes"	"Småhus"	"2023K2"	36789	65
"1108 Sandnes"	"Småhus"	"2023K3"	36627	70
"1108 Sandnes"	"Blokkleiligheter"	"2006K1"	.	.
"1108 Sandnes"	"Blokkleiligheter"	"2006K2"	.	.
"1108 Sandnes"	"Blokkleiligheter"	"2006K3"	.	.
"1108 Sandnes"	"Blokkleiligheter"	"2006K4"	.	.
"1108 Sandnes"	"Blokkleiligheter"	"2007K1"	.	.
"1108 Sandnes"	"Blokkleiligheter"	"2007K2"	.	.
"1108 Sandnes"	"Blokkleiligheter"	"2007K3"	.	.
"1108 Sandnes"	"Blokkleiligheter"	"2007K4"	.	.
"1108 Sandnes"	"Blokkleiligheter"	"2008K1"	.	.
"1108 Sandnes"	"Blokkleiligheter"	"2008K2"	.	.
"1108 Sandnes"	"Blokkleiligheter"	"2008K3"	.	.
"1108 Sandnes"	"Blokkleiligheter"	"2008K4"	.	.
"1108 Sandnes"	"Blokkleiligheter"	"2009K1"	.	.
"1108 Sandnes"	"Blokkleiligheter"	"2009K2"	.	.
"1108 Sandnes"	"Blokkleiligheter"	"2009K3"	.	.
"1108 Sandnes"	"Blokkleiligheter"	"2009K4"	.	.
"1108 Sandnes"	"Blokkleiligheter"	"2010K1"	.	.
"1108 Sandnes"	"Blokkleiligheter"	"2010K2"	.	.
"1108 Sandnes"	"Blokkleiligheter"	"2010K3"	.	.
"1108 Sandnes"	"Blokkleiligheter"	"2010K4"	.	.
"1108 Sandnes"	"Blokkleiligheter"	"2011K1"	.	.
"1108 Sandnes"	"Blokkleiligheter"	"2011K2"	.	.
"1108 Sandnes"	"Blokkleiligheter"	"2011K3"	.	.
"1108 Sandnes"	"Blokkleiligheter"	"2011K4"	.	.
"1108 Sandnes"	"Blokkleiligheter"	"2012K1"	.	.
"1108 Sandnes"	"Blokkleiligheter"	"2012K2"	.	.
"1108 Sandnes"	"Blokkleiligheter"	"2012K3"	.	.
"1108 Sandnes"	"Blokkleiligheter"	"2012K4"	.	.
"1108 Sandnes"	"Blokkleiligheter"	"2013K1"	.	.
"1108 Sandnes"	"Blokkleiligheter"	"2013K2"	.	.
"1108 Sandnes"	"Blokkleiligheter"	"2013K3"	.	.
"1108 Sandnes"	"Blokkleiligheter"	"2013K4"	.	.
"1108 Sandnes"	"Blokkleiligheter"	"2014K1"	.	.
"1108 Sandnes"	"Blokkleiligheter"	"2014K2"	.	.
"1108 Sandnes"	"Blokkleiligheter"	"2014K3"	.	.
"1108 Sandnes"	"Blokkleiligheter"	"2014K4"	.	.
"1108 Sandnes"	"Blokkleiligheter"	"2015K1"	.	.
"1108 Sandnes"	"Blokkleiligheter"	"2015K2"	.	.
"1108 Sandnes"	"Blokkleiligheter"	"2015K3"	.	.
"1108 Sandnes"	"Blokkleiligheter"	"2015K4"	.	.
"1108 Sandnes"	"Blokkleiligheter"	"2016K1"	.	.
"1108 Sandnes"	"Blokkleiligheter"	"2016K2"	.	.
"1108 Sandnes"	"Blokkleiligheter"	"2016K3"	.	.
"1108 Sandnes"	"Blokkleiligheter"	"2016K4"	.	.
"1108 Sandnes"	"Blokkleiligheter"	"2017K1"	.	.
"1108 Sandnes"	"Blokkleiligheter"	"2017K2"	.	.
"1108 Sandnes"	"Blokkleiligheter"	"2017K3"	.	.
"1108 Sandnes"	"Blokkleiligheter"	"2017K4"	.	.
"1108 Sandnes"	"Blokkleiligheter"	"2018K1"	.	.
"1108 Sandnes"	"Blokkleiligheter"	"2018K2"	.	.
"1108 Sandnes"	"Blokkleiligheter"	"2018K3"	.	.
"1108 Sandnes"	"Blokkleiligheter"	"2018K4"	.	.
"1108 Sandnes"	"Blokkleiligheter"	"2019K1"	.	.
"1108 Sandnes"	"Blokkleiligheter"	"2019K2"	.	.
"1108 Sandnes"	"Blokkleiligheter"	"2019K3"	.	.
"1108 Sandnes"	"Blokkleiligheter"	"2019K4"	.	.
"1108 Sandnes"	"Blokkleiligheter"	"2020K1"	38134	114
"1108 Sandnes"	"Blokkleiligheter"	"2020K2"	39546	110
"1108 Sandnes"	"Blokkleiligheter"	"2020K3"	40226	128
"1108 Sandnes"	"Blokkleiligheter"	"2020K4"	38588	103
"1108 Sandnes"	"Blokkleiligheter"	"2021K1"	39472	154
"1108 Sandnes"	"Blokkleiligheter"	"2021K2"	41958	129
"1108 Sandnes"	"Blokkleiligheter"	"2021K3"	41783	134
"1108 Sandnes"	"Blokkleiligheter"	"2021K4"	42587	119
"1108 Sandnes"	"Blokkleiligheter"	"2022K1"	44401	106
"1108 Sandnes"	"Blokkleiligheter"	"2022K2"	44522	114
"1108 Sandnes"	"Blokkleiligheter"	"2022K3"	46068	113
"1108 Sandnes"	"Blokkleiligheter"	"2022K4"	44177	102
"1108 Sandnes"	"Blokkleiligheter"	"2023K1"	47123	112
"1108 Sandnes"	"Blokkleiligheter"	"2023K2"	47752	147
"1108 Sandnes"	"Blokkleiligheter"	"2023K3"	47885	123
"1124 Sola"	"Eneboliger"	"2006K1"	.	.
"1124 Sola"	"Eneboliger"	"2006K2"	.	.
"1124 Sola"	"Eneboliger"	"2006K3"	.	.
"1124 Sola"	"Eneboliger"	"2006K4"	.	.
"1124 Sola"	"Eneboliger"	"2007K1"	20132	30
"1124 Sola"	"Eneboliger"	"2007K2"	23194	39
"1124 Sola"	"Eneboliger"	"2007K3"	21622	29
"1124 Sola"	"Eneboliger"	"2007K4"	22557	38
"1124 Sola"	"Eneboliger"	"2008K1"	24437	31
"1124 Sola"	"Eneboliger"	"2008K2"	22330	49
"1124 Sola"	"Eneboliger"	"2008K3"	21729	21
"1124 Sola"	"Eneboliger"	"2008K4"	19490	23
"1124 Sola"	"Eneboliger"	"2009K1"	21825	35
"1124 Sola"	"Eneboliger"	"2009K2"	21910	36
"1124 Sola"	"Eneboliger"	"2009K3"	23840	32
"1124 Sola"	"Eneboliger"	"2009K4"	25143	35
"1124 Sola"	"Eneboliger"	"2010K1"	22357	28
"1124 Sola"	"Eneboliger"	"2010K2"	26130	31
"1124 Sola"	"Eneboliger"	"2010K3"	25882	35
"1124 Sola"	"Eneboliger"	"2010K4"	28033	32
"1124 Sola"	"Eneboliger"	"2011K1"	29282	25
"1124 Sola"	"Eneboliger"	"2011K2"	29336	46
"1124 Sola"	"Eneboliger"	"2011K3"	29505	28
"1124 Sola"	"Eneboliger"	"2011K4"	29759	31
"1124 Sola"	"Eneboliger"	"2012K1"	29627	44
"1124 Sola"	"Eneboliger"	"2012K2"	30470	36
"1124 Sola"	"Eneboliger"	"2012K3"	30284	31
"1124 Sola"	"Eneboliger"	"2012K4"	28551	34
"1124 Sola"	"Eneboliger"	"2013K1"	30800	24
"1124 Sola"	"Eneboliger"	"2013K2"	32942	44
"1124 Sola"	"Eneboliger"	"2013K3"	31372	31
"1124 Sola"	"Eneboliger"	"2013K4"	28990	33
"1124 Sola"	"Eneboliger"	"2014K1"	30998	39
"1124 Sola"	"Eneboliger"	"2014K2"	28669	50
"1124 Sola"	"Eneboliger"	"2014K3"	30566	32
"1124 Sola"	"Eneboliger"	"2014K4"	28940	25
"1124 Sola"	"Eneboliger"	"2015K1"	28768	34
"1124 Sola"	"Eneboliger"	"2015K2"	29218	30
"1124 Sola"	"Eneboliger"	"2015K3"	28532	28
"1124 Sola"	"Eneboliger"	"2015K4"	29596	22
"1124 Sola"	"Eneboliger"	"2016K1"	25662	21
"1124 Sola"	"Eneboliger"	"2016K2"	27437	46
"1124 Sola"	"Eneboliger"	"2016K3"	26422	17
"1124 Sola"	"Eneboliger"	"2016K4"	26317	29
"1124 Sola"	"Eneboliger"	"2017K1"	28052	24
"1124 Sola"	"Eneboliger"	"2017K2"	28841	36
"1124 Sola"	"Eneboliger"	"2017K3"	29016	30
"1124 Sola"	"Eneboliger"	"2017K4"	25537	22
"1124 Sola"	"Eneboliger"	"2018K1"	29097	27
"1124 Sola"	"Eneboliger"	"2018K2"	27561	45
"1124 Sola"	"Eneboliger"	"2018K3"	26609	33
"1124 Sola"	"Eneboliger"	"2018K4"	27674	33
"1124 Sola"	"Eneboliger"	"2019K1"	26974	33
"1124 Sola"	"Eneboliger"	"2019K2"	30210	39
"1124 Sola"	"Eneboliger"	"2019K3"	26360	34
"1124 Sola"	"Eneboliger"	"2019K4"	27829	43
"1124 Sola"	"Eneboliger"	"2020K1"	27946	27
"1124 Sola"	"Eneboliger"	"2020K2"	25334	40
"1124 Sola"	"Eneboliger"	"2020K3"	28104	49
"1124 Sola"	"Eneboliger"	"2020K4"	28260	38
"1124 Sola"	"Eneboliger"	"2021K1"	30244	44
"1124 Sola"	"Eneboliger"	"2021K2"	31267	59
"1124 Sola"	"Eneboliger"	"2021K3"	32392	28
"1124 Sola"	"Eneboliger"	"2021K4"	29527	40
"1124 Sola"	"Eneboliger"	"2022K1"	32224	27
"1124 Sola"	"Eneboliger"	"2022K2"	33719	60
"1124 Sola"	"Eneboliger"	"2022K3"	32823	27
"1124 Sola"	"Eneboliger"	"2022K4"	31067	30
"1124 Sola"	"Eneboliger"	"2023K1"	33121	35
"1124 Sola"	"Eneboliger"	"2023K2"	32793	47
"1124 Sola"	"Eneboliger"	"2023K3"	33382	35
"1124 Sola"	"Småhus"	"2006K1"	.	.
"1124 Sola"	"Småhus"	"2006K2"	.	.
"1124 Sola"	"Småhus"	"2006K3"	.	.
"1124 Sola"	"Småhus"	"2006K4"	.	.
"1124 Sola"	"Småhus"	"2007K1"	25324	13
"1124 Sola"	"Småhus"	"2007K2"	25177	12
"1124 Sola"	"Småhus"	"2007K3"	29629	16
"1124 Sola"	"Småhus"	"2007K4"	26692	15
"1124 Sola"	"Småhus"	"2008K1"	30341	14
"1124 Sola"	"Småhus"	"2008K2"	29830	16
"1124 Sola"	"Småhus"	"2008K3"	25752	11
"1124 Sola"	"Småhus"	"2008K4"	25061	11
"1124 Sola"	"Småhus"	"2009K1"	26012	23
"1124 Sola"	"Småhus"	"2009K2"	22936	14
"1124 Sola"	"Småhus"	"2009K3"	27744	18
"1124 Sola"	"Småhus"	"2009K4"	29400	13
"1124 Sola"	"Småhus"	"2010K1"	27608	16
"1124 Sola"	"Småhus"	"2010K2"	31611	14
"1124 Sola"	"Småhus"	"2010K3"	31330	12
"1124 Sola"	"Småhus"	"2010K4"	32831	16
"1124 Sola"	"Småhus"	"2011K1"	32272	19
"1124 Sola"	"Småhus"	"2011K2"	34797	15
"1124 Sola"	"Småhus"	"2011K3"	32906	26
"1124 Sola"	"Småhus"	"2011K4"	35776	19
"1124 Sola"	"Småhus"	"2012K1"	35221	17
"1124 Sola"	"Småhus"	"2012K2"	36803	21
"1124 Sola"	"Småhus"	"2012K3"	34445	13
"1124 Sola"	"Småhus"	"2012K4"	36405	10
"1124 Sola"	"Småhus"	"2013K1"	38519	14
"1124 Sola"	"Småhus"	"2013K2"	35691	22
"1124 Sola"	"Småhus"	"2013K3"	38971	13
"1124 Sola"	"Småhus"	"2013K4"	40638	17
"1124 Sola"	"Småhus"	"2014K1"	39390	21
"1124 Sola"	"Småhus"	"2014K2"	39341	21
"1124 Sola"	"Småhus"	"2014K3"	37031	22
"1124 Sola"	"Småhus"	"2014K4"	40762	13
"1124 Sola"	"Småhus"	"2015K1"	36973	16
"1124 Sola"	"Småhus"	"2015K2"	36402	23
"1124 Sola"	"Småhus"	"2015K3"	34567	14
"1124 Sola"	"Småhus"	"2015K4"	..	6
"1124 Sola"	"Småhus"	"2016K1"	31081	10
"1124 Sola"	"Småhus"	"2016K2"	..	9
"1124 Sola"	"Småhus"	"2016K3"	32658	13
"1124 Sola"	"Småhus"	"2016K4"	33208	13
"1124 Sola"	"Småhus"	"2017K1"	35274	15
"1124 Sola"	"Småhus"	"2017K2"	32684	20
"1124 Sola"	"Småhus"	"2017K3"	34171	17
"1124 Sola"	"Småhus"	"2017K4"	34204	19
"1124 Sola"	"Småhus"	"2018K1"	30740	16
"1124 Sola"	"Småhus"	"2018K2"	33763	31
"1124 Sola"	"Småhus"	"2018K3"	32927	20
"1124 Sola"	"Småhus"	"2018K4"	34696	13
"1124 Sola"	"Småhus"	"2019K1"	34472	14
"1124 Sola"	"Småhus"	"2019K2"	33571	14
"1124 Sola"	"Småhus"	"2019K3"	31353	14
"1124 Sola"	"Småhus"	"2019K4"	32601	21
"1124 Sola"	"Småhus"	"2020K1"	30981	24
"1124 Sola"	"Småhus"	"2020K2"	33624	27
"1124 Sola"	"Småhus"	"2020K3"	32169	16
"1124 Sola"	"Småhus"	"2020K4"	33764	25
"1124 Sola"	"Småhus"	"2021K1"	34821	20
"1124 Sola"	"Småhus"	"2021K2"	34232	30
"1124 Sola"	"Småhus"	"2021K3"	35414	22
"1124 Sola"	"Småhus"	"2021K4"	38763	25
"1124 Sola"	"Småhus"	"2022K1"	35488	18
"1124 Sola"	"Småhus"	"2022K2"	39685	26
"1124 Sola"	"Småhus"	"2022K3"	40081	18
"1124 Sola"	"Småhus"	"2022K4"	35534	23
"1124 Sola"	"Småhus"	"2023K1"	38799	18
"1124 Sola"	"Småhus"	"2023K2"	39530	18
"1124 Sola"	"Småhus"	"2023K3"	45001	24
"1124 Sola"	"Blokkleiligheter"	"2006K1"	.	.
"1124 Sola"	"Blokkleiligheter"	"2006K2"	.	.
"1124 Sola"	"Blokkleiligheter"	"2006K3"	.	.
"1124 Sola"	"Blokkleiligheter"	"2006K4"	.	.
"1124 Sola"	"Blokkleiligheter"	"2007K1"	29869	19
"1124 Sola"	"Blokkleiligheter"	"2007K2"	31128	24
"1124 Sola"	"Blokkleiligheter"	"2007K3"	34313	19
"1124 Sola"	"Blokkleiligheter"	"2007K4"	33964	19
"1124 Sola"	"Blokkleiligheter"	"2008K1"	34496	23
"1124 Sola"	"Blokkleiligheter"	"2008K2"	32314	25
"1124 Sola"	"Blokkleiligheter"	"2008K3"	30303	17
"1124 Sola"	"Blokkleiligheter"	"2008K4"	30456	15
"1124 Sola"	"Blokkleiligheter"	"2009K1"	30008	21
"1124 Sola"	"Blokkleiligheter"	"2009K2"	32122	27
"1124 Sola"	"Blokkleiligheter"	"2009K3"	34143	19
"1124 Sola"	"Blokkleiligheter"	"2009K4"	33363	25
"1124 Sola"	"Blokkleiligheter"	"2010K1"	38487	23
"1124 Sola"	"Blokkleiligheter"	"2010K2"	36966	27
"1124 Sola"	"Blokkleiligheter"	"2010K3"	37133	24
"1124 Sola"	"Blokkleiligheter"	"2010K4"	41275	24
"1124 Sola"	"Blokkleiligheter"	"2011K1"	40061	31
"1124 Sola"	"Blokkleiligheter"	"2011K2"	39744	33
"1124 Sola"	"Blokkleiligheter"	"2011K3"	38148	31
"1124 Sola"	"Blokkleiligheter"	"2011K4"	40287	28
"1124 Sola"	"Blokkleiligheter"	"2012K1"	43370	30
"1124 Sola"	"Blokkleiligheter"	"2012K2"	42636	26
"1124 Sola"	"Blokkleiligheter"	"2012K3"	49256	30
"1124 Sola"	"Blokkleiligheter"	"2012K4"	44545	22
"1124 Sola"	"Blokkleiligheter"	"2013K1"	50245	19
"1124 Sola"	"Blokkleiligheter"	"2013K2"	47216	37
"1124 Sola"	"Blokkleiligheter"	"2013K3"	49084	24
"1124 Sola"	"Blokkleiligheter"	"2013K4"	46803	24
"1124 Sola"	"Blokkleiligheter"	"2014K1"	43839	31
"1124 Sola"	"Blokkleiligheter"	"2014K2"	42346	26
"1124 Sola"	"Blokkleiligheter"	"2014K3"	45068	24
"1124 Sola"	"Blokkleiligheter"	"2014K4"	44971	16
"1124 Sola"	"Blokkleiligheter"	"2015K1"	45696	33
"1124 Sola"	"Blokkleiligheter"	"2015K2"	43794	20
"1124 Sola"	"Blokkleiligheter"	"2015K3"	41644	16
"1124 Sola"	"Blokkleiligheter"	"2015K4"	41718	14
"1124 Sola"	"Blokkleiligheter"	"2016K1"	41980	18
"1124 Sola"	"Blokkleiligheter"	"2016K2"	37483	28
"1124 Sola"	"Blokkleiligheter"	"2016K3"	38343	26
"1124 Sola"	"Blokkleiligheter"	"2016K4"	41877	25
"1124 Sola"	"Blokkleiligheter"	"2017K1"	39987	20
"1124 Sola"	"Blokkleiligheter"	"2017K2"	41153	25
"1124 Sola"	"Blokkleiligheter"	"2017K3"	41968	24
"1124 Sola"	"Blokkleiligheter"	"2017K4"	39152	20
"1124 Sola"	"Blokkleiligheter"	"2018K1"	41225	19
"1124 Sola"	"Blokkleiligheter"	"2018K2"	40209	26
"1124 Sola"	"Blokkleiligheter"	"2018K3"	40411	24
"1124 Sola"	"Blokkleiligheter"	"2018K4"	35693	26
"1124 Sola"	"Blokkleiligheter"	"2019K1"	38998	25
"1124 Sola"	"Blokkleiligheter"	"2019K2"	40363	38
"1124 Sola"	"Blokkleiligheter"	"2019K3"	42481	28
"1124 Sola"	"Blokkleiligheter"	"2019K4"	40897	32
"1124 Sola"	"Blokkleiligheter"	"2020K1"	40930	45
"1124 Sola"	"Blokkleiligheter"	"2020K2"	41177	28
"1124 Sola"	"Blokkleiligheter"	"2020K3"	41993	31
"1124 Sola"	"Blokkleiligheter"	"2020K4"	40032	41
"1124 Sola"	"Blokkleiligheter"	"2021K1"	41309	57
"1124 Sola"	"Blokkleiligheter"	"2021K2"	42022	64
"1124 Sola"	"Blokkleiligheter"	"2021K3"	42553	53
"1124 Sola"	"Blokkleiligheter"	"2021K4"	44035	53
"1124 Sola"	"Blokkleiligheter"	"2022K1"	45843	44
"1124 Sola"	"Blokkleiligheter"	"2022K2"	43632	64
"1124 Sola"	"Blokkleiligheter"	"2022K3"	45868	41
"1124 Sola"	"Blokkleiligheter"	"2022K4"	48772	30
"1124 Sola"	"Blokkleiligheter"	"2023K1"	47478	47
"1124 Sola"	"Blokkleiligheter"	"2023K2"	50174	46
"1124 Sola"	"Blokkleiligheter"	"2023K3"	49393	46
"1149 Karmøy"	"Eneboliger"	"2006K1"	9587	48
"1149 Karmøy"	"Eneboliger"	"2006K2"	9707	40
"1149 Karmøy"	"Eneboliger"	"2006K3"	10770	60
"1149 Karmøy"	"Eneboliger"	"2006K4"	10930	56
"1149 Karmøy"	"Eneboliger"	"2007K1"	10842	44
"1149 Karmøy"	"Eneboliger"	"2007K2"	11670	63
"1149 Karmøy"	"Eneboliger"	"2007K3"	12147	48
"1149 Karmøy"	"Eneboliger"	"2007K4"	12394	70
"1149 Karmøy"	"Eneboliger"	"2008K1"	13592	48
"1149 Karmøy"	"Eneboliger"	"2008K2"	13617	96
"1149 Karmøy"	"Eneboliger"	"2008K3"	12939	66
"1149 Karmøy"	"Eneboliger"	"2008K4"	13113	42
"1149 Karmøy"	"Eneboliger"	"2009K1"	12941	38
"1149 Karmøy"	"Eneboliger"	"2009K2"	13111	72
"1149 Karmøy"	"Eneboliger"	"2009K3"	12773	77
"1149 Karmøy"	"Eneboliger"	"2009K4"	13071	74
"1149 Karmøy"	"Eneboliger"	"2010K1"	13410	60
"1149 Karmøy"	"Eneboliger"	"2010K2"	13525	94
"1149 Karmøy"	"Eneboliger"	"2010K3"	13579	83
"1149 Karmøy"	"Eneboliger"	"2010K4"	13890	70
"1149 Karmøy"	"Eneboliger"	"2011K1"	14611	81
"1149 Karmøy"	"Eneboliger"	"2011K2"	14714	96
"1149 Karmøy"	"Eneboliger"	"2011K3"	14660	81
"1149 Karmøy"	"Eneboliger"	"2011K4"	15005	73
"1149 Karmøy"	"Eneboliger"	"2012K1"	14458	66
"1149 Karmøy"	"Eneboliger"	"2012K2"	14934	96
"1149 Karmøy"	"Eneboliger"	"2012K3"	15976	88
"1149 Karmøy"	"Eneboliger"	"2012K4"	14696	83
"1149 Karmøy"	"Eneboliger"	"2013K1"	15019	50
"1149 Karmøy"	"Eneboliger"	"2013K2"	16647	94
"1149 Karmøy"	"Eneboliger"	"2013K3"	15100	79
"1149 Karmøy"	"Eneboliger"	"2013K4"	15802	67
"1149 Karmøy"	"Eneboliger"	"2014K1"	16331	58
"1149 Karmøy"	"Eneboliger"	"2014K2"	16298	113
"1149 Karmøy"	"Eneboliger"	"2014K3"	15708	90
"1149 Karmøy"	"Eneboliger"	"2014K4"	16013	65
"1149 Karmøy"	"Eneboliger"	"2015K1"	15780	75
"1149 Karmøy"	"Eneboliger"	"2015K2"	16665	95
"1149 Karmøy"	"Eneboliger"	"2015K3"	15454	73
"1149 Karmøy"	"Eneboliger"	"2015K4"	16497	73
"1149 Karmøy"	"Eneboliger"	"2016K1"	15904	60
"1149 Karmøy"	"Eneboliger"	"2016K2"	16068	91
"1149 Karmøy"	"Eneboliger"	"2016K3"	16227	66
"1149 Karmøy"	"Eneboliger"	"2016K4"	16222	56
"1149 Karmøy"	"Eneboliger"	"2017K1"	17492	68
"1149 Karmøy"	"Eneboliger"	"2017K2"	16593	81
"1149 Karmøy"	"Eneboliger"	"2017K3"	16089	74
"1149 Karmøy"	"Eneboliger"	"2017K4"	15996	61
"1149 Karmøy"	"Eneboliger"	"2018K1"	16468	42
"1149 Karmøy"	"Eneboliger"	"2018K2"	17052	94
"1149 Karmøy"	"Eneboliger"	"2018K3"	17416	80
"1149 Karmøy"	"Eneboliger"	"2018K4"	15839	70
"1149 Karmøy"	"Eneboliger"	"2019K1"	15861	72
"1149 Karmøy"	"Eneboliger"	"2019K2"	17324	93
"1149 Karmøy"	"Eneboliger"	"2019K3"	16562	73
"1149 Karmøy"	"Eneboliger"	"2019K4"	15737	73
"1149 Karmøy"	"Eneboliger"	"2020K1"	15167	60
"1149 Karmøy"	"Eneboliger"	"2020K2"	15844	83
"1149 Karmøy"	"Eneboliger"	"2020K3"	16661	108
"1149 Karmøy"	"Eneboliger"	"2020K4"	15829	71
"1149 Karmøy"	"Eneboliger"	"2021K1"	18988	75
"1149 Karmøy"	"Eneboliger"	"2021K2"	19209	122
"1149 Karmøy"	"Eneboliger"	"2021K3"	18376	113
"1149 Karmøy"	"Eneboliger"	"2021K4"	17405	92
"1149 Karmøy"	"Eneboliger"	"2022K1"	18686	64
"1149 Karmøy"	"Eneboliger"	"2022K2"	19131	105
"1149 Karmøy"	"Eneboliger"	"2022K3"	20036	87
"1149 Karmøy"	"Eneboliger"	"2022K4"	18176	59
"1149 Karmøy"	"Eneboliger"	"2023K1"	18566	75
"1149 Karmøy"	"Eneboliger"	"2023K2"	20579	120
"1149 Karmøy"	"Eneboliger"	"2023K3"	20222	79
"1149 Karmøy"	"Småhus"	"2006K1"	..	2
"1149 Karmøy"	"Småhus"	"2006K2"	..	9
"1149 Karmøy"	"Småhus"	"2006K3"	..	7
"1149 Karmøy"	"Småhus"	"2006K4"	..	7
"1149 Karmøy"	"Småhus"	"2007K1"	..	3
"1149 Karmøy"	"Småhus"	"2007K2"	..	8
"1149 Karmøy"	"Småhus"	"2007K3"	..	6
"1149 Karmøy"	"Småhus"	"2007K4"	..	3
"1149 Karmøy"	"Småhus"	"2008K1"	..	7
"1149 Karmøy"	"Småhus"	"2008K2"	..	7
"1149 Karmøy"	"Småhus"	"2008K3"	..	2
"1149 Karmøy"	"Småhus"	"2008K4"	..	4
"1149 Karmøy"	"Småhus"	"2009K1"	..	6
"1149 Karmøy"	"Småhus"	"2009K2"	..	9
"1149 Karmøy"	"Småhus"	"2009K3"	..	8
"1149 Karmøy"	"Småhus"	"2009K4"	15291	10
"1149 Karmøy"	"Småhus"	"2010K1"	..	8
"1149 Karmøy"	"Småhus"	"2010K2"	..	7
"1149 Karmøy"	"Småhus"	"2010K3"	..	3
"1149 Karmøy"	"Småhus"	"2010K4"	16860	12
"1149 Karmøy"	"Småhus"	"2011K1"	17343	17
"1149 Karmøy"	"Småhus"	"2011K2"	..	9
"1149 Karmøy"	"Småhus"	"2011K3"	19836	12
"1149 Karmøy"	"Småhus"	"2011K4"	19997	13
"1149 Karmøy"	"Småhus"	"2012K1"	..	8
"1149 Karmøy"	"Småhus"	"2012K2"	19755	13
"1149 Karmøy"	"Småhus"	"2012K3"	15620	15
"1149 Karmøy"	"Småhus"	"2012K4"	..	7
"1149 Karmøy"	"Småhus"	"2013K1"	19655	14
"1149 Karmøy"	"Småhus"	"2013K2"	..	8
"1149 Karmøy"	"Småhus"	"2013K3"	21474	14
"1149 Karmøy"	"Småhus"	"2013K4"	18833	11
"1149 Karmøy"	"Småhus"	"2014K1"	..	7
"1149 Karmøy"	"Småhus"	"2014K2"	20002	11
"1149 Karmøy"	"Småhus"	"2014K3"	22580	18
"1149 Karmøy"	"Småhus"	"2014K4"	20143	16
"1149 Karmøy"	"Småhus"	"2015K1"	20697	13
"1149 Karmøy"	"Småhus"	"2015K2"	..	9
"1149 Karmøy"	"Småhus"	"2015K3"	21888	16
"1149 Karmøy"	"Småhus"	"2015K4"	..	7
"1149 Karmøy"	"Småhus"	"2016K1"	22379	16
"1149 Karmøy"	"Småhus"	"2016K2"	21468	16
"1149 Karmøy"	"Småhus"	"2016K3"	22056	14
"1149 Karmøy"	"Småhus"	"2016K4"	22074	12
"1149 Karmøy"	"Småhus"	"2017K1"	19700	12
"1149 Karmøy"	"Småhus"	"2017K2"	22381	13
"1149 Karmøy"	"Småhus"	"2017K3"	21543	16
"1149 Karmøy"	"Småhus"	"2017K4"	24024	11
"1149 Karmøy"	"Småhus"	"2018K1"	..	5
"1149 Karmøy"	"Småhus"	"2018K2"	21303	13
"1149 Karmøy"	"Småhus"	"2018K3"	20740	11
"1149 Karmøy"	"Småhus"	"2018K4"	23011	18
"1149 Karmøy"	"Småhus"	"2019K1"	23114	15
"1149 Karmøy"	"Småhus"	"2019K2"	..	6
"1149 Karmøy"	"Småhus"	"2019K3"	24304	12
"1149 Karmøy"	"Småhus"	"2019K4"	20197	12
"1149 Karmøy"	"Småhus"	"2020K1"	25179	15
"1149 Karmøy"	"Småhus"	"2020K2"	22302	20
"1149 Karmøy"	"Småhus"	"2020K3"	23247	23
"1149 Karmøy"	"Småhus"	"2020K4"	22693	13
"1149 Karmøy"	"Småhus"	"2021K1"	22460	19
"1149 Karmøy"	"Småhus"	"2021K2"	25016	28
"1149 Karmøy"	"Småhus"	"2021K3"	24406	25
"1149 Karmøy"	"Småhus"	"2021K4"	25683	19
"1149 Karmøy"	"Småhus"	"2022K1"	24770	32
"1149 Karmøy"	"Småhus"	"2022K2"	25870	25
"1149 Karmøy"	"Småhus"	"2022K3"	27665	16
"1149 Karmøy"	"Småhus"	"2022K4"	24602	23
"1149 Karmøy"	"Småhus"	"2023K1"	27357	17
"1149 Karmøy"	"Småhus"	"2023K2"	26196	25
"1149 Karmøy"	"Småhus"	"2023K3"	25753	23
"1149 Karmøy"	"Blokkleiligheter"	"2006K1"	..	8
"1149 Karmøy"	"Blokkleiligheter"	"2006K2"	..	9
"1149 Karmøy"	"Blokkleiligheter"	"2006K3"	17065	12
"1149 Karmøy"	"Blokkleiligheter"	"2006K4"	..	7
"1149 Karmøy"	"Blokkleiligheter"	"2007K1"	18435	10
"1149 Karmøy"	"Blokkleiligheter"	"2007K2"	18855	13
"1149 Karmøy"	"Blokkleiligheter"	"2007K3"	19319	14
"1149 Karmøy"	"Blokkleiligheter"	"2007K4"	20047	11
"1149 Karmøy"	"Blokkleiligheter"	"2008K1"	18419	14
"1149 Karmøy"	"Blokkleiligheter"	"2008K2"	18718	24
"1149 Karmøy"	"Blokkleiligheter"	"2008K3"	..	9
"1149 Karmøy"	"Blokkleiligheter"	"2008K4"	..	6
"1149 Karmøy"	"Blokkleiligheter"	"2009K1"	19161	11
"1149 Karmøy"	"Blokkleiligheter"	"2009K2"	19417	19
"1149 Karmøy"	"Blokkleiligheter"	"2009K3"	19889	23
"1149 Karmøy"	"Blokkleiligheter"	"2009K4"	18319	14
"1149 Karmøy"	"Blokkleiligheter"	"2010K1"	20067	25
"1149 Karmøy"	"Blokkleiligheter"	"2010K2"	20262	27
"1149 Karmøy"	"Blokkleiligheter"	"2010K3"	19309	12
"1149 Karmøy"	"Blokkleiligheter"	"2010K4"	20700	16
"1149 Karmøy"	"Blokkleiligheter"	"2011K1"	20973	19
"1149 Karmøy"	"Blokkleiligheter"	"2011K2"	20156	13
"1149 Karmøy"	"Blokkleiligheter"	"2011K3"	21204	21
"1149 Karmøy"	"Blokkleiligheter"	"2011K4"	23109	16
"1149 Karmøy"	"Blokkleiligheter"	"2012K1"	20790	19
"1149 Karmøy"	"Blokkleiligheter"	"2012K2"	21600	24
"1149 Karmøy"	"Blokkleiligheter"	"2012K3"	21447	28
"1149 Karmøy"	"Blokkleiligheter"	"2012K4"	22922	24
"1149 Karmøy"	"Blokkleiligheter"	"2013K1"	25420	12
"1149 Karmøy"	"Blokkleiligheter"	"2013K2"	21309	22
"1149 Karmøy"	"Blokkleiligheter"	"2013K3"	21810	14
"1149 Karmøy"	"Blokkleiligheter"	"2013K4"	22665	17
"1149 Karmøy"	"Blokkleiligheter"	"2014K1"	21409	17
"1149 Karmøy"	"Blokkleiligheter"	"2014K2"	22893	30
"1149 Karmøy"	"Blokkleiligheter"	"2014K3"	22549	21
"1149 Karmøy"	"Blokkleiligheter"	"2014K4"	25327	21
"1149 Karmøy"	"Blokkleiligheter"	"2015K1"	23356	14
"1149 Karmøy"	"Blokkleiligheter"	"2015K2"	23774	30
"1149 Karmøy"	"Blokkleiligheter"	"2015K3"	25372	12
"1149 Karmøy"	"Blokkleiligheter"	"2015K4"	22805	17
"1149 Karmøy"	"Blokkleiligheter"	"2016K1"	24308	25
"1149 Karmøy"	"Blokkleiligheter"	"2016K2"	24448	25
"1149 Karmøy"	"Blokkleiligheter"	"2016K3"	27370	23
"1149 Karmøy"	"Blokkleiligheter"	"2016K4"	24544	13
"1149 Karmøy"	"Blokkleiligheter"	"2017K1"	24715	26
"1149 Karmøy"	"Blokkleiligheter"	"2017K2"	21910	20
"1149 Karmøy"	"Blokkleiligheter"	"2017K3"	26372	20
"1149 Karmøy"	"Blokkleiligheter"	"2017K4"	24661	18
"1149 Karmøy"	"Blokkleiligheter"	"2018K1"	24116	16
"1149 Karmøy"	"Blokkleiligheter"	"2018K2"	25355	21
"1149 Karmøy"	"Blokkleiligheter"	"2018K3"	26978	22
"1149 Karmøy"	"Blokkleiligheter"	"2018K4"	26172	20
"1149 Karmøy"	"Blokkleiligheter"	"2019K1"	25988	24
"1149 Karmøy"	"Blokkleiligheter"	"2019K2"	25088	17
"1149 Karmøy"	"Blokkleiligheter"	"2019K3"	26301	18
"1149 Karmøy"	"Blokkleiligheter"	"2019K4"	25065	13
"1149 Karmøy"	"Blokkleiligheter"	"2020K1"	25876	23
"1149 Karmøy"	"Blokkleiligheter"	"2020K2"	25638	22
"1149 Karmøy"	"Blokkleiligheter"	"2020K3"	25552	29
"1149 Karmøy"	"Blokkleiligheter"	"2020K4"	24830	41
"1149 Karmøy"	"Blokkleiligheter"	"2021K1"	25801	34
"1149 Karmøy"	"Blokkleiligheter"	"2021K2"	27673	38
"1149 Karmøy"	"Blokkleiligheter"	"2021K3"	27800	34
"1149 Karmøy"	"Blokkleiligheter"	"2021K4"	27708	29
"1149 Karmøy"	"Blokkleiligheter"	"2022K1"	28863	33
"1149 Karmøy"	"Blokkleiligheter"	"2022K2"	29433	49
"1149 Karmøy"	"Blokkleiligheter"	"2022K3"	30688	31
"1149 Karmøy"	"Blokkleiligheter"	"2022K4"	30819	31
"1149 Karmøy"	"Blokkleiligheter"	"2023K1"	31732	27
"1149 Karmøy"	"Blokkleiligheter"	"2023K2"	31758	32
"1149 Karmøy"	"Blokkleiligheter"	"2023K3"	30095	42
"4601 Bergen"	"Eneboliger"	"2006K1"	.	.
"4601 Bergen"	"Eneboliger"	"2006K2"	.	.
"4601 Bergen"	"Eneboliger"	"2006K3"	.	.
"4601 Bergen"	"Eneboliger"	"2006K4"	.	.
"4601 Bergen"	"Eneboliger"	"2007K1"	.	.
"4601 Bergen"	"Eneboliger"	"2007K2"	.	.
"4601 Bergen"	"Eneboliger"	"2007K3"	.	.
"4601 Bergen"	"Eneboliger"	"2007K4"	.	.
"4601 Bergen"	"Eneboliger"	"2008K1"	.	.
"4601 Bergen"	"Eneboliger"	"2008K2"	.	.
"4601 Bergen"	"Eneboliger"	"2008K3"	.	.
"4601 Bergen"	"Eneboliger"	"2008K4"	.	.
"4601 Bergen"	"Eneboliger"	"2009K1"	.	.
"4601 Bergen"	"Eneboliger"	"2009K2"	.	.
"4601 Bergen"	"Eneboliger"	"2009K3"	.	.
"4601 Bergen"	"Eneboliger"	"2009K4"	.	.
"4601 Bergen"	"Eneboliger"	"2010K1"	.	.
"4601 Bergen"	"Eneboliger"	"2010K2"	.	.
"4601 Bergen"	"Eneboliger"	"2010K3"	.	.
"4601 Bergen"	"Eneboliger"	"2010K4"	.	.
"4601 Bergen"	"Eneboliger"	"2011K1"	.	.
"4601 Bergen"	"Eneboliger"	"2011K2"	.	.
"4601 Bergen"	"Eneboliger"	"2011K3"	.	.
"4601 Bergen"	"Eneboliger"	"2011K4"	.	.
"4601 Bergen"	"Eneboliger"	"2012K1"	.	.
"4601 Bergen"	"Eneboliger"	"2012K2"	.	.
"4601 Bergen"	"Eneboliger"	"2012K3"	.	.
"4601 Bergen"	"Eneboliger"	"2012K4"	.	.
"4601 Bergen"	"Eneboliger"	"2013K1"	.	.
"4601 Bergen"	"Eneboliger"	"2013K2"	.	.
"4601 Bergen"	"Eneboliger"	"2013K3"	.	.
"4601 Bergen"	"Eneboliger"	"2013K4"	.	.
"4601 Bergen"	"Eneboliger"	"2014K1"	.	.
"4601 Bergen"	"Eneboliger"	"2014K2"	.	.
"4601 Bergen"	"Eneboliger"	"2014K3"	.	.
"4601 Bergen"	"Eneboliger"	"2014K4"	.	.
"4601 Bergen"	"Eneboliger"	"2015K1"	.	.
"4601 Bergen"	"Eneboliger"	"2015K2"	.	.
"4601 Bergen"	"Eneboliger"	"2015K3"	.	.
"4601 Bergen"	"Eneboliger"	"2015K4"	.	.
"4601 Bergen"	"Eneboliger"	"2016K1"	.	.
"4601 Bergen"	"Eneboliger"	"2016K2"	.	.
"4601 Bergen"	"Eneboliger"	"2016K3"	.	.
"4601 Bergen"	"Eneboliger"	"2016K4"	.	.
"4601 Bergen"	"Eneboliger"	"2017K1"	.	.
"4601 Bergen"	"Eneboliger"	"2017K2"	.	.
"4601 Bergen"	"Eneboliger"	"2017K3"	.	.
"4601 Bergen"	"Eneboliger"	"2017K4"	.	.
"4601 Bergen"	"Eneboliger"	"2018K1"	.	.
"4601 Bergen"	"Eneboliger"	"2018K2"	.	.
"4601 Bergen"	"Eneboliger"	"2018K3"	.	.
"4601 Bergen"	"Eneboliger"	"2018K4"	.	.
"4601 Bergen"	"Eneboliger"	"2019K1"	.	.
"4601 Bergen"	"Eneboliger"	"2019K2"	.	.
"4601 Bergen"	"Eneboliger"	"2019K3"	.	.
"4601 Bergen"	"Eneboliger"	"2019K4"	.	.
"4601 Bergen"	"Eneboliger"	"2020K1"	34721	153
"4601 Bergen"	"Eneboliger"	"2020K2"	35496	269
"4601 Bergen"	"Eneboliger"	"2020K3"	35787	224
"4601 Bergen"	"Eneboliger"	"2020K4"	35113	186
"4601 Bergen"	"Eneboliger"	"2021K1"	37141	158
"4601 Bergen"	"Eneboliger"	"2021K2"	38469	303
"4601 Bergen"	"Eneboliger"	"2021K3"	38238	190
"4601 Bergen"	"Eneboliger"	"2021K4"	37669	155
"4601 Bergen"	"Eneboliger"	"2022K1"	37973	149
"4601 Bergen"	"Eneboliger"	"2022K2"	39952	263
"4601 Bergen"	"Eneboliger"	"2022K3"	38983	207
"4601 Bergen"	"Eneboliger"	"2022K4"	38422	148
"4601 Bergen"	"Eneboliger"	"2023K1"	39554	164
"4601 Bergen"	"Eneboliger"	"2023K2"	40593	280
"4601 Bergen"	"Eneboliger"	"2023K3"	38719	181
"4601 Bergen"	"Småhus"	"2006K1"	.	.
"4601 Bergen"	"Småhus"	"2006K2"	.	.
"4601 Bergen"	"Småhus"	"2006K3"	.	.
"4601 Bergen"	"Småhus"	"2006K4"	.	.
"4601 Bergen"	"Småhus"	"2007K1"	.	.
"4601 Bergen"	"Småhus"	"2007K2"	.	.
"4601 Bergen"	"Småhus"	"2007K3"	.	.
"4601 Bergen"	"Småhus"	"2007K4"	.	.
"4601 Bergen"	"Småhus"	"2008K1"	.	.
"4601 Bergen"	"Småhus"	"2008K2"	.	.
"4601 Bergen"	"Småhus"	"2008K3"	.	.
"4601 Bergen"	"Småhus"	"2008K4"	.	.
"4601 Bergen"	"Småhus"	"2009K1"	.	.
"4601 Bergen"	"Småhus"	"2009K2"	.	.
"4601 Bergen"	"Småhus"	"2009K3"	.	.
"4601 Bergen"	"Småhus"	"2009K4"	.	.
"4601 Bergen"	"Småhus"	"2010K1"	.	.
"4601 Bergen"	"Småhus"	"2010K2"	.	.
"4601 Bergen"	"Småhus"	"2010K3"	.	.
"4601 Bergen"	"Småhus"	"2010K4"	.	.
"4601 Bergen"	"Småhus"	"2011K1"	.	.
"4601 Bergen"	"Småhus"	"2011K2"	.	.
"4601 Bergen"	"Småhus"	"2011K3"	.	.
"4601 Bergen"	"Småhus"	"2011K4"	.	.
"4601 Bergen"	"Småhus"	"2012K1"	.	.
"4601 Bergen"	"Småhus"	"2012K2"	.	.
"4601 Bergen"	"Småhus"	"2012K3"	.	.
"4601 Bergen"	"Småhus"	"2012K4"	.	.
"4601 Bergen"	"Småhus"	"2013K1"	.	.
"4601 Bergen"	"Småhus"	"2013K2"	.	.
"4601 Bergen"	"Småhus"	"2013K3"	.	.
"4601 Bergen"	"Småhus"	"2013K4"	.	.
"4601 Bergen"	"Småhus"	"2014K1"	.	.
"4601 Bergen"	"Småhus"	"2014K2"	.	.
"4601 Bergen"	"Småhus"	"2014K3"	.	.
"4601 Bergen"	"Småhus"	"2014K4"	.	.
"4601 Bergen"	"Småhus"	"2015K1"	.	.
"4601 Bergen"	"Småhus"	"2015K2"	.	.
"4601 Bergen"	"Småhus"	"2015K3"	.	.
"4601 Bergen"	"Småhus"	"2015K4"	.	.
"4601 Bergen"	"Småhus"	"2016K1"	.	.
"4601 Bergen"	"Småhus"	"2016K2"	.	.
"4601 Bergen"	"Småhus"	"2016K3"	.	.
"4601 Bergen"	"Småhus"	"2016K4"	.	.
"4601 Bergen"	"Småhus"	"2017K1"	.	.
"4601 Bergen"	"Småhus"	"2017K2"	.	.
"4601 Bergen"	"Småhus"	"2017K3"	.	.
"4601 Bergen"	"Småhus"	"2017K4"	.	.
"4601 Bergen"	"Småhus"	"2018K1"	.	.
"4601 Bergen"	"Småhus"	"2018K2"	.	.
"4601 Bergen"	"Småhus"	"2018K3"	.	.
"4601 Bergen"	"Småhus"	"2018K4"	.	.
"4601 Bergen"	"Småhus"	"2019K1"	.	.
"4601 Bergen"	"Småhus"	"2019K2"	.	.
"4601 Bergen"	"Småhus"	"2019K3"	.	.
"4601 Bergen"	"Småhus"	"2019K4"	.	.
"4601 Bergen"	"Småhus"	"2020K1"	34301	137
"4601 Bergen"	"Småhus"	"2020K2"	35252	216
"4601 Bergen"	"Småhus"	"2020K3"	35976	180
"4601 Bergen"	"Småhus"	"2020K4"	35368	138
"4601 Bergen"	"Småhus"	"2021K1"	37202	165
"4601 Bergen"	"Småhus"	"2021K2"	38749	229
"4601 Bergen"	"Småhus"	"2021K3"	40063	163
"4601 Bergen"	"Småhus"	"2021K4"	38858	144
"4601 Bergen"	"Småhus"	"2022K1"	40997	135
"4601 Bergen"	"Småhus"	"2022K2"	40427	202
"4601 Bergen"	"Småhus"	"2022K3"	40226	157
"4601 Bergen"	"Småhus"	"2022K4"	39382	124
"4601 Bergen"	"Småhus"	"2023K1"	39976	148
"4601 Bergen"	"Småhus"	"2023K2"	41667	217
"4601 Bergen"	"Småhus"	"2023K3"	38922	129
"4601 Bergen"	"Blokkleiligheter"	"2006K1"	.	.
"4601 Bergen"	"Blokkleiligheter"	"2006K2"	.	.
"4601 Bergen"	"Blokkleiligheter"	"2006K3"	.	.
"4601 Bergen"	"Blokkleiligheter"	"2006K4"	.	.
"4601 Bergen"	"Blokkleiligheter"	"2007K1"	.	.
"4601 Bergen"	"Blokkleiligheter"	"2007K2"	.	.
"4601 Bergen"	"Blokkleiligheter"	"2007K3"	.	.
"4601 Bergen"	"Blokkleiligheter"	"2007K4"	.	.
"4601 Bergen"	"Blokkleiligheter"	"2008K1"	.	.
"4601 Bergen"	"Blokkleiligheter"	"2008K2"	.	.
"4601 Bergen"	"Blokkleiligheter"	"2008K3"	.	.
"4601 Bergen"	"Blokkleiligheter"	"2008K4"	.	.
"4601 Bergen"	"Blokkleiligheter"	"2009K1"	.	.
"4601 Bergen"	"Blokkleiligheter"	"2009K2"	.	.
"4601 Bergen"	"Blokkleiligheter"	"2009K3"	.	.
"4601 Bergen"	"Blokkleiligheter"	"2009K4"	.	.
"4601 Bergen"	"Blokkleiligheter"	"2010K1"	.	.
"4601 Bergen"	"Blokkleiligheter"	"2010K2"	.	.
"4601 Bergen"	"Blokkleiligheter"	"2010K3"	.	.
"4601 Bergen"	"Blokkleiligheter"	"2010K4"	.	.
"4601 Bergen"	"Blokkleiligheter"	"2011K1"	.	.
"4601 Bergen"	"Blokkleiligheter"	"2011K2"	.	.
"4601 Bergen"	"Blokkleiligheter"	"2011K3"	.	.
"4601 Bergen"	"Blokkleiligheter"	"2011K4"	.	.
"4601 Bergen"	"Blokkleiligheter"	"2012K1"	.	.
"4601 Bergen"	"Blokkleiligheter"	"2012K2"	.	.
"4601 Bergen"	"Blokkleiligheter"	"2012K3"	.	.
"4601 Bergen"	"Blokkleiligheter"	"2012K4"	.	.
"4601 Bergen"	"Blokkleiligheter"	"2013K1"	.	.
"4601 Bergen"	"Blokkleiligheter"	"2013K2"	.	.
"4601 Bergen"	"Blokkleiligheter"	"2013K3"	.	.
"4601 Bergen"	"Blokkleiligheter"	"2013K4"	.	.
"4601 Bergen"	"Blokkleiligheter"	"2014K1"	.	.
"4601 Bergen"	"Blokkleiligheter"	"2014K2"	.	.
"4601 Bergen"	"Blokkleiligheter"	"2014K3"	.	.
"4601 Bergen"	"Blokkleiligheter"	"2014K4"	.	.
"4601 Bergen"	"Blokkleiligheter"	"2015K1"	.	.
"4601 Bergen"	"Blokkleiligheter"	"2015K2"	.	.
"4601 Bergen"	"Blokkleiligheter"	"2015K3"	.	.
"4601 Bergen"	"Blokkleiligheter"	"2015K4"	.	.
"4601 Bergen"	"Blokkleiligheter"	"2016K1"	.	.
"4601 Bergen"	"Blokkleiligheter"	"2016K2"	.	.
"4601 Bergen"	"Blokkleiligheter"	"2016K3"	.	.
"4601 Bergen"	"Blokkleiligheter"	"2016K4"	.	.
"4601 Bergen"	"Blokkleiligheter"	"2017K1"	.	.
"4601 Bergen"	"Blokkleiligheter"	"2017K2"	.	.
"4601 Bergen"	"Blokkleiligheter"	"2017K3"	.	.
"4601 Bergen"	"Blokkleiligheter"	"2017K4"	.	.
"4601 Bergen"	"Blokkleiligheter"	"2018K1"	.	.
"4601 Bergen"	"Blokkleiligheter"	"2018K2"	.	.
"4601 Bergen"	"Blokkleiligheter"	"2018K3"	.	.
"4601 Bergen"	"Blokkleiligheter"	"2018K4"	.	.
"4601 Bergen"	"Blokkleiligheter"	"2019K1"	.	.
"4601 Bergen"	"Blokkleiligheter"	"2019K2"	.	.
"4601 Bergen"	"Blokkleiligheter"	"2019K3"	.	.
"4601 Bergen"	"Blokkleiligheter"	"2019K4"	.	.
"4601 Bergen"	"Blokkleiligheter"	"2020K1"	52749	430
"4601 Bergen"	"Blokkleiligheter"	"2020K2"	54446	680
"4601 Bergen"	"Blokkleiligheter"	"2020K3"	56619	704
"4601 Bergen"	"Blokkleiligheter"	"2020K4"	54928	447
"4601 Bergen"	"Blokkleiligheter"	"2021K1"	58365	517
"4601 Bergen"	"Blokkleiligheter"	"2021K2"	60244	803
"4601 Bergen"	"Blokkleiligheter"	"2021K3"	59689	685
"4601 Bergen"	"Blokkleiligheter"	"2021K4"	58041	429
"4601 Bergen"	"Blokkleiligheter"	"2022K1"	61167	477
"4601 Bergen"	"Blokkleiligheter"	"2022K2"	63968	726
"4601 Bergen"	"Blokkleiligheter"	"2022K3"	63038	610
"4601 Bergen"	"Blokkleiligheter"	"2022K4"	58208	400
"4601 Bergen"	"Blokkleiligheter"	"2023K1"	62041	534
"4601 Bergen"	"Blokkleiligheter"	"2023K2"	64727	723
"4601 Bergen"	"Blokkleiligheter"	"2023K3"	62478	575
"4624 Bjørnafjorden"	"Eneboliger"	"2006K1"	.	.
"4624 Bjørnafjorden"	"Eneboliger"	"2006K2"	.	.
"4624 Bjørnafjorden"	"Eneboliger"	"2006K3"	.	.
"4624 Bjørnafjorden"	"Eneboliger"	"2006K4"	.	.
"4624 Bjørnafjorden"	"Eneboliger"	"2007K1"	.	.
"4624 Bjørnafjorden"	"Eneboliger"	"2007K2"	.	.
"4624 Bjørnafjorden"	"Eneboliger"	"2007K3"	.	.
"4624 Bjørnafjorden"	"Eneboliger"	"2007K4"	.	.
"4624 Bjørnafjorden"	"Eneboliger"	"2008K1"	.	.
"4624 Bjørnafjorden"	"Eneboliger"	"2008K2"	.	.
"4624 Bjørnafjorden"	"Eneboliger"	"2008K3"	.	.
"4624 Bjørnafjorden"	"Eneboliger"	"2008K4"	.	.
"4624 Bjørnafjorden"	"Eneboliger"	"2009K1"	.	.
"4624 Bjørnafjorden"	"Eneboliger"	"2009K2"	.	.
"4624 Bjørnafjorden"	"Eneboliger"	"2009K3"	.	.
"4624 Bjørnafjorden"	"Eneboliger"	"2009K4"	.	.
"4624 Bjørnafjorden"	"Eneboliger"	"2010K1"	.	.
"4624 Bjørnafjorden"	"Eneboliger"	"2010K2"	.	.
"4624 Bjørnafjorden"	"Eneboliger"	"2010K3"	.	.
"4624 Bjørnafjorden"	"Eneboliger"	"2010K4"	.	.
"4624 Bjørnafjorden"	"Eneboliger"	"2011K1"	.	.
"4624 Bjørnafjorden"	"Eneboliger"	"2011K2"	.	.
"4624 Bjørnafjorden"	"Eneboliger"	"2011K3"	.	.
"4624 Bjørnafjorden"	"Eneboliger"	"2011K4"	.	.
"4624 Bjørnafjorden"	"Eneboliger"	"2012K1"	.	.
"4624 Bjørnafjorden"	"Eneboliger"	"2012K2"	.	.
"4624 Bjørnafjorden"	"Eneboliger"	"2012K3"	.	.
"4624 Bjørnafjorden"	"Eneboliger"	"2012K4"	.	.
"4624 Bjørnafjorden"	"Eneboliger"	"2013K1"	.	.
"4624 Bjørnafjorden"	"Eneboliger"	"2013K2"	.	.
"4624 Bjørnafjorden"	"Eneboliger"	"2013K3"	.	.
"4624 Bjørnafjorden"	"Eneboliger"	"2013K4"	.	.
"4624 Bjørnafjorden"	"Eneboliger"	"2014K1"	.	.
"4624 Bjørnafjorden"	"Eneboliger"	"2014K2"	.	.
"4624 Bjørnafjorden"	"Eneboliger"	"2014K3"	.	.
"4624 Bjørnafjorden"	"Eneboliger"	"2014K4"	.	.
"4624 Bjørnafjorden"	"Eneboliger"	"2015K1"	.	.
"4624 Bjørnafjorden"	"Eneboliger"	"2015K2"	.	.
"4624 Bjørnafjorden"	"Eneboliger"	"2015K3"	.	.
"4624 Bjørnafjorden"	"Eneboliger"	"2015K4"	.	.
"4624 Bjørnafjorden"	"Eneboliger"	"2016K1"	.	.
"4624 Bjørnafjorden"	"Eneboliger"	"2016K2"	.	.
"4624 Bjørnafjorden"	"Eneboliger"	"2016K3"	.	.
"4624 Bjørnafjorden"	"Eneboliger"	"2016K4"	.	.
"4624 Bjørnafjorden"	"Eneboliger"	"2017K1"	.	.
"4624 Bjørnafjorden"	"Eneboliger"	"2017K2"	.	.
"4624 Bjørnafjorden"	"Eneboliger"	"2017K3"	.	.
"4624 Bjørnafjorden"	"Eneboliger"	"2017K4"	.	.
"4624 Bjørnafjorden"	"Eneboliger"	"2018K1"	.	.
"4624 Bjørnafjorden"	"Eneboliger"	"2018K2"	.	.
"4624 Bjørnafjorden"	"Eneboliger"	"2018K3"	.	.
"4624 Bjørnafjorden"	"Eneboliger"	"2018K4"	.	.
"4624 Bjørnafjorden"	"Eneboliger"	"2019K1"	.	.
"4624 Bjørnafjorden"	"Eneboliger"	"2019K2"	.	.
"4624 Bjørnafjorden"	"Eneboliger"	"2019K3"	.	.
"4624 Bjørnafjorden"	"Eneboliger"	"2019K4"	.	.
"4624 Bjørnafjorden"	"Eneboliger"	"2020K1"	24229	27
"4624 Bjørnafjorden"	"Eneboliger"	"2020K2"	27487	34
"4624 Bjørnafjorden"	"Eneboliger"	"2020K3"	24406	37
"4624 Bjørnafjorden"	"Eneboliger"	"2020K4"	23754	27
"4624 Bjørnafjorden"	"Eneboliger"	"2021K1"	27000	24
"4624 Bjørnafjorden"	"Eneboliger"	"2021K2"	26075	42
"4624 Bjørnafjorden"	"Eneboliger"	"2021K3"	28347	37
"4624 Bjørnafjorden"	"Eneboliger"	"2021K4"	25015	21
"4624 Bjørnafjorden"	"Eneboliger"	"2022K1"	29497	27
"4624 Bjørnafjorden"	"Eneboliger"	"2022K2"	31343	38
"4624 Bjørnafjorden"	"Eneboliger"	"2022K3"	25113	35
"4624 Bjørnafjorden"	"Eneboliger"	"2022K4"	31863	22
"4624 Bjørnafjorden"	"Eneboliger"	"2023K1"	28315	31
"4624 Bjørnafjorden"	"Eneboliger"	"2023K2"	29326	30
"4624 Bjørnafjorden"	"Eneboliger"	"2023K3"	33522	19
"4624 Bjørnafjorden"	"Småhus"	"2006K1"	.	.
"4624 Bjørnafjorden"	"Småhus"	"2006K2"	.	.
"4624 Bjørnafjorden"	"Småhus"	"2006K3"	.	.
"4624 Bjørnafjorden"	"Småhus"	"2006K4"	.	.
"4624 Bjørnafjorden"	"Småhus"	"2007K1"	.	.
"4624 Bjørnafjorden"	"Småhus"	"2007K2"	.	.
"4624 Bjørnafjorden"	"Småhus"	"2007K3"	.	.
"4624 Bjørnafjorden"	"Småhus"	"2007K4"	.	.
"4624 Bjørnafjorden"	"Småhus"	"2008K1"	.	.
"4624 Bjørnafjorden"	"Småhus"	"2008K2"	.	.
"4624 Bjørnafjorden"	"Småhus"	"2008K3"	.	.
"4624 Bjørnafjorden"	"Småhus"	"2008K4"	.	.
"4624 Bjørnafjorden"	"Småhus"	"2009K1"	.	.
"4624 Bjørnafjorden"	"Småhus"	"2009K2"	.	.
"4624 Bjørnafjorden"	"Småhus"	"2009K3"	.	.
"4624 Bjørnafjorden"	"Småhus"	"2009K4"	.	.
"4624 Bjørnafjorden"	"Småhus"	"2010K1"	.	.
"4624 Bjørnafjorden"	"Småhus"	"2010K2"	.	.
"4624 Bjørnafjorden"	"Småhus"	"2010K3"	.	.
"4624 Bjørnafjorden"	"Småhus"	"2010K4"	.	.
"4624 Bjørnafjorden"	"Småhus"	"2011K1"	.	.
"4624 Bjørnafjorden"	"Småhus"	"2011K2"	.	.
"4624 Bjørnafjorden"	"Småhus"	"2011K3"	.	.
"4624 Bjørnafjorden"	"Småhus"	"2011K4"	.	.
"4624 Bjørnafjorden"	"Småhus"	"2012K1"	.	.
"4624 Bjørnafjorden"	"Småhus"	"2012K2"	.	.
"4624 Bjørnafjorden"	"Småhus"	"2012K3"	.	.
"4624 Bjørnafjorden"	"Småhus"	"2012K4"	.	.
"4624 Bjørnafjorden"	"Småhus"	"2013K1"	.	.
"4624 Bjørnafjorden"	"Småhus"	"2013K2"	.	.
"4624 Bjørnafjorden"	"Småhus"	"2013K3"	.	.
"4624 Bjørnafjorden"	"Småhus"	"2013K4"	.	.
"4624 Bjørnafjorden"	"Småhus"	"2014K1"	.	.
"4624 Bjørnafjorden"	"Småhus"	"2014K2"	.	.
"4624 Bjørnafjorden"	"Småhus"	"2014K3"	.	.
"4624 Bjørnafjorden"	"Småhus"	"2014K4"	.	.
"4624 Bjørnafjorden"	"Småhus"	"2015K1"	.	.
"4624 Bjørnafjorden"	"Småhus"	"2015K2"	.	.
"4624 Bjørnafjorden"	"Småhus"	"2015K3"	.	.
"4624 Bjørnafjorden"	"Småhus"	"2015K4"	.	.
"4624 Bjørnafjorden"	"Småhus"	"2016K1"	.	.
"4624 Bjørnafjorden"	"Småhus"	"2016K2"	.	.
"4624 Bjørnafjorden"	"Småhus"	"2016K3"	.	.
"4624 Bjørnafjorden"	"Småhus"	"2016K4"	.	.
"4624 Bjørnafjorden"	"Småhus"	"2017K1"	.	.
"4624 Bjørnafjorden"	"Småhus"	"2017K2"	.	.
"4624 Bjørnafjorden"	"Småhus"	"2017K3"	.	.
"4624 Bjørnafjorden"	"Småhus"	"2017K4"	.	.
"4624 Bjørnafjorden"	"Småhus"	"2018K1"	.	.
"4624 Bjørnafjorden"	"Småhus"	"2018K2"	.	.
"4624 Bjørnafjorden"	"Småhus"	"2018K3"	.	.
"4624 Bjørnafjorden"	"Småhus"	"2018K4"	.	.
"4624 Bjørnafjorden"	"Småhus"	"2019K1"	.	.
"4624 Bjørnafjorden"	"Småhus"	"2019K2"	.	.
"4624 Bjørnafjorden"	"Småhus"	"2019K3"	.	.
"4624 Bjørnafjorden"	"Småhus"	"2019K4"	.	.
"4624 Bjørnafjorden"	"Småhus"	"2020K1"	25717	10
"4624 Bjørnafjorden"	"Småhus"	"2020K2"	28028	14
"4624 Bjørnafjorden"	"Småhus"	"2020K3"	29942	16
"4624 Bjørnafjorden"	"Småhus"	"2020K4"	28750	22
"4624 Bjørnafjorden"	"Småhus"	"2021K1"	30221	22
"4624 Bjørnafjorden"	"Småhus"	"2021K2"	30289	23
"4624 Bjørnafjorden"	"Småhus"	"2021K3"	32730	15
"4624 Bjørnafjorden"	"Småhus"	"2021K4"	31054	15
"4624 Bjørnafjorden"	"Småhus"	"2022K1"	33691	16
"4624 Bjørnafjorden"	"Småhus"	"2022K2"	32840	21
"4624 Bjørnafjorden"	"Småhus"	"2022K3"	33639	13
"4624 Bjørnafjorden"	"Småhus"	"2022K4"	33389	22
"4624 Bjørnafjorden"	"Småhus"	"2023K1"	..	8
"4624 Bjørnafjorden"	"Småhus"	"2023K2"	35338	13
"4624 Bjørnafjorden"	"Småhus"	"2023K3"	33887	13
"4624 Bjørnafjorden"	"Blokkleiligheter"	"2006K1"	.	.
"4624 Bjørnafjorden"	"Blokkleiligheter"	"2006K2"	.	.
"4624 Bjørnafjorden"	"Blokkleiligheter"	"2006K3"	.	.
"4624 Bjørnafjorden"	"Blokkleiligheter"	"2006K4"	.	.
"4624 Bjørnafjorden"	"Blokkleiligheter"	"2007K1"	.	.
"4624 Bjørnafjorden"	"Blokkleiligheter"	"2007K2"	.	.
"4624 Bjørnafjorden"	"Blokkleiligheter"	"2007K3"	.	.
"4624 Bjørnafjorden"	"Blokkleiligheter"	"2007K4"	.	.
"4624 Bjørnafjorden"	"Blokkleiligheter"	"2008K1"	.	.
"4624 Bjørnafjorden"	"Blokkleiligheter"	"2008K2"	.	.
"4624 Bjørnafjorden"	"Blokkleiligheter"	"2008K3"	.	.
"4624 Bjørnafjorden"	"Blokkleiligheter"	"2008K4"	.	.
"4624 Bjørnafjorden"	"Blokkleiligheter"	"2009K1"	.	.
"4624 Bjørnafjorden"	"Blokkleiligheter"	"2009K2"	.	.
"4624 Bjørnafjorden"	"Blokkleiligheter"	"2009K3"	.	.
"4624 Bjørnafjorden"	"Blokkleiligheter"	"2009K4"	.	.
"4624 Bjørnafjorden"	"Blokkleiligheter"	"2010K1"	.	.
"4624 Bjørnafjorden"	"Blokkleiligheter"	"2010K2"	.	.
"4624 Bjørnafjorden"	"Blokkleiligheter"	"2010K3"	.	.
"4624 Bjørnafjorden"	"Blokkleiligheter"	"2010K4"	.	.
"4624 Bjørnafjorden"	"Blokkleiligheter"	"2011K1"	.	.
"4624 Bjørnafjorden"	"Blokkleiligheter"	"2011K2"	.	.
"4624 Bjørnafjorden"	"Blokkleiligheter"	"2011K3"	.	.
"4624 Bjørnafjorden"	"Blokkleiligheter"	"2011K4"	.	.
"4624 Bjørnafjorden"	"Blokkleiligheter"	"2012K1"	.	.
"4624 Bjørnafjorden"	"Blokkleiligheter"	"2012K2"	.	.
"4624 Bjørnafjorden"	"Blokkleiligheter"	"2012K3"	.	.
"4624 Bjørnafjorden"	"Blokkleiligheter"	"2012K4"	.	.
"4624 Bjørnafjorden"	"Blokkleiligheter"	"2013K1"	.	.
"4624 Bjørnafjorden"	"Blokkleiligheter"	"2013K2"	.	.
"4624 Bjørnafjorden"	"Blokkleiligheter"	"2013K3"	.	.
"4624 Bjørnafjorden"	"Blokkleiligheter"	"2013K4"	.	.
"4624 Bjørnafjorden"	"Blokkleiligheter"	"2014K1"	.	.
"4624 Bjørnafjorden"	"Blokkleiligheter"	"2014K2"	.	.
"4624 Bjørnafjorden"	"Blokkleiligheter"	"2014K3"	.	.
"4624 Bjørnafjorden"	"Blokkleiligheter"	"2014K4"	.	.
"4624 Bjørnafjorden"	"Blokkleiligheter"	"2015K1"	.	.
"4624 Bjørnafjorden"	"Blokkleiligheter"	"2015K2"	.	.
"4624 Bjørnafjorden"	"Blokkleiligheter"	"2015K3"	.	.
"4624 Bjørnafjorden"	"Blokkleiligheter"	"2015K4"	.	.
"4624 Bjørnafjorden"	"Blokkleiligheter"	"2016K1"	.	.
"4624 Bjørnafjorden"	"Blokkleiligheter"	"2016K2"	.	.
"4624 Bjørnafjorden"	"Blokkleiligheter"	"2016K3"	.	.
"4624 Bjørnafjorden"	"Blokkleiligheter"	"2016K4"	.	.
"4624 Bjørnafjorden"	"Blokkleiligheter"	"2017K1"	.	.
"4624 Bjørnafjorden"	"Blokkleiligheter"	"2017K2"	.	.
"4624 Bjørnafjorden"	"Blokkleiligheter"	"2017K3"	.	.
"4624 Bjørnafjorden"	"Blokkleiligheter"	"2017K4"	.	.
"4624 Bjørnafjorden"	"Blokkleiligheter"	"2018K1"	.	.
"4624 Bjørnafjorden"	"Blokkleiligheter"	"2018K2"	.	.
"4624 Bjørnafjorden"	"Blokkleiligheter"	"2018K3"	.	.
"4624 Bjørnafjorden"	"Blokkleiligheter"	"2018K4"	.	.
"4624 Bjørnafjorden"	"Blokkleiligheter"	"2019K1"	.	.
"4624 Bjørnafjorden"	"Blokkleiligheter"	"2019K2"	.	.
"4624 Bjørnafjorden"	"Blokkleiligheter"	"2019K3"	.	.
"4624 Bjørnafjorden"	"Blokkleiligheter"	"2019K4"	.	.
"4624 Bjørnafjorden"	"Blokkleiligheter"	"2020K1"	36358	19
"4624 Bjørnafjorden"	"Blokkleiligheter"	"2020K2"	39271	30
"4624 Bjørnafjorden"	"Blokkleiligheter"	"2020K3"	37290	37
"4624 Bjørnafjorden"	"Blokkleiligheter"	"2020K4"	39539	27
"4624 Bjørnafjorden"	"Blokkleiligheter"	"2021K1"	41319	31
"4624 Bjørnafjorden"	"Blokkleiligheter"	"2021K2"	39043	35
"4624 Bjørnafjorden"	"Blokkleiligheter"	"2021K3"	43555	31
"4624 Bjørnafjorden"	"Blokkleiligheter"	"2021K4"	47389	19
"4624 Bjørnafjorden"	"Blokkleiligheter"	"2022K1"	44084	38
"4624 Bjørnafjorden"	"Blokkleiligheter"	"2022K2"	42596	35
"4624 Bjørnafjorden"	"Blokkleiligheter"	"2022K3"	48050	22
"4624 Bjørnafjorden"	"Blokkleiligheter"	"2022K4"	43646	23
"4624 Bjørnafjorden"	"Blokkleiligheter"	"2023K1"	45079	31
"4624 Bjørnafjorden"	"Blokkleiligheter"	"2023K2"	44815	38
"4624 Bjørnafjorden"	"Blokkleiligheter"	"2023K3"	46878	32
"4626 Øygarden"	"Eneboliger"	"2006K1"	.	.
"4626 Øygarden"	"Eneboliger"	"2006K2"	.	.
"4626 Øygarden"	"Eneboliger"	"2006K3"	.	.
"4626 Øygarden"	"Eneboliger"	"2006K4"	.	.
"4626 Øygarden"	"Eneboliger"	"2007K1"	.	.
"4626 Øygarden"	"Eneboliger"	"2007K2"	.	.
"4626 Øygarden"	"Eneboliger"	"2007K3"	.	.
"4626 Øygarden"	"Eneboliger"	"2007K4"	.	.
"4626 Øygarden"	"Eneboliger"	"2008K1"	.	.
"4626 Øygarden"	"Eneboliger"	"2008K2"	.	.
"4626 Øygarden"	"Eneboliger"	"2008K3"	.	.
"4626 Øygarden"	"Eneboliger"	"2008K4"	.	.
"4626 Øygarden"	"Eneboliger"	"2009K1"	.	.
"4626 Øygarden"	"Eneboliger"	"2009K2"	.	.
"4626 Øygarden"	"Eneboliger"	"2009K3"	.	.
"4626 Øygarden"	"Eneboliger"	"2009K4"	.	.
"4626 Øygarden"	"Eneboliger"	"2010K1"	.	.
"4626 Øygarden"	"Eneboliger"	"2010K2"	.	.
"4626 Øygarden"	"Eneboliger"	"2010K3"	.	.
"4626 Øygarden"	"Eneboliger"	"2010K4"	.	.
"4626 Øygarden"	"Eneboliger"	"2011K1"	.	.
"4626 Øygarden"	"Eneboliger"	"2011K2"	.	.
"4626 Øygarden"	"Eneboliger"	"2011K3"	.	.
"4626 Øygarden"	"Eneboliger"	"2011K4"	.	.
"4626 Øygarden"	"Eneboliger"	"2012K1"	.	.
"4626 Øygarden"	"Eneboliger"	"2012K2"	.	.
"4626 Øygarden"	"Eneboliger"	"2012K3"	.	.
"4626 Øygarden"	"Eneboliger"	"2012K4"	.	.
"4626 Øygarden"	"Eneboliger"	"2013K1"	.	.
"4626 Øygarden"	"Eneboliger"	"2013K2"	.	.
"4626 Øygarden"	"Eneboliger"	"2013K3"	.	.
"4626 Øygarden"	"Eneboliger"	"2013K4"	.	.
"4626 Øygarden"	"Eneboliger"	"2014K1"	.	.
"4626 Øygarden"	"Eneboliger"	"2014K2"	.	.
"4626 Øygarden"	"Eneboliger"	"2014K3"	.	.
"4626 Øygarden"	"Eneboliger"	"2014K4"	.	.
"4626 Øygarden"	"Eneboliger"	"2015K1"	.	.
"4626 Øygarden"	"Eneboliger"	"2015K2"	.	.
"4626 Øygarden"	"Eneboliger"	"2015K3"	.	.
"4626 Øygarden"	"Eneboliger"	"2015K4"	.	.
"4626 Øygarden"	"Eneboliger"	"2016K1"	.	.
"4626 Øygarden"	"Eneboliger"	"2016K2"	.	.
"4626 Øygarden"	"Eneboliger"	"2016K3"	.	.
"4626 Øygarden"	"Eneboliger"	"2016K4"	.	.
"4626 Øygarden"	"Eneboliger"	"2017K1"	.	.
"4626 Øygarden"	"Eneboliger"	"2017K2"	.	.
"4626 Øygarden"	"Eneboliger"	"2017K3"	.	.
"4626 Øygarden"	"Eneboliger"	"2017K4"	.	.
"4626 Øygarden"	"Eneboliger"	"2018K1"	.	.
"4626 Øygarden"	"Eneboliger"	"2018K2"	.	.
"4626 Øygarden"	"Eneboliger"	"2018K3"	.	.
"4626 Øygarden"	"Eneboliger"	"2018K4"	.	.
"4626 Øygarden"	"Eneboliger"	"2019K1"	.	.
"4626 Øygarden"	"Eneboliger"	"2019K2"	.	.
"4626 Øygarden"	"Eneboliger"	"2019K3"	.	.
"4626 Øygarden"	"Eneboliger"	"2019K4"	.	.
"4626 Øygarden"	"Eneboliger"	"2020K1"	23960	54
"4626 Øygarden"	"Eneboliger"	"2020K2"	24315	76
"4626 Øygarden"	"Eneboliger"	"2020K3"	23974	61
"4626 Øygarden"	"Eneboliger"	"2020K4"	22988	46
"4626 Øygarden"	"Eneboliger"	"2021K1"	24920	57
"4626 Øygarden"	"Eneboliger"	"2021K2"	25967	84
"4626 Øygarden"	"Eneboliger"	"2021K3"	25283	74
"4626 Øygarden"	"Eneboliger"	"2021K4"	26320	42
"4626 Øygarden"	"Eneboliger"	"2022K1"	26471	32
"4626 Øygarden"	"Eneboliger"	"2022K2"	27308	71
"4626 Øygarden"	"Eneboliger"	"2022K3"	26458	51
"4626 Øygarden"	"Eneboliger"	"2022K4"	25269	48
"4626 Øygarden"	"Eneboliger"	"2023K1"	26908	33
"4626 Øygarden"	"Eneboliger"	"2023K2"	28000	72
"4626 Øygarden"	"Eneboliger"	"2023K3"	28301	61
"4626 Øygarden"	"Småhus"	"2006K1"	.	.
"4626 Øygarden"	"Småhus"	"2006K2"	.	.
"4626 Øygarden"	"Småhus"	"2006K3"	.	.
"4626 Øygarden"	"Småhus"	"2006K4"	.	.
"4626 Øygarden"	"Småhus"	"2007K1"	.	.
"4626 Øygarden"	"Småhus"	"2007K2"	.	.
"4626 Øygarden"	"Småhus"	"2007K3"	.	.
"4626 Øygarden"	"Småhus"	"2007K4"	.	.
"4626 Øygarden"	"Småhus"	"2008K1"	.	.
"4626 Øygarden"	"Småhus"	"2008K2"	.	.
"4626 Øygarden"	"Småhus"	"2008K3"	.	.
"4626 Øygarden"	"Småhus"	"2008K4"	.	.
"4626 Øygarden"	"Småhus"	"2009K1"	.	.
"4626 Øygarden"	"Småhus"	"2009K2"	.	.
"4626 Øygarden"	"Småhus"	"2009K3"	.	.
"4626 Øygarden"	"Småhus"	"2009K4"	.	.
"4626 Øygarden"	"Småhus"	"2010K1"	.	.
"4626 Øygarden"	"Småhus"	"2010K2"	.	.
"4626 Øygarden"	"Småhus"	"2010K3"	.	.
"4626 Øygarden"	"Småhus"	"2010K4"	.	.
"4626 Øygarden"	"Småhus"	"2011K1"	.	.
"4626 Øygarden"	"Småhus"	"2011K2"	.	.
"4626 Øygarden"	"Småhus"	"2011K3"	.	.
"4626 Øygarden"	"Småhus"	"2011K4"	.	.
"4626 Øygarden"	"Småhus"	"2012K1"	.	.
"4626 Øygarden"	"Småhus"	"2012K2"	.	.
"4626 Øygarden"	"Småhus"	"2012K3"	.	.
"4626 Øygarden"	"Småhus"	"2012K4"	.	.
"4626 Øygarden"	"Småhus"	"2013K1"	.	.
"4626 Øygarden"	"Småhus"	"2013K2"	.	.
"4626 Øygarden"	"Småhus"	"2013K3"	.	.
"4626 Øygarden"	"Småhus"	"2013K4"	.	.
"4626 Øygarden"	"Småhus"	"2014K1"	.	.
"4626 Øygarden"	"Småhus"	"2014K2"	.	.
"4626 Øygarden"	"Småhus"	"2014K3"	.	.
"4626 Øygarden"	"Småhus"	"2014K4"	.	.
"4626 Øygarden"	"Småhus"	"2015K1"	.	.
"4626 Øygarden"	"Småhus"	"2015K2"	.	.
"4626 Øygarden"	"Småhus"	"2015K3"	.	.
"4626 Øygarden"	"Småhus"	"2015K4"	.	.
"4626 Øygarden"	"Småhus"	"2016K1"	.	.
"4626 Øygarden"	"Småhus"	"2016K2"	.	.
"4626 Øygarden"	"Småhus"	"2016K3"	.	.
"4626 Øygarden"	"Småhus"	"2016K4"	.	.
"4626 Øygarden"	"Småhus"	"2017K1"	.	.
"4626 Øygarden"	"Småhus"	"2017K2"	.	.
"4626 Øygarden"	"Småhus"	"2017K3"	.	.
"4626 Øygarden"	"Småhus"	"2017K4"	.	.
"4626 Øygarden"	"Småhus"	"2018K1"	.	.
"4626 Øygarden"	"Småhus"	"2018K2"	.	.
"4626 Øygarden"	"Småhus"	"2018K3"	.	.
"4626 Øygarden"	"Småhus"	"2018K4"	.	.
"4626 Øygarden"	"Småhus"	"2019K1"	.	.
"4626 Øygarden"	"Småhus"	"2019K2"	.	.
"4626 Øygarden"	"Småhus"	"2019K3"	.	.
"4626 Øygarden"	"Småhus"	"2019K4"	.	.
"4626 Øygarden"	"Småhus"	"2020K1"	26123	22
"4626 Øygarden"	"Småhus"	"2020K2"	26254	26
"4626 Øygarden"	"Småhus"	"2020K3"	26361	20
"4626 Øygarden"	"Småhus"	"2020K4"	25558	12
"4626 Øygarden"	"Småhus"	"2021K1"	28082	18
"4626 Øygarden"	"Småhus"	"2021K2"	29235	28
"4626 Øygarden"	"Småhus"	"2021K3"	27297	19
"4626 Øygarden"	"Småhus"	"2021K4"	28336	21
"4626 Øygarden"	"Småhus"	"2022K1"	31628	33
"4626 Øygarden"	"Småhus"	"2022K2"	30299	23
"4626 Øygarden"	"Småhus"	"2022K3"	32175	20
"4626 Øygarden"	"Småhus"	"2022K4"	31703	13
"4626 Øygarden"	"Småhus"	"2023K1"	33177	18
"4626 Øygarden"	"Småhus"	"2023K2"	29073	25
"4626 Øygarden"	"Småhus"	"2023K3"	33595	18
"4626 Øygarden"	"Blokkleiligheter"	"2006K1"	.	.
"4626 Øygarden"	"Blokkleiligheter"	"2006K2"	.	.
"4626 Øygarden"	"Blokkleiligheter"	"2006K3"	.	.
"4626 Øygarden"	"Blokkleiligheter"	"2006K4"	.	.
"4626 Øygarden"	"Blokkleiligheter"	"2007K1"	.	.
"4626 Øygarden"	"Blokkleiligheter"	"2007K2"	.	.
"4626 Øygarden"	"Blokkleiligheter"	"2007K3"	.	.
"4626 Øygarden"	"Blokkleiligheter"	"2007K4"	.	.
"4626 Øygarden"	"Blokkleiligheter"	"2008K1"	.	.
"4626 Øygarden"	"Blokkleiligheter"	"2008K2"	.	.
"4626 Øygarden"	"Blokkleiligheter"	"2008K3"	.	.
"4626 Øygarden"	"Blokkleiligheter"	"2008K4"	.	.
"4626 Øygarden"	"Blokkleiligheter"	"2009K1"	.	.
"4626 Øygarden"	"Blokkleiligheter"	"2009K2"	.	.
"4626 Øygarden"	"Blokkleiligheter"	"2009K3"	.	.
"4626 Øygarden"	"Blokkleiligheter"	"2009K4"	.	.
"4626 Øygarden"	"Blokkleiligheter"	"2010K1"	.	.
"4626 Øygarden"	"Blokkleiligheter"	"2010K2"	.	.
"4626 Øygarden"	"Blokkleiligheter"	"2010K3"	.	.
"4626 Øygarden"	"Blokkleiligheter"	"2010K4"	.	.
"4626 Øygarden"	"Blokkleiligheter"	"2011K1"	.	.
"4626 Øygarden"	"Blokkleiligheter"	"2011K2"	.	.
"4626 Øygarden"	"Blokkleiligheter"	"2011K3"	.	.
"4626 Øygarden"	"Blokkleiligheter"	"2011K4"	.	.
"4626 Øygarden"	"Blokkleiligheter"	"2012K1"	.	.
"4626 Øygarden"	"Blokkleiligheter"	"2012K2"	.	.
"4626 Øygarden"	"Blokkleiligheter"	"2012K3"	.	.
"4626 Øygarden"	"Blokkleiligheter"	"2012K4"	.	.
"4626 Øygarden"	"Blokkleiligheter"	"2013K1"	.	.
"4626 Øygarden"	"Blokkleiligheter"	"2013K2"	.	.
"4626 Øygarden"	"Blokkleiligheter"	"2013K3"	.	.
"4626 Øygarden"	"Blokkleiligheter"	"2013K4"	.	.
"4626 Øygarden"	"Blokkleiligheter"	"2014K1"	.	.
"4626 Øygarden"	"Blokkleiligheter"	"2014K2"	.	.
"4626 Øygarden"	"Blokkleiligheter"	"2014K3"	.	.
"4626 Øygarden"	"Blokkleiligheter"	"2014K4"	.	.
"4626 Øygarden"	"Blokkleiligheter"	"2015K1"	.	.
"4626 Øygarden"	"Blokkleiligheter"	"2015K2"	.	.
"4626 Øygarden"	"Blokkleiligheter"	"2015K3"	.	.
"4626 Øygarden"	"Blokkleiligheter"	"2015K4"	.	.
"4626 Øygarden"	"Blokkleiligheter"	"2016K1"	.	.
"4626 Øygarden"	"Blokkleiligheter"	"2016K2"	.	.
"4626 Øygarden"	"Blokkleiligheter"	"2016K3"	.	.
"4626 Øygarden"	"Blokkleiligheter"	"2016K4"	.	.
"4626 Øygarden"	"Blokkleiligheter"	"2017K1"	.	.
"4626 Øygarden"	"Blokkleiligheter"	"2017K2"	.	.
"4626 Øygarden"	"Blokkleiligheter"	"2017K3"	.	.
"4626 Øygarden"	"Blokkleiligheter"	"2017K4"	.	.
"4626 Øygarden"	"Blokkleiligheter"	"2018K1"	.	.
"4626 Øygarden"	"Blokkleiligheter"	"2018K2"	.	.
"4626 Øygarden"	"Blokkleiligheter"	"2018K3"	.	.
"4626 Øygarden"	"Blokkleiligheter"	"2018K4"	.	.
"4626 Øygarden"	"Blokkleiligheter"	"2019K1"	.	.
"4626 Øygarden"	"Blokkleiligheter"	"2019K2"	.	.
"4626 Øygarden"	"Blokkleiligheter"	"2019K3"	.	.
"4626 Øygarden"	"Blokkleiligheter"	"2019K4"	.	.
"4626 Øygarden"	"Blokkleiligheter"	"2020K1"	37530	32
"4626 Øygarden"	"Blokkleiligheter"	"2020K2"	37994	48
"4626 Øygarden"	"Blokkleiligheter"	"2020K3"	35696	46
"4626 Øygarden"	"Blokkleiligheter"	"2020K4"	37193	34
"4626 Øygarden"	"Blokkleiligheter"	"2021K1"	39891	44
"4626 Øygarden"	"Blokkleiligheter"	"2021K2"	38696	35
"4626 Øygarden"	"Blokkleiligheter"	"2021K3"	39679	47
"4626 Øygarden"	"Blokkleiligheter"	"2021K4"	39309	39
"4626 Øygarden"	"Blokkleiligheter"	"2022K1"	39833	30
"4626 Øygarden"	"Blokkleiligheter"	"2022K2"	42712	46
"4626 Øygarden"	"Blokkleiligheter"	"2022K3"	39848	41
"4626 Øygarden"	"Blokkleiligheter"	"2022K4"	43025	29
"4626 Øygarden"	"Blokkleiligheter"	"2023K1"	39444	28
"4626 Øygarden"	"Blokkleiligheter"	"2023K2"	43163	37
"4626 Øygarden"	"Blokkleiligheter"	"2023K3"	41327	39
"4627 Askøy"	"Eneboliger"	"2006K1"	.	.
"4627 Askøy"	"Eneboliger"	"2006K2"	.	.
"4627 Askøy"	"Eneboliger"	"2006K3"	.	.
"4627 Askøy"	"Eneboliger"	"2006K4"	.	.
"4627 Askøy"	"Eneboliger"	"2007K1"	.	.
"4627 Askøy"	"Eneboliger"	"2007K2"	.	.
"4627 Askøy"	"Eneboliger"	"2007K3"	.	.
"4627 Askøy"	"Eneboliger"	"2007K4"	.	.
"4627 Askøy"	"Eneboliger"	"2008K1"	.	.
"4627 Askøy"	"Eneboliger"	"2008K2"	.	.
"4627 Askøy"	"Eneboliger"	"2008K3"	.	.
"4627 Askøy"	"Eneboliger"	"2008K4"	.	.
"4627 Askøy"	"Eneboliger"	"2009K1"	.	.
"4627 Askøy"	"Eneboliger"	"2009K2"	.	.
"4627 Askøy"	"Eneboliger"	"2009K3"	.	.
"4627 Askøy"	"Eneboliger"	"2009K4"	.	.
"4627 Askøy"	"Eneboliger"	"2010K1"	.	.
"4627 Askøy"	"Eneboliger"	"2010K2"	.	.
"4627 Askøy"	"Eneboliger"	"2010K3"	.	.
"4627 Askøy"	"Eneboliger"	"2010K4"	.	.
"4627 Askøy"	"Eneboliger"	"2011K1"	.	.
"4627 Askøy"	"Eneboliger"	"2011K2"	.	.
"4627 Askøy"	"Eneboliger"	"2011K3"	.	.
"4627 Askøy"	"Eneboliger"	"2011K4"	.	.
"4627 Askøy"	"Eneboliger"	"2012K1"	.	.
"4627 Askøy"	"Eneboliger"	"2012K2"	.	.
"4627 Askøy"	"Eneboliger"	"2012K3"	.	.
"4627 Askøy"	"Eneboliger"	"2012K4"	.	.
"4627 Askøy"	"Eneboliger"	"2013K1"	.	.
"4627 Askøy"	"Eneboliger"	"2013K2"	.	.
"4627 Askøy"	"Eneboliger"	"2013K3"	.	.
"4627 Askøy"	"Eneboliger"	"2013K4"	.	.
"4627 Askøy"	"Eneboliger"	"2014K1"	.	.
"4627 Askøy"	"Eneboliger"	"2014K2"	.	.
"4627 Askøy"	"Eneboliger"	"2014K3"	.	.
"4627 Askøy"	"Eneboliger"	"2014K4"	.	.
"4627 Askøy"	"Eneboliger"	"2015K1"	.	.
"4627 Askøy"	"Eneboliger"	"2015K2"	.	.
"4627 Askøy"	"Eneboliger"	"2015K3"	.	.
"4627 Askøy"	"Eneboliger"	"2015K4"	.	.
"4627 Askøy"	"Eneboliger"	"2016K1"	.	.
"4627 Askøy"	"Eneboliger"	"2016K2"	.	.
"4627 Askøy"	"Eneboliger"	"2016K3"	.	.
"4627 Askøy"	"Eneboliger"	"2016K4"	.	.
"4627 Askøy"	"Eneboliger"	"2017K1"	.	.
"4627 Askøy"	"Eneboliger"	"2017K2"	.	.
"4627 Askøy"	"Eneboliger"	"2017K3"	.	.
"4627 Askøy"	"Eneboliger"	"2017K4"	.	.
"4627 Askøy"	"Eneboliger"	"2018K1"	.	.
"4627 Askøy"	"Eneboliger"	"2018K2"	.	.
"4627 Askøy"	"Eneboliger"	"2018K3"	.	.
"4627 Askøy"	"Eneboliger"	"2018K4"	.	.
"4627 Askøy"	"Eneboliger"	"2019K1"	.	.
"4627 Askøy"	"Eneboliger"	"2019K2"	.	.
"4627 Askøy"	"Eneboliger"	"2019K3"	.	.
"4627 Askøy"	"Eneboliger"	"2019K4"	.	.
"4627 Askøy"	"Eneboliger"	"2020K1"	24503	29
"4627 Askøy"	"Eneboliger"	"2020K2"	26705	52
"4627 Askøy"	"Eneboliger"	"2020K3"	27140	44
"4627 Askøy"	"Eneboliger"	"2020K4"	25446	41
"4627 Askøy"	"Eneboliger"	"2021K1"	28806	39
"4627 Askøy"	"Eneboliger"	"2021K2"	27828	55
"4627 Askøy"	"Eneboliger"	"2021K3"	28917	38
"4627 Askøy"	"Eneboliger"	"2021K4"	28424	38
"4627 Askøy"	"Eneboliger"	"2022K1"	27830	25
"4627 Askøy"	"Eneboliger"	"2022K2"	30114	49
"4627 Askøy"	"Eneboliger"	"2022K3"	30666	30
"4627 Askøy"	"Eneboliger"	"2022K4"	25679	25
"4627 Askøy"	"Eneboliger"	"2023K1"	27278	36
"4627 Askøy"	"Eneboliger"	"2023K2"	30205	55
"4627 Askøy"	"Eneboliger"	"2023K3"	30691	51
"4627 Askøy"	"Småhus"	"2006K1"	.	.
"4627 Askøy"	"Småhus"	"2006K2"	.	.
"4627 Askøy"	"Småhus"	"2006K3"	.	.
"4627 Askøy"	"Småhus"	"2006K4"	.	.
"4627 Askøy"	"Småhus"	"2007K1"	.	.
"4627 Askøy"	"Småhus"	"2007K2"	.	.
"4627 Askøy"	"Småhus"	"2007K3"	.	.
"4627 Askøy"	"Småhus"	"2007K4"	.	.
"4627 Askøy"	"Småhus"	"2008K1"	.	.
"4627 Askøy"	"Småhus"	"2008K2"	.	.
"4627 Askøy"	"Småhus"	"2008K3"	.	.
"4627 Askøy"	"Småhus"	"2008K4"	.	.
"4627 Askøy"	"Småhus"	"2009K1"	.	.
"4627 Askøy"	"Småhus"	"2009K2"	.	.
"4627 Askøy"	"Småhus"	"2009K3"	.	.
"4627 Askøy"	"Småhus"	"2009K4"	.	.
"4627 Askøy"	"Småhus"	"2010K1"	.	.
"4627 Askøy"	"Småhus"	"2010K2"	.	.
"4627 Askøy"	"Småhus"	"2010K3"	.	.
"4627 Askøy"	"Småhus"	"2010K4"	.	.
"4627 Askøy"	"Småhus"	"2011K1"	.	.
"4627 Askøy"	"Småhus"	"2011K2"	.	.
"4627 Askøy"	"Småhus"	"2011K3"	.	.
"4627 Askøy"	"Småhus"	"2011K4"	.	.
"4627 Askøy"	"Småhus"	"2012K1"	.	.
"4627 Askøy"	"Småhus"	"2012K2"	.	.
"4627 Askøy"	"Småhus"	"2012K3"	.	.
"4627 Askøy"	"Småhus"	"2012K4"	.	.
"4627 Askøy"	"Småhus"	"2013K1"	.	.
"4627 Askøy"	"Småhus"	"2013K2"	.	.
"4627 Askøy"	"Småhus"	"2013K3"	.	.
"4627 Askøy"	"Småhus"	"2013K4"	.	.
"4627 Askøy"	"Småhus"	"2014K1"	.	.
"4627 Askøy"	"Småhus"	"2014K2"	.	.
"4627 Askøy"	"Småhus"	"2014K3"	.	.
"4627 Askøy"	"Småhus"	"2014K4"	.	.
"4627 Askøy"	"Småhus"	"2015K1"	.	.
"4627 Askøy"	"Småhus"	"2015K2"	.	.
"4627 Askøy"	"Småhus"	"2015K3"	.	.
"4627 Askøy"	"Småhus"	"2015K4"	.	.
"4627 Askøy"	"Småhus"	"2016K1"	.	.
"4627 Askøy"	"Småhus"	"2016K2"	.	.
"4627 Askøy"	"Småhus"	"2016K3"	.	.
"4627 Askøy"	"Småhus"	"2016K4"	.	.
"4627 Askøy"	"Småhus"	"2017K1"	.	.
"4627 Askøy"	"Småhus"	"2017K2"	.	.
"4627 Askøy"	"Småhus"	"2017K3"	.	.
"4627 Askøy"	"Småhus"	"2017K4"	.	.
"4627 Askøy"	"Småhus"	"2018K1"	.	.
"4627 Askøy"	"Småhus"	"2018K2"	.	.
"4627 Askøy"	"Småhus"	"2018K3"	.	.
"4627 Askøy"	"Småhus"	"2018K4"	.	.
"4627 Askøy"	"Småhus"	"2019K1"	.	.
"4627 Askøy"	"Småhus"	"2019K2"	.	.
"4627 Askøy"	"Småhus"	"2019K3"	.	.
"4627 Askøy"	"Småhus"	"2019K4"	.	.
"4627 Askøy"	"Småhus"	"2020K1"	27746	32
"4627 Askøy"	"Småhus"	"2020K2"	28086	28
"4627 Askøy"	"Småhus"	"2020K3"	27173	31
"4627 Askøy"	"Småhus"	"2020K4"	28866	18
"4627 Askøy"	"Småhus"	"2021K1"	30408	16
"4627 Askøy"	"Småhus"	"2021K2"	30827	26
"4627 Askøy"	"Småhus"	"2021K3"	31020	13
"4627 Askøy"	"Småhus"	"2021K4"	31140	23
"4627 Askøy"	"Småhus"	"2022K1"	33414	21
"4627 Askøy"	"Småhus"	"2022K2"	30100	20
"4627 Askøy"	"Småhus"	"2022K3"	31010	20
"4627 Askøy"	"Småhus"	"2022K4"	29858	17
"4627 Askøy"	"Småhus"	"2023K1"	31284	23
"4627 Askøy"	"Småhus"	"2023K2"	31139	35
"4627 Askøy"	"Småhus"	"2023K3"	31242	21
"4627 Askøy"	"Blokkleiligheter"	"2006K1"	.	.
"4627 Askøy"	"Blokkleiligheter"	"2006K2"	.	.
"4627 Askøy"	"Blokkleiligheter"	"2006K3"	.	.
"4627 Askøy"	"Blokkleiligheter"	"2006K4"	.	.
"4627 Askøy"	"Blokkleiligheter"	"2007K1"	.	.
"4627 Askøy"	"Blokkleiligheter"	"2007K2"	.	.
"4627 Askøy"	"Blokkleiligheter"	"2007K3"	.	.
"4627 Askøy"	"Blokkleiligheter"	"2007K4"	.	.
"4627 Askøy"	"Blokkleiligheter"	"2008K1"	.	.
"4627 Askøy"	"Blokkleiligheter"	"2008K2"	.	.
"4627 Askøy"	"Blokkleiligheter"	"2008K3"	.	.
"4627 Askøy"	"Blokkleiligheter"	"2008K4"	.	.
"4627 Askøy"	"Blokkleiligheter"	"2009K1"	.	.
"4627 Askøy"	"Blokkleiligheter"	"2009K2"	.	.
"4627 Askøy"	"Blokkleiligheter"	"2009K3"	.	.
"4627 Askøy"	"Blokkleiligheter"	"2009K4"	.	.
"4627 Askøy"	"Blokkleiligheter"	"2010K1"	.	.
"4627 Askøy"	"Blokkleiligheter"	"2010K2"	.	.
"4627 Askøy"	"Blokkleiligheter"	"2010K3"	.	.
"4627 Askøy"	"Blokkleiligheter"	"2010K4"	.	.
"4627 Askøy"	"Blokkleiligheter"	"2011K1"	.	.
"4627 Askøy"	"Blokkleiligheter"	"2011K2"	.	.
"4627 Askøy"	"Blokkleiligheter"	"2011K3"	.	.
"4627 Askøy"	"Blokkleiligheter"	"2011K4"	.	.
"4627 Askøy"	"Blokkleiligheter"	"2012K1"	.	.
"4627 Askøy"	"Blokkleiligheter"	"2012K2"	.	.
"4627 Askøy"	"Blokkleiligheter"	"2012K3"	.	.
"4627 Askøy"	"Blokkleiligheter"	"2012K4"	.	.
"4627 Askøy"	"Blokkleiligheter"	"2013K1"	.	.
"4627 Askøy"	"Blokkleiligheter"	"2013K2"	.	.
"4627 Askøy"	"Blokkleiligheter"	"2013K3"	.	.
"4627 Askøy"	"Blokkleiligheter"	"2013K4"	.	.
"4627 Askøy"	"Blokkleiligheter"	"2014K1"	.	.
"4627 Askøy"	"Blokkleiligheter"	"2014K2"	.	.
"4627 Askøy"	"Blokkleiligheter"	"2014K3"	.	.
"4627 Askøy"	"Blokkleiligheter"	"2014K4"	.	.
"4627 Askøy"	"Blokkleiligheter"	"2015K1"	.	.
"4627 Askøy"	"Blokkleiligheter"	"2015K2"	.	.
"4627 Askøy"	"Blokkleiligheter"	"2015K3"	.	.
"4627 Askøy"	"Blokkleiligheter"	"2015K4"	.	.
"4627 Askøy"	"Blokkleiligheter"	"2016K1"	.	.
"4627 Askøy"	"Blokkleiligheter"	"2016K2"	.	.
"4627 Askøy"	"Blokkleiligheter"	"2016K3"	.	.
"4627 Askøy"	"Blokkleiligheter"	"2016K4"	.	.
"4627 Askøy"	"Blokkleiligheter"	"2017K1"	.	.
"4627 Askøy"	"Blokkleiligheter"	"2017K2"	.	.
"4627 Askøy"	"Blokkleiligheter"	"2017K3"	.	.
"4627 Askøy"	"Blokkleiligheter"	"2017K4"	.	.
"4627 Askøy"	"Blokkleiligheter"	"2018K1"	.	.
"4627 Askøy"	"Blokkleiligheter"	"2018K2"	.	.
"4627 Askøy"	"Blokkleiligheter"	"2018K3"	.	.
"4627 Askøy"	"Blokkleiligheter"	"2018K4"	.	.
"4627 Askøy"	"Blokkleiligheter"	"2019K1"	.	.
"4627 Askøy"	"Blokkleiligheter"	"2019K2"	.	.
"4627 Askøy"	"Blokkleiligheter"	"2019K3"	.	.
"4627 Askøy"	"Blokkleiligheter"	"2019K4"	.	.
"4627 Askøy"	"Blokkleiligheter"	"2020K1"	36241	14
"4627 Askøy"	"Blokkleiligheter"	"2020K2"	38452	19
"4627 Askøy"	"Blokkleiligheter"	"2020K3"	37484	21
"4627 Askøy"	"Blokkleiligheter"	"2020K4"	35910	21
"4627 Askøy"	"Blokkleiligheter"	"2021K1"	35228	24
"4627 Askøy"	"Blokkleiligheter"	"2021K2"	38523	22
"4627 Askøy"	"Blokkleiligheter"	"2021K3"	39222	37
"4627 Askøy"	"Blokkleiligheter"	"2021K4"	39478	24
"4627 Askøy"	"Blokkleiligheter"	"2022K1"	40466	17
"4627 Askøy"	"Blokkleiligheter"	"2022K2"	42105	29
"4627 Askøy"	"Blokkleiligheter"	"2022K3"	40604	13
"4627 Askøy"	"Blokkleiligheter"	"2022K4"	39132	17
"4627 Askøy"	"Blokkleiligheter"	"2023K1"	44871	19
"4627 Askøy"	"Blokkleiligheter"	"2023K2"	42038	26
"4627 Askøy"	"Blokkleiligheter"	"2023K3"	48901	23
"1201 Bergen (1972-2019)"	"Eneboliger"	"2006K1"	21356	158
"1201 Bergen (1972-2019)"	"Eneboliger"	"2006K2"	21324	202
"1201 Bergen (1972-2019)"	"Eneboliger"	"2006K3"	22747	122
"1201 Bergen (1972-2019)"	"Eneboliger"	"2006K4"	22510	106
"1201 Bergen (1972-2019)"	"Eneboliger"	"2007K1"	24254	103
"1201 Bergen (1972-2019)"	"Eneboliger"	"2007K2"	24652	187
"1201 Bergen (1972-2019)"	"Eneboliger"	"2007K3"	24501	128
"1201 Bergen (1972-2019)"	"Eneboliger"	"2007K4"	23099	120
"1201 Bergen (1972-2019)"	"Eneboliger"	"2008K1"	22457	136
"1201 Bergen (1972-2019)"	"Eneboliger"	"2008K2"	23254	290
"1201 Bergen (1972-2019)"	"Eneboliger"	"2008K3"	20968	156
"1201 Bergen (1972-2019)"	"Eneboliger"	"2008K4"	21028	122
"1201 Bergen (1972-2019)"	"Eneboliger"	"2009K1"	20483	151
"1201 Bergen (1972-2019)"	"Eneboliger"	"2009K2"	21812	269
"1201 Bergen (1972-2019)"	"Eneboliger"	"2009K3"	22410	164
"1201 Bergen (1972-2019)"	"Eneboliger"	"2009K4"	22515	155
"1201 Bergen (1972-2019)"	"Eneboliger"	"2010K1"	23034	118
"1201 Bergen (1972-2019)"	"Eneboliger"	"2010K2"	25568	202
"1201 Bergen (1972-2019)"	"Eneboliger"	"2010K3"	24058	204
"1201 Bergen (1972-2019)"	"Eneboliger"	"2010K4"	24835	192
"1201 Bergen (1972-2019)"	"Eneboliger"	"2011K1"	26195	166
"1201 Bergen (1972-2019)"	"Eneboliger"	"2011K2"	26534	263
"1201 Bergen (1972-2019)"	"Eneboliger"	"2011K3"	26001	208
"1201 Bergen (1972-2019)"	"Eneboliger"	"2011K4"	27018	207
"1201 Bergen (1972-2019)"	"Eneboliger"	"2012K1"	28022	188
"1201 Bergen (1972-2019)"	"Eneboliger"	"2012K2"	27671	274
"1201 Bergen (1972-2019)"	"Eneboliger"	"2012K3"	28153	195
"1201 Bergen (1972-2019)"	"Eneboliger"	"2012K4"	28200	163
"1201 Bergen (1972-2019)"	"Eneboliger"	"2013K1"	28950	160
"1201 Bergen (1972-2019)"	"Eneboliger"	"2013K2"	30054	303
"1201 Bergen (1972-2019)"	"Eneboliger"	"2013K3"	29008	190
"1201 Bergen (1972-2019)"	"Eneboliger"	"2013K4"	27534	171
"1201 Bergen (1972-2019)"	"Eneboliger"	"2014K1"	29249	150
"1201 Bergen (1972-2019)"	"Eneboliger"	"2014K2"	30517	302
"1201 Bergen (1972-2019)"	"Eneboliger"	"2014K3"	30770	217
"1201 Bergen (1972-2019)"	"Eneboliger"	"2014K4"	30267	152
"1201 Bergen (1972-2019)"	"Eneboliger"	"2015K1"	31374	160
"1201 Bergen (1972-2019)"	"Eneboliger"	"2015K2"	33166	288
"1201 Bergen (1972-2019)"	"Eneboliger"	"2015K3"	33544	207
"1201 Bergen (1972-2019)"	"Eneboliger"	"2015K4"	32985	154
"1201 Bergen (1972-2019)"	"Eneboliger"	"2016K1"	32852	135
"1201 Bergen (1972-2019)"	"Eneboliger"	"2016K2"	32962	287
"1201 Bergen (1972-2019)"	"Eneboliger"	"2016K3"	32510	204
"1201 Bergen (1972-2019)"	"Eneboliger"	"2016K4"	31955	162
"1201 Bergen (1972-2019)"	"Eneboliger"	"2017K1"	31324	168
"1201 Bergen (1972-2019)"	"Eneboliger"	"2017K2"	33848	311
"1201 Bergen (1972-2019)"	"Eneboliger"	"2017K3"	33297	169
"1201 Bergen (1972-2019)"	"Eneboliger"	"2017K4"	32008	144
"1201 Bergen (1972-2019)"	"Eneboliger"	"2018K1"	31531	107
"1201 Bergen (1972-2019)"	"Eneboliger"	"2018K2"	34120	287
"1201 Bergen (1972-2019)"	"Eneboliger"	"2018K3"	32941	182
"1201 Bergen (1972-2019)"	"Eneboliger"	"2018K4"	31489	161
"1201 Bergen (1972-2019)"	"Eneboliger"	"2019K1"	32898	145
"1201 Bergen (1972-2019)"	"Eneboliger"	"2019K2"	33817	287
"1201 Bergen (1972-2019)"	"Eneboliger"	"2019K3"	34154	202
"1201 Bergen (1972-2019)"	"Eneboliger"	"2019K4"	34306	150
"1201 Bergen (1972-2019)"	"Eneboliger"	"2020K1"	.	.
"1201 Bergen (1972-2019)"	"Eneboliger"	"2020K2"	.	.
"1201 Bergen (1972-2019)"	"Eneboliger"	"2020K3"	.	.
"1201 Bergen (1972-2019)"	"Eneboliger"	"2020K4"	.	.
"1201 Bergen (1972-2019)"	"Eneboliger"	"2021K1"	.	.
"1201 Bergen (1972-2019)"	"Eneboliger"	"2021K2"	.	.
"1201 Bergen (1972-2019)"	"Eneboliger"	"2021K3"	.	.
"1201 Bergen (1972-2019)"	"Eneboliger"	"2021K4"	.	.
"1201 Bergen (1972-2019)"	"Eneboliger"	"2022K1"	.	.
"1201 Bergen (1972-2019)"	"Eneboliger"	"2022K2"	.	.
"1201 Bergen (1972-2019)"	"Eneboliger"	"2022K3"	.	.
"1201 Bergen (1972-2019)"	"Eneboliger"	"2022K4"	.	.
"1201 Bergen (1972-2019)"	"Eneboliger"	"2023K1"	.	.
"1201 Bergen (1972-2019)"	"Eneboliger"	"2023K2"	.	.
"1201 Bergen (1972-2019)"	"Eneboliger"	"2023K3"	.	.
"1201 Bergen (1972-2019)"	"Småhus"	"2006K1"	19048	179
"1201 Bergen (1972-2019)"	"Småhus"	"2006K2"	19779	148
"1201 Bergen (1972-2019)"	"Småhus"	"2006K3"	20357	87
"1201 Bergen (1972-2019)"	"Småhus"	"2006K4"	22291	92
"1201 Bergen (1972-2019)"	"Småhus"	"2007K1"	22982	105
"1201 Bergen (1972-2019)"	"Småhus"	"2007K2"	22393	123
"1201 Bergen (1972-2019)"	"Småhus"	"2007K3"	22148	92
"1201 Bergen (1972-2019)"	"Småhus"	"2007K4"	21254	120
"1201 Bergen (1972-2019)"	"Småhus"	"2008K1"	21733	137
"1201 Bergen (1972-2019)"	"Småhus"	"2008K2"	21817	206
"1201 Bergen (1972-2019)"	"Småhus"	"2008K3"	19963	143
"1201 Bergen (1972-2019)"	"Småhus"	"2008K4"	18445	107
"1201 Bergen (1972-2019)"	"Småhus"	"2009K1"	20607	121
"1201 Bergen (1972-2019)"	"Småhus"	"2009K2"	20959	137
"1201 Bergen (1972-2019)"	"Småhus"	"2009K3"	21352	103
"1201 Bergen (1972-2019)"	"Småhus"	"2009K4"	21658	92
"1201 Bergen (1972-2019)"	"Småhus"	"2010K1"	23348	96
"1201 Bergen (1972-2019)"	"Småhus"	"2010K2"	24403	163
"1201 Bergen (1972-2019)"	"Småhus"	"2010K3"	24402	114
"1201 Bergen (1972-2019)"	"Småhus"	"2010K4"	24158	93
"1201 Bergen (1972-2019)"	"Småhus"	"2011K1"	26105	140
"1201 Bergen (1972-2019)"	"Småhus"	"2011K2"	25372	179
"1201 Bergen (1972-2019)"	"Småhus"	"2011K3"	26158	132
"1201 Bergen (1972-2019)"	"Småhus"	"2011K4"	26744	140
"1201 Bergen (1972-2019)"	"Småhus"	"2012K1"	27775	160
"1201 Bergen (1972-2019)"	"Småhus"	"2012K2"	27132	190
"1201 Bergen (1972-2019)"	"Småhus"	"2012K3"	27044	121
"1201 Bergen (1972-2019)"	"Småhus"	"2012K4"	27224	125
"1201 Bergen (1972-2019)"	"Småhus"	"2013K1"	29231	131
"1201 Bergen (1972-2019)"	"Småhus"	"2013K2"	30124	203
"1201 Bergen (1972-2019)"	"Småhus"	"2013K3"	30131	118
"1201 Bergen (1972-2019)"	"Småhus"	"2013K4"	29329	136
"1201 Bergen (1972-2019)"	"Småhus"	"2014K1"	30176	128
"1201 Bergen (1972-2019)"	"Småhus"	"2014K2"	29988	194
"1201 Bergen (1972-2019)"	"Småhus"	"2014K3"	31088	144
"1201 Bergen (1972-2019)"	"Småhus"	"2014K4"	30650	133
"1201 Bergen (1972-2019)"	"Småhus"	"2015K1"	32111	156
"1201 Bergen (1972-2019)"	"Småhus"	"2015K2"	32487	217
"1201 Bergen (1972-2019)"	"Småhus"	"2015K3"	33272	163
"1201 Bergen (1972-2019)"	"Småhus"	"2015K4"	32274	113
"1201 Bergen (1972-2019)"	"Småhus"	"2016K1"	32761	148
"1201 Bergen (1972-2019)"	"Småhus"	"2016K2"	32550	211
"1201 Bergen (1972-2019)"	"Småhus"	"2016K3"	33532	169
"1201 Bergen (1972-2019)"	"Småhus"	"2016K4"	32283	103
"1201 Bergen (1972-2019)"	"Småhus"	"2017K1"	33670	151
"1201 Bergen (1972-2019)"	"Småhus"	"2017K2"	34999	206
"1201 Bergen (1972-2019)"	"Småhus"	"2017K3"	33447	157
"1201 Bergen (1972-2019)"	"Småhus"	"2017K4"	31973	121
"1201 Bergen (1972-2019)"	"Småhus"	"2018K1"	33372	107
"1201 Bergen (1972-2019)"	"Småhus"	"2018K2"	34225	199
"1201 Bergen (1972-2019)"	"Småhus"	"2018K3"	34225	153
"1201 Bergen (1972-2019)"	"Småhus"	"2018K4"	32469	152
"1201 Bergen (1972-2019)"	"Småhus"	"2019K1"	34088	168
"1201 Bergen (1972-2019)"	"Småhus"	"2019K2"	34852	197
"1201 Bergen (1972-2019)"	"Småhus"	"2019K3"	33401	141
"1201 Bergen (1972-2019)"	"Småhus"	"2019K4"	33650	147
"1201 Bergen (1972-2019)"	"Småhus"	"2020K1"	.	.
"1201 Bergen (1972-2019)"	"Småhus"	"2020K2"	.	.
"1201 Bergen (1972-2019)"	"Småhus"	"2020K3"	.	.
"1201 Bergen (1972-2019)"	"Småhus"	"2020K4"	.	.
"1201 Bergen (1972-2019)"	"Småhus"	"2021K1"	.	.
"1201 Bergen (1972-2019)"	"Småhus"	"2021K2"	.	.
"1201 Bergen (1972-2019)"	"Småhus"	"2021K3"	.	.
"1201 Bergen (1972-2019)"	"Småhus"	"2021K4"	.	.
"1201 Bergen (1972-2019)"	"Småhus"	"2022K1"	.	.
"1201 Bergen (1972-2019)"	"Småhus"	"2022K2"	.	.
"1201 Bergen (1972-2019)"	"Småhus"	"2022K3"	.	.
"1201 Bergen (1972-2019)"	"Småhus"	"2022K4"	.	.
"1201 Bergen (1972-2019)"	"Småhus"	"2023K1"	.	.
"1201 Bergen (1972-2019)"	"Småhus"	"2023K2"	.	.
"1201 Bergen (1972-2019)"	"Småhus"	"2023K3"	.	.
"1201 Bergen (1972-2019)"	"Blokkleiligheter"	"2006K1"	31528	419
"1201 Bergen (1972-2019)"	"Blokkleiligheter"	"2006K2"	32257	397
"1201 Bergen (1972-2019)"	"Blokkleiligheter"	"2006K3"	35189	374
"1201 Bergen (1972-2019)"	"Blokkleiligheter"	"2006K4"	35531	281
"1201 Bergen (1972-2019)"	"Blokkleiligheter"	"2007K1"	34614	315
"1201 Bergen (1972-2019)"	"Blokkleiligheter"	"2007K2"	34637	363
"1201 Bergen (1972-2019)"	"Blokkleiligheter"	"2007K3"	34073	377
"1201 Bergen (1972-2019)"	"Blokkleiligheter"	"2007K4"	31731	287
"1201 Bergen (1972-2019)"	"Blokkleiligheter"	"2008K1"	32076	372
"1201 Bergen (1972-2019)"	"Blokkleiligheter"	"2008K2"	32415	503
"1201 Bergen (1972-2019)"	"Blokkleiligheter"	"2008K3"	31666	359
"1201 Bergen (1972-2019)"	"Blokkleiligheter"	"2008K4"	27361	208
"1201 Bergen (1972-2019)"	"Blokkleiligheter"	"2009K1"	30312	281
"1201 Bergen (1972-2019)"	"Blokkleiligheter"	"2009K2"	31977	445
"1201 Bergen (1972-2019)"	"Blokkleiligheter"	"2009K3"	33864	405
"1201 Bergen (1972-2019)"	"Blokkleiligheter"	"2009K4"	33472	341
"1201 Bergen (1972-2019)"	"Blokkleiligheter"	"2010K1"	35244	339
"1201 Bergen (1972-2019)"	"Blokkleiligheter"	"2010K2"	35957	524
"1201 Bergen (1972-2019)"	"Blokkleiligheter"	"2010K3"	35377	467
"1201 Bergen (1972-2019)"	"Blokkleiligheter"	"2010K4"	36151	306
"1201 Bergen (1972-2019)"	"Blokkleiligheter"	"2011K1"	38019	413
"1201 Bergen (1972-2019)"	"Blokkleiligheter"	"2011K2"	38073	495
"1201 Bergen (1972-2019)"	"Blokkleiligheter"	"2011K3"	38968	549
"1201 Bergen (1972-2019)"	"Blokkleiligheter"	"2011K4"	38407	356
"1201 Bergen (1972-2019)"	"Blokkleiligheter"	"2012K1"	41124	425
"1201 Bergen (1972-2019)"	"Blokkleiligheter"	"2012K2"	40434	502
"1201 Bergen (1972-2019)"	"Blokkleiligheter"	"2012K3"	42933	461
"1201 Bergen (1972-2019)"	"Blokkleiligheter"	"2012K4"	42219	320
"1201 Bergen (1972-2019)"	"Blokkleiligheter"	"2013K1"	43873	370
"1201 Bergen (1972-2019)"	"Blokkleiligheter"	"2013K2"	44053	528
"1201 Bergen (1972-2019)"	"Blokkleiligheter"	"2013K3"	44840	426
"1201 Bergen (1972-2019)"	"Blokkleiligheter"	"2013K4"	41255	303
"1201 Bergen (1972-2019)"	"Blokkleiligheter"	"2014K1"	43246	367
"1201 Bergen (1972-2019)"	"Blokkleiligheter"	"2014K2"	45567	501
"1201 Bergen (1972-2019)"	"Blokkleiligheter"	"2014K3"	47519	520
"1201 Bergen (1972-2019)"	"Blokkleiligheter"	"2014K4"	45261	339
"1201 Bergen (1972-2019)"	"Blokkleiligheter"	"2015K1"	48549	420
"1201 Bergen (1972-2019)"	"Blokkleiligheter"	"2015K2"	50196	624
"1201 Bergen (1972-2019)"	"Blokkleiligheter"	"2015K3"	49855	517
"1201 Bergen (1972-2019)"	"Blokkleiligheter"	"2015K4"	46681	318
"1201 Bergen (1972-2019)"	"Blokkleiligheter"	"2016K1"	48066	399
"1201 Bergen (1972-2019)"	"Blokkleiligheter"	"2016K2"	49308	630
"1201 Bergen (1972-2019)"	"Blokkleiligheter"	"2016K3"	50198	576
"1201 Bergen (1972-2019)"	"Blokkleiligheter"	"2016K4"	48156	352
"1201 Bergen (1972-2019)"	"Blokkleiligheter"	"2017K1"	50750	419
"1201 Bergen (1972-2019)"	"Blokkleiligheter"	"2017K2"	52661	583
"1201 Bergen (1972-2019)"	"Blokkleiligheter"	"2017K3"	52428	509
"1201 Bergen (1972-2019)"	"Blokkleiligheter"	"2017K4"	49212	359
"1201 Bergen (1972-2019)"	"Blokkleiligheter"	"2018K1"	49722	331
"1201 Bergen (1972-2019)"	"Blokkleiligheter"	"2018K2"	52832	604
"1201 Bergen (1972-2019)"	"Blokkleiligheter"	"2018K3"	52089	505
"1201 Bergen (1972-2019)"	"Blokkleiligheter"	"2018K4"	50089	348
"1201 Bergen (1972-2019)"	"Blokkleiligheter"	"2019K1"	51891	405
"1201 Bergen (1972-2019)"	"Blokkleiligheter"	"2019K2"	53465	570
"1201 Bergen (1972-2019)"	"Blokkleiligheter"	"2019K3"	53389	517
"1201 Bergen (1972-2019)"	"Blokkleiligheter"	"2019K4"	51024	333
"1201 Bergen (1972-2019)"	"Blokkleiligheter"	"2020K1"	.	.
"1201 Bergen (1972-2019)"	"Blokkleiligheter"	"2020K2"	.	.
"1201 Bergen (1972-2019)"	"Blokkleiligheter"	"2020K3"	.	.
"1201 Bergen (1972-2019)"	"Blokkleiligheter"	"2020K4"	.	.
"1201 Bergen (1972-2019)"	"Blokkleiligheter"	"2021K1"	.	.
"1201 Bergen (1972-2019)"	"Blokkleiligheter"	"2021K2"	.	.
"1201 Bergen (1972-2019)"	"Blokkleiligheter"	"2021K3"	.	.
"1201 Bergen (1972-2019)"	"Blokkleiligheter"	"2021K4"	.	.
"1201 Bergen (1972-2019)"	"Blokkleiligheter"	"2022K1"	.	.
"1201 Bergen (1972-2019)"	"Blokkleiligheter"	"2022K2"	.	.
"1201 Bergen (1972-2019)"	"Blokkleiligheter"	"2022K3"	.	.
"1201 Bergen (1972-2019)"	"Blokkleiligheter"	"2022K4"	.	.
"1201 Bergen (1972-2019)"	"Blokkleiligheter"	"2023K1"	.	.
"1201 Bergen (1972-2019)"	"Blokkleiligheter"	"2023K2"	.	.
"1201 Bergen (1972-2019)"	"Blokkleiligheter"	"2023K3"	.	.
"1243 Os (Hordaland) (-2019)"	"Eneboliger"	"2006K1"	.	.
"1243 Os (Hordaland) (-2019)"	"Eneboliger"	"2006K2"	.	.
"1243 Os (Hordaland) (-2019)"	"Eneboliger"	"2006K3"	.	.
"1243 Os (Hordaland) (-2019)"	"Eneboliger"	"2006K4"	.	.
"1243 Os (Hordaland) (-2019)"	"Eneboliger"	"2007K1"	.	.
"1243 Os (Hordaland) (-2019)"	"Eneboliger"	"2007K2"	.	.
"1243 Os (Hordaland) (-2019)"	"Eneboliger"	"2007K3"	.	.
"1243 Os (Hordaland) (-2019)"	"Eneboliger"	"2007K4"	.	.
"1243 Os (Hordaland) (-2019)"	"Eneboliger"	"2008K1"	.	.
"1243 Os (Hordaland) (-2019)"	"Eneboliger"	"2008K2"	.	.
"1243 Os (Hordaland) (-2019)"	"Eneboliger"	"2008K3"	.	.
"1243 Os (Hordaland) (-2019)"	"Eneboliger"	"2008K4"	.	.
"1243 Os (Hordaland) (-2019)"	"Eneboliger"	"2009K1"	.	.
"1243 Os (Hordaland) (-2019)"	"Eneboliger"	"2009K2"	.	.
"1243 Os (Hordaland) (-2019)"	"Eneboliger"	"2009K3"	.	.
"1243 Os (Hordaland) (-2019)"	"Eneboliger"	"2009K4"	.	.
"1243 Os (Hordaland) (-2019)"	"Eneboliger"	"2010K1"	.	.
"1243 Os (Hordaland) (-2019)"	"Eneboliger"	"2010K2"	.	.
"1243 Os (Hordaland) (-2019)"	"Eneboliger"	"2010K3"	.	.
"1243 Os (Hordaland) (-2019)"	"Eneboliger"	"2010K4"	.	.
"1243 Os (Hordaland) (-2019)"	"Eneboliger"	"2011K1"	.	.
"1243 Os (Hordaland) (-2019)"	"Eneboliger"	"2011K2"	.	.
"1243 Os (Hordaland) (-2019)"	"Eneboliger"	"2011K3"	.	.
"1243 Os (Hordaland) (-2019)"	"Eneboliger"	"2011K4"	.	.
"1243 Os (Hordaland) (-2019)"	"Eneboliger"	"2012K1"	.	.
"1243 Os (Hordaland) (-2019)"	"Eneboliger"	"2012K2"	.	.
"1243 Os (Hordaland) (-2019)"	"Eneboliger"	"2012K3"	.	.
"1243 Os (Hordaland) (-2019)"	"Eneboliger"	"2012K4"	.	.
"1243 Os (Hordaland) (-2019)"	"Eneboliger"	"2013K1"	.	.
"1243 Os (Hordaland) (-2019)"	"Eneboliger"	"2013K2"	.	.
"1243 Os (Hordaland) (-2019)"	"Eneboliger"	"2013K3"	.	.
"1243 Os (Hordaland) (-2019)"	"Eneboliger"	"2013K4"	.	.
"1243 Os (Hordaland) (-2019)"	"Eneboliger"	"2014K1"	.	.
"1243 Os (Hordaland) (-2019)"	"Eneboliger"	"2014K2"	.	.
"1243 Os (Hordaland) (-2019)"	"Eneboliger"	"2014K3"	.	.
"1243 Os (Hordaland) (-2019)"	"Eneboliger"	"2014K4"	.	.
"1243 Os (Hordaland) (-2019)"	"Eneboliger"	"2015K1"	.	.
"1243 Os (Hordaland) (-2019)"	"Eneboliger"	"2015K2"	.	.
"1243 Os (Hordaland) (-2019)"	"Eneboliger"	"2015K3"	.	.
"1243 Os (Hordaland) (-2019)"	"Eneboliger"	"2015K4"	.	.
"1243 Os (Hordaland) (-2019)"	"Eneboliger"	"2016K1"	.	.
"1243 Os (Hordaland) (-2019)"	"Eneboliger"	"2016K2"	.	.
"1243 Os (Hordaland) (-2019)"	"Eneboliger"	"2016K3"	.	.
"1243 Os (Hordaland) (-2019)"	"Eneboliger"	"2016K4"	.	.
"1243 Os (Hordaland) (-2019)"	"Eneboliger"	"2017K1"	26185	26
"1243 Os (Hordaland) (-2019)"	"Eneboliger"	"2017K2"	25103	30
"1243 Os (Hordaland) (-2019)"	"Eneboliger"	"2017K3"	22772	14
"1243 Os (Hordaland) (-2019)"	"Eneboliger"	"2017K4"	24664	15
"1243 Os (Hordaland) (-2019)"	"Eneboliger"	"2018K1"	27594	15
"1243 Os (Hordaland) (-2019)"	"Eneboliger"	"2018K2"	23542	29
"1243 Os (Hordaland) (-2019)"	"Eneboliger"	"2018K3"	26838	17
"1243 Os (Hordaland) (-2019)"	"Eneboliger"	"2018K4"	24901	22
"1243 Os (Hordaland) (-2019)"	"Eneboliger"	"2019K1"	26087	10
"1243 Os (Hordaland) (-2019)"	"Eneboliger"	"2019K2"	26558	34
"1243 Os (Hordaland) (-2019)"	"Eneboliger"	"2019K3"	25815	23
"1243 Os (Hordaland) (-2019)"	"Eneboliger"	"2019K4"	24424	20
"1243 Os (Hordaland) (-2019)"	"Eneboliger"	"2020K1"	.	.
"1243 Os (Hordaland) (-2019)"	"Eneboliger"	"2020K2"	.	.
"1243 Os (Hordaland) (-2019)"	"Eneboliger"	"2020K3"	.	.
"1243 Os (Hordaland) (-2019)"	"Eneboliger"	"2020K4"	.	.
"1243 Os (Hordaland) (-2019)"	"Eneboliger"	"2021K1"	.	.
"1243 Os (Hordaland) (-2019)"	"Eneboliger"	"2021K2"	.	.
"1243 Os (Hordaland) (-2019)"	"Eneboliger"	"2021K3"	.	.
"1243 Os (Hordaland) (-2019)"	"Eneboliger"	"2021K4"	.	.
"1243 Os (Hordaland) (-2019)"	"Eneboliger"	"2022K1"	.	.
"1243 Os (Hordaland) (-2019)"	"Eneboliger"	"2022K2"	.	.
"1243 Os (Hordaland) (-2019)"	"Eneboliger"	"2022K3"	.	.
"1243 Os (Hordaland) (-2019)"	"Eneboliger"	"2022K4"	.	.
"1243 Os (Hordaland) (-2019)"	"Eneboliger"	"2023K1"	.	.
"1243 Os (Hordaland) (-2019)"	"Eneboliger"	"2023K2"	.	.
"1243 Os (Hordaland) (-2019)"	"Eneboliger"	"2023K3"	.	.
"1243 Os (Hordaland) (-2019)"	"Småhus"	"2006K1"	.	.
"1243 Os (Hordaland) (-2019)"	"Småhus"	"2006K2"	.	.
"1243 Os (Hordaland) (-2019)"	"Småhus"	"2006K3"	.	.
"1243 Os (Hordaland) (-2019)"	"Småhus"	"2006K4"	.	.
"1243 Os (Hordaland) (-2019)"	"Småhus"	"2007K1"	.	.
"1243 Os (Hordaland) (-2019)"	"Småhus"	"2007K2"	.	.
"1243 Os (Hordaland) (-2019)"	"Småhus"	"2007K3"	.	.
"1243 Os (Hordaland) (-2019)"	"Småhus"	"2007K4"	.	.
"1243 Os (Hordaland) (-2019)"	"Småhus"	"2008K1"	.	.
"1243 Os (Hordaland) (-2019)"	"Småhus"	"2008K2"	.	.
"1243 Os (Hordaland) (-2019)"	"Småhus"	"2008K3"	.	.
"1243 Os (Hordaland) (-2019)"	"Småhus"	"2008K4"	.	.
"1243 Os (Hordaland) (-2019)"	"Småhus"	"2009K1"	.	.
"1243 Os (Hordaland) (-2019)"	"Småhus"	"2009K2"	.	.
"1243 Os (Hordaland) (-2019)"	"Småhus"	"2009K3"	.	.
"1243 Os (Hordaland) (-2019)"	"Småhus"	"2009K4"	.	.
"1243 Os (Hordaland) (-2019)"	"Småhus"	"2010K1"	.	.
"1243 Os (Hordaland) (-2019)"	"Småhus"	"2010K2"	.	.
"1243 Os (Hordaland) (-2019)"	"Småhus"	"2010K3"	.	.
"1243 Os (Hordaland) (-2019)"	"Småhus"	"2010K4"	.	.
"1243 Os (Hordaland) (-2019)"	"Småhus"	"2011K1"	.	.
"1243 Os (Hordaland) (-2019)"	"Småhus"	"2011K2"	.	.
"1243 Os (Hordaland) (-2019)"	"Småhus"	"2011K3"	.	.
"1243 Os (Hordaland) (-2019)"	"Småhus"	"2011K4"	.	.
"1243 Os (Hordaland) (-2019)"	"Småhus"	"2012K1"	.	.
"1243 Os (Hordaland) (-2019)"	"Småhus"	"2012K2"	.	.
"1243 Os (Hordaland) (-2019)"	"Småhus"	"2012K3"	.	.
"1243 Os (Hordaland) (-2019)"	"Småhus"	"2012K4"	.	.
"1243 Os (Hordaland) (-2019)"	"Småhus"	"2013K1"	.	.
"1243 Os (Hordaland) (-2019)"	"Småhus"	"2013K2"	.	.
"1243 Os (Hordaland) (-2019)"	"Småhus"	"2013K3"	.	.
"1243 Os (Hordaland) (-2019)"	"Småhus"	"2013K4"	.	.
"1243 Os (Hordaland) (-2019)"	"Småhus"	"2014K1"	.	.
"1243 Os (Hordaland) (-2019)"	"Småhus"	"2014K2"	.	.
"1243 Os (Hordaland) (-2019)"	"Småhus"	"2014K3"	.	.
"1243 Os (Hordaland) (-2019)"	"Småhus"	"2014K4"	.	.
"1243 Os (Hordaland) (-2019)"	"Småhus"	"2015K1"	.	.
"1243 Os (Hordaland) (-2019)"	"Småhus"	"2015K2"	.	.
"1243 Os (Hordaland) (-2019)"	"Småhus"	"2015K3"	.	.
"1243 Os (Hordaland) (-2019)"	"Småhus"	"2015K4"	.	.
"1243 Os (Hordaland) (-2019)"	"Småhus"	"2016K1"	.	.
"1243 Os (Hordaland) (-2019)"	"Småhus"	"2016K2"	.	.
"1243 Os (Hordaland) (-2019)"	"Småhus"	"2016K3"	.	.
"1243 Os (Hordaland) (-2019)"	"Småhus"	"2016K4"	.	.
"1243 Os (Hordaland) (-2019)"	"Småhus"	"2017K1"	27319	12
"1243 Os (Hordaland) (-2019)"	"Småhus"	"2017K2"	24470	10
"1243 Os (Hordaland) (-2019)"	"Småhus"	"2017K3"	27641	14
"1243 Os (Hordaland) (-2019)"	"Småhus"	"2017K4"	26178	13
"1243 Os (Hordaland) (-2019)"	"Småhus"	"2018K1"	26828	11
"1243 Os (Hordaland) (-2019)"	"Småhus"	"2018K2"	29653	14
"1243 Os (Hordaland) (-2019)"	"Småhus"	"2018K3"	25895	14
"1243 Os (Hordaland) (-2019)"	"Småhus"	"2018K4"	26741	10
"1243 Os (Hordaland) (-2019)"	"Småhus"	"2019K1"	27424	15
"1243 Os (Hordaland) (-2019)"	"Småhus"	"2019K2"	27943	17
"1243 Os (Hordaland) (-2019)"	"Småhus"	"2019K3"	27085	19
"1243 Os (Hordaland) (-2019)"	"Småhus"	"2019K4"	..	7
"1243 Os (Hordaland) (-2019)"	"Småhus"	"2020K1"	.	.
"1243 Os (Hordaland) (-2019)"	"Småhus"	"2020K2"	.	.
"1243 Os (Hordaland) (-2019)"	"Småhus"	"2020K3"	.	.
"1243 Os (Hordaland) (-2019)"	"Småhus"	"2020K4"	.	.
"1243 Os (Hordaland) (-2019)"	"Småhus"	"2021K1"	.	.
"1243 Os (Hordaland) (-2019)"	"Småhus"	"2021K2"	.	.
"1243 Os (Hordaland) (-2019)"	"Småhus"	"2021K3"	.	.
"1243 Os (Hordaland) (-2019)"	"Småhus"	"2021K4"	.	.
"1243 Os (Hordaland) (-2019)"	"Småhus"	"2022K1"	.	.
"1243 Os (Hordaland) (-2019)"	"Småhus"	"2022K2"	.	.
"1243 Os (Hordaland) (-2019)"	"Småhus"	"2022K3"	.	.
"1243 Os (Hordaland) (-2019)"	"Småhus"	"2022K4"	.	.
"1243 Os (Hordaland) (-2019)"	"Småhus"	"2023K1"	.	.
"1243 Os (Hordaland) (-2019)"	"Småhus"	"2023K2"	.	.
"1243 Os (Hordaland) (-2019)"	"Småhus"	"2023K3"	.	.
"1243 Os (Hordaland) (-2019)"	"Blokkleiligheter"	"2006K1"	.	.
"1243 Os (Hordaland) (-2019)"	"Blokkleiligheter"	"2006K2"	.	.
"1243 Os (Hordaland) (-2019)"	"Blokkleiligheter"	"2006K3"	.	.
"1243 Os (Hordaland) (-2019)"	"Blokkleiligheter"	"2006K4"	.	.
"1243 Os (Hordaland) (-2019)"	"Blokkleiligheter"	"2007K1"	.	.
"1243 Os (Hordaland) (-2019)"	"Blokkleiligheter"	"2007K2"	.	.
"1243 Os (Hordaland) (-2019)"	"Blokkleiligheter"	"2007K3"	.	.
"1243 Os (Hordaland) (-2019)"	"Blokkleiligheter"	"2007K4"	.	.
"1243 Os (Hordaland) (-2019)"	"Blokkleiligheter"	"2008K1"	.	.
"1243 Os (Hordaland) (-2019)"	"Blokkleiligheter"	"2008K2"	.	.
"1243 Os (Hordaland) (-2019)"	"Blokkleiligheter"	"2008K3"	.	.
"1243 Os (Hordaland) (-2019)"	"Blokkleiligheter"	"2008K4"	.	.
"1243 Os (Hordaland) (-2019)"	"Blokkleiligheter"	"2009K1"	.	.
"1243 Os (Hordaland) (-2019)"	"Blokkleiligheter"	"2009K2"	.	.
"1243 Os (Hordaland) (-2019)"	"Blokkleiligheter"	"2009K3"	.	.
"1243 Os (Hordaland) (-2019)"	"Blokkleiligheter"	"2009K4"	.	.
"1243 Os (Hordaland) (-2019)"	"Blokkleiligheter"	"2010K1"	.	.
"1243 Os (Hordaland) (-2019)"	"Blokkleiligheter"	"2010K2"	.	.
"1243 Os (Hordaland) (-2019)"	"Blokkleiligheter"	"2010K3"	.	.
"1243 Os (Hordaland) (-2019)"	"Blokkleiligheter"	"2010K4"	.	.
"1243 Os (Hordaland) (-2019)"	"Blokkleiligheter"	"2011K1"	.	.
"1243 Os (Hordaland) (-2019)"	"Blokkleiligheter"	"2011K2"	.	.
"1243 Os (Hordaland) (-2019)"	"Blokkleiligheter"	"2011K3"	.	.
"1243 Os (Hordaland) (-2019)"	"Blokkleiligheter"	"2011K4"	.	.
"1243 Os (Hordaland) (-2019)"	"Blokkleiligheter"	"2012K1"	.	.
"1243 Os (Hordaland) (-2019)"	"Blokkleiligheter"	"2012K2"	.	.
"1243 Os (Hordaland) (-2019)"	"Blokkleiligheter"	"2012K3"	.	.
"1243 Os (Hordaland) (-2019)"	"Blokkleiligheter"	"2012K4"	.	.
"1243 Os (Hordaland) (-2019)"	"Blokkleiligheter"	"2013K1"	.	.
"1243 Os (Hordaland) (-2019)"	"Blokkleiligheter"	"2013K2"	.	.
"1243 Os (Hordaland) (-2019)"	"Blokkleiligheter"	"2013K3"	.	.
"1243 Os (Hordaland) (-2019)"	"Blokkleiligheter"	"2013K4"	.	.
"1243 Os (Hordaland) (-2019)"	"Blokkleiligheter"	"2014K1"	.	.
"1243 Os (Hordaland) (-2019)"	"Blokkleiligheter"	"2014K2"	.	.
"1243 Os (Hordaland) (-2019)"	"Blokkleiligheter"	"2014K3"	.	.
"1243 Os (Hordaland) (-2019)"	"Blokkleiligheter"	"2014K4"	.	.
"1243 Os (Hordaland) (-2019)"	"Blokkleiligheter"	"2015K1"	.	.
"1243 Os (Hordaland) (-2019)"	"Blokkleiligheter"	"2015K2"	.	.
"1243 Os (Hordaland) (-2019)"	"Blokkleiligheter"	"2015K3"	.	.
"1243 Os (Hordaland) (-2019)"	"Blokkleiligheter"	"2015K4"	.	.
"1243 Os (Hordaland) (-2019)"	"Blokkleiligheter"	"2016K1"	.	.
"1243 Os (Hordaland) (-2019)"	"Blokkleiligheter"	"2016K2"	.	.
"1243 Os (Hordaland) (-2019)"	"Blokkleiligheter"	"2016K3"	.	.
"1243 Os (Hordaland) (-2019)"	"Blokkleiligheter"	"2016K4"	.	.
"1243 Os (Hordaland) (-2019)"	"Blokkleiligheter"	"2017K1"	33060	34
"1243 Os (Hordaland) (-2019)"	"Blokkleiligheter"	"2017K2"	34563	23
"1243 Os (Hordaland) (-2019)"	"Blokkleiligheter"	"2017K3"	35106	26
"1243 Os (Hordaland) (-2019)"	"Blokkleiligheter"	"2017K4"	33355	10
"1243 Os (Hordaland) (-2019)"	"Blokkleiligheter"	"2018K1"	35213	17
"1243 Os (Hordaland) (-2019)"	"Blokkleiligheter"	"2018K2"	36771	34
"1243 Os (Hordaland) (-2019)"	"Blokkleiligheter"	"2018K3"	38318	18
"1243 Os (Hordaland) (-2019)"	"Blokkleiligheter"	"2018K4"	36693	24
"1243 Os (Hordaland) (-2019)"	"Blokkleiligheter"	"2019K1"	38255	23
"1243 Os (Hordaland) (-2019)"	"Blokkleiligheter"	"2019K2"	36985	29
"1243 Os (Hordaland) (-2019)"	"Blokkleiligheter"	"2019K3"	38015	33
"1243 Os (Hordaland) (-2019)"	"Blokkleiligheter"	"2019K4"	37800	24
"1243 Os (Hordaland) (-2019)"	"Blokkleiligheter"	"2020K1"	.	.
"1243 Os (Hordaland) (-2019)"	"Blokkleiligheter"	"2020K2"	.	.
"1243 Os (Hordaland) (-2019)"	"Blokkleiligheter"	"2020K3"	.	.
"1243 Os (Hordaland) (-2019)"	"Blokkleiligheter"	"2020K4"	.	.
"1243 Os (Hordaland) (-2019)"	"Blokkleiligheter"	"2021K1"	.	.
"1243 Os (Hordaland) (-2019)"	"Blokkleiligheter"	"2021K2"	.	.
"1243 Os (Hordaland) (-2019)"	"Blokkleiligheter"	"2021K3"	.	.
"1243 Os (Hordaland) (-2019)"	"Blokkleiligheter"	"2021K4"	.	.
"1243 Os (Hordaland) (-2019)"	"Blokkleiligheter"	"2022K1"	.	.
"1243 Os (Hordaland) (-2019)"	"Blokkleiligheter"	"2022K2"	.	.
"1243 Os (Hordaland) (-2019)"	"Blokkleiligheter"	"2022K3"	.	.
"1243 Os (Hordaland) (-2019)"	"Blokkleiligheter"	"2022K4"	.	.
"1243 Os (Hordaland) (-2019)"	"Blokkleiligheter"	"2023K1"	.	.
"1243 Os (Hordaland) (-2019)"	"Blokkleiligheter"	"2023K2"	.	.
"1243 Os (Hordaland) (-2019)"	"Blokkleiligheter"	"2023K3"	.	.
"1246 Fjell (-2019)"	"Eneboliger"	"2006K1"	16193	25
"1246 Fjell (-2019)"	"Eneboliger"	"2006K2"	17402	26
"1246 Fjell (-2019)"	"Eneboliger"	"2006K3"	19526	13
"1246 Fjell (-2019)"	"Eneboliger"	"2006K4"	15988	20
"1246 Fjell (-2019)"	"Eneboliger"	"2007K1"	18656	16
"1246 Fjell (-2019)"	"Eneboliger"	"2007K2"	18163	27
"1246 Fjell (-2019)"	"Eneboliger"	"2007K3"	18579	27
"1246 Fjell (-2019)"	"Eneboliger"	"2007K4"	18742	11
"1246 Fjell (-2019)"	"Eneboliger"	"2008K1"	18846	15
"1246 Fjell (-2019)"	"Eneboliger"	"2008K2"	18194	41
"1246 Fjell (-2019)"	"Eneboliger"	"2008K3"	17232	26
"1246 Fjell (-2019)"	"Eneboliger"	"2008K4"	17366	17
"1246 Fjell (-2019)"	"Eneboliger"	"2009K1"	17347	13
"1246 Fjell (-2019)"	"Eneboliger"	"2009K2"	18055	27
"1246 Fjell (-2019)"	"Eneboliger"	"2009K3"	18277	19
"1246 Fjell (-2019)"	"Eneboliger"	"2009K4"	18470	23
"1246 Fjell (-2019)"	"Eneboliger"	"2010K1"	19736	12
"1246 Fjell (-2019)"	"Eneboliger"	"2010K2"	19017	34
"1246 Fjell (-2019)"	"Eneboliger"	"2010K3"	20915	24
"1246 Fjell (-2019)"	"Eneboliger"	"2010K4"	18870	17
"1246 Fjell (-2019)"	"Eneboliger"	"2011K1"	21510	37
"1246 Fjell (-2019)"	"Eneboliger"	"2011K2"	19195	43
"1246 Fjell (-2019)"	"Eneboliger"	"2011K3"	19237	35
"1246 Fjell (-2019)"	"Eneboliger"	"2011K4"	19376	35
"1246 Fjell (-2019)"	"Eneboliger"	"2012K1"	19710	26
"1246 Fjell (-2019)"	"Eneboliger"	"2012K2"	21117	37
"1246 Fjell (-2019)"	"Eneboliger"	"2012K3"	21235	35
"1246 Fjell (-2019)"	"Eneboliger"	"2012K4"	22092	25
"1246 Fjell (-2019)"	"Eneboliger"	"2013K1"	21745	12
"1246 Fjell (-2019)"	"Eneboliger"	"2013K2"	23564	55
"1246 Fjell (-2019)"	"Eneboliger"	"2013K3"	20411	41
"1246 Fjell (-2019)"	"Eneboliger"	"2013K4"	24042	28
"1246 Fjell (-2019)"	"Eneboliger"	"2014K1"	22840	27
"1246 Fjell (-2019)"	"Eneboliger"	"2014K2"	23115	31
"1246 Fjell (-2019)"	"Eneboliger"	"2014K3"	23183	34
"1246 Fjell (-2019)"	"Eneboliger"	"2014K4"	22632	26
"1246 Fjell (-2019)"	"Eneboliger"	"2015K1"	23755	34
"1246 Fjell (-2019)"	"Eneboliger"	"2015K2"	24861	40
"1246 Fjell (-2019)"	"Eneboliger"	"2015K3"	23465	34
"1246 Fjell (-2019)"	"Eneboliger"	"2015K4"	23832	21
"1246 Fjell (-2019)"	"Eneboliger"	"2016K1"	25018	27
"1246 Fjell (-2019)"	"Eneboliger"	"2016K2"	25310	36
"1246 Fjell (-2019)"	"Eneboliger"	"2016K3"	26211	37
"1246 Fjell (-2019)"	"Eneboliger"	"2016K4"	24298	32
"1246 Fjell (-2019)"	"Eneboliger"	"2017K1"	24417	34
"1246 Fjell (-2019)"	"Eneboliger"	"2017K2"	25937	49
"1246 Fjell (-2019)"	"Eneboliger"	"2017K3"	26426	20
"1246 Fjell (-2019)"	"Eneboliger"	"2017K4"	22787	30
"1246 Fjell (-2019)"	"Eneboliger"	"2018K1"	25732	23
"1246 Fjell (-2019)"	"Eneboliger"	"2018K2"	24923	49
"1246 Fjell (-2019)"	"Eneboliger"	"2018K3"	27887	34
"1246 Fjell (-2019)"	"Eneboliger"	"2018K4"	23126	15
"1246 Fjell (-2019)"	"Eneboliger"	"2019K1"	22704	42
"1246 Fjell (-2019)"	"Eneboliger"	"2019K2"	25272	43
"1246 Fjell (-2019)"	"Eneboliger"	"2019K3"	23651	43
"1246 Fjell (-2019)"	"Eneboliger"	"2019K4"	24767	26
"1246 Fjell (-2019)"	"Eneboliger"	"2020K1"	.	.
"1246 Fjell (-2019)"	"Eneboliger"	"2020K2"	.	.
"1246 Fjell (-2019)"	"Eneboliger"	"2020K3"	.	.
"1246 Fjell (-2019)"	"Eneboliger"	"2020K4"	.	.
"1246 Fjell (-2019)"	"Eneboliger"	"2021K1"	.	.
"1246 Fjell (-2019)"	"Eneboliger"	"2021K2"	.	.
"1246 Fjell (-2019)"	"Eneboliger"	"2021K3"	.	.
"1246 Fjell (-2019)"	"Eneboliger"	"2021K4"	.	.
"1246 Fjell (-2019)"	"Eneboliger"	"2022K1"	.	.
"1246 Fjell (-2019)"	"Eneboliger"	"2022K2"	.	.
"1246 Fjell (-2019)"	"Eneboliger"	"2022K3"	.	.
"1246 Fjell (-2019)"	"Eneboliger"	"2022K4"	.	.
"1246 Fjell (-2019)"	"Eneboliger"	"2023K1"	.	.
"1246 Fjell (-2019)"	"Eneboliger"	"2023K2"	.	.
"1246 Fjell (-2019)"	"Eneboliger"	"2023K3"	.	.
"1246 Fjell (-2019)"	"Småhus"	"2006K1"	..	8
"1246 Fjell (-2019)"	"Småhus"	"2006K2"	..	6
"1246 Fjell (-2019)"	"Småhus"	"2006K3"	..	2
"1246 Fjell (-2019)"	"Småhus"	"2006K4"	..	2
"1246 Fjell (-2019)"	"Småhus"	"2007K1"	..	5
"1246 Fjell (-2019)"	"Småhus"	"2007K2"	..	7
"1246 Fjell (-2019)"	"Småhus"	"2007K3"	..	5
"1246 Fjell (-2019)"	"Småhus"	"2007K4"	..	8
"1246 Fjell (-2019)"	"Småhus"	"2008K1"	..	5
"1246 Fjell (-2019)"	"Småhus"	"2008K2"	18897	12
"1246 Fjell (-2019)"	"Småhus"	"2008K3"	..	6
"1246 Fjell (-2019)"	"Småhus"	"2008K4"	..	7
"1246 Fjell (-2019)"	"Småhus"	"2009K1"	..	6
"1246 Fjell (-2019)"	"Småhus"	"2009K2"	..	8
"1246 Fjell (-2019)"	"Småhus"	"2009K3"	..	9
"1246 Fjell (-2019)"	"Småhus"	"2009K4"	..	2
"1246 Fjell (-2019)"	"Småhus"	"2010K1"	..	9
"1246 Fjell (-2019)"	"Småhus"	"2010K2"	20442	10
"1246 Fjell (-2019)"	"Småhus"	"2010K3"	21050	16
"1246 Fjell (-2019)"	"Småhus"	"2010K4"	..	4
"1246 Fjell (-2019)"	"Småhus"	"2011K1"	..	7
"1246 Fjell (-2019)"	"Småhus"	"2011K2"	22721	13
"1246 Fjell (-2019)"	"Småhus"	"2011K3"	..	9
"1246 Fjell (-2019)"	"Småhus"	"2011K4"	..	8
"1246 Fjell (-2019)"	"Småhus"	"2012K1"	22947	13
"1246 Fjell (-2019)"	"Småhus"	"2012K2"	22099	11
"1246 Fjell (-2019)"	"Småhus"	"2012K3"	..	7
"1246 Fjell (-2019)"	"Småhus"	"2012K4"	24786	15
"1246 Fjell (-2019)"	"Småhus"	"2013K1"	..	7
"1246 Fjell (-2019)"	"Småhus"	"2013K2"	..	6
"1246 Fjell (-2019)"	"Småhus"	"2013K3"	..	6
"1246 Fjell (-2019)"	"Småhus"	"2013K4"	23250	10
"1246 Fjell (-2019)"	"Småhus"	"2014K1"	23671	10
"1246 Fjell (-2019)"	"Småhus"	"2014K2"	23609	16
"1246 Fjell (-2019)"	"Småhus"	"2014K3"	24412	13
"1246 Fjell (-2019)"	"Småhus"	"2014K4"	..	9
"1246 Fjell (-2019)"	"Småhus"	"2015K1"	26667	10
"1246 Fjell (-2019)"	"Småhus"	"2015K2"	26080	15
"1246 Fjell (-2019)"	"Småhus"	"2015K3"	..	9
"1246 Fjell (-2019)"	"Småhus"	"2015K4"	25030	10
"1246 Fjell (-2019)"	"Småhus"	"2016K1"	25352	11
"1246 Fjell (-2019)"	"Småhus"	"2016K2"	27402	22
"1246 Fjell (-2019)"	"Småhus"	"2016K3"	26545	18
"1246 Fjell (-2019)"	"Småhus"	"2016K4"	26554	10
"1246 Fjell (-2019)"	"Småhus"	"2017K1"	27184	14
"1246 Fjell (-2019)"	"Småhus"	"2017K2"	26505	16
"1246 Fjell (-2019)"	"Småhus"	"2017K3"	28376	14
"1246 Fjell (-2019)"	"Småhus"	"2017K4"	..	8
"1246 Fjell (-2019)"	"Småhus"	"2018K1"	..	9
"1246 Fjell (-2019)"	"Småhus"	"2018K2"	27119	24
"1246 Fjell (-2019)"	"Småhus"	"2018K3"	28985	16
"1246 Fjell (-2019)"	"Småhus"	"2018K4"	26618	12
"1246 Fjell (-2019)"	"Småhus"	"2019K1"	28175	25
"1246 Fjell (-2019)"	"Småhus"	"2019K2"	26198	18
"1246 Fjell (-2019)"	"Småhus"	"2019K3"	22734	10
"1246 Fjell (-2019)"	"Småhus"	"2019K4"	27107	20
"1246 Fjell (-2019)"	"Småhus"	"2020K1"	.	.
"1246 Fjell (-2019)"	"Småhus"	"2020K2"	.	.
"1246 Fjell (-2019)"	"Småhus"	"2020K3"	.	.
"1246 Fjell (-2019)"	"Småhus"	"2020K4"	.	.
"1246 Fjell (-2019)"	"Småhus"	"2021K1"	.	.
"1246 Fjell (-2019)"	"Småhus"	"2021K2"	.	.
"1246 Fjell (-2019)"	"Småhus"	"2021K3"	.	.
"1246 Fjell (-2019)"	"Småhus"	"2021K4"	.	.
"1246 Fjell (-2019)"	"Småhus"	"2022K1"	.	.
"1246 Fjell (-2019)"	"Småhus"	"2022K2"	.	.
"1246 Fjell (-2019)"	"Småhus"	"2022K3"	.	.
"1246 Fjell (-2019)"	"Småhus"	"2022K4"	.	.
"1246 Fjell (-2019)"	"Småhus"	"2023K1"	.	.
"1246 Fjell (-2019)"	"Småhus"	"2023K2"	.	.
"1246 Fjell (-2019)"	"Småhus"	"2023K3"	.	.
"1246 Fjell (-2019)"	"Blokkleiligheter"	"2006K1"	..	9
"1246 Fjell (-2019)"	"Blokkleiligheter"	"2006K2"	..	3
"1246 Fjell (-2019)"	"Blokkleiligheter"	"2006K3"	..	1
"1246 Fjell (-2019)"	"Blokkleiligheter"	"2006K4"	..	7
"1246 Fjell (-2019)"	"Blokkleiligheter"	"2007K1"	..	4
"1246 Fjell (-2019)"	"Blokkleiligheter"	"2007K2"	25956	11
"1246 Fjell (-2019)"	"Blokkleiligheter"	"2007K3"	..	8
"1246 Fjell (-2019)"	"Blokkleiligheter"	"2007K4"	..	7
"1246 Fjell (-2019)"	"Blokkleiligheter"	"2008K1"	..	6
"1246 Fjell (-2019)"	"Blokkleiligheter"	"2008K2"	..	6
"1246 Fjell (-2019)"	"Blokkleiligheter"	"2008K3"	..	4
"1246 Fjell (-2019)"	"Blokkleiligheter"	"2008K4"	..	7
"1246 Fjell (-2019)"	"Blokkleiligheter"	"2009K1"	..	1
"1246 Fjell (-2019)"	"Blokkleiligheter"	"2009K2"	..	8
"1246 Fjell (-2019)"	"Blokkleiligheter"	"2009K3"	..	5
"1246 Fjell (-2019)"	"Blokkleiligheter"	"2009K4"	..	5
"1246 Fjell (-2019)"	"Blokkleiligheter"	"2010K1"	24921	11
"1246 Fjell (-2019)"	"Blokkleiligheter"	"2010K2"	..	8
"1246 Fjell (-2019)"	"Blokkleiligheter"	"2010K3"	25209	13
"1246 Fjell (-2019)"	"Blokkleiligheter"	"2010K4"	25458	17
"1246 Fjell (-2019)"	"Blokkleiligheter"	"2011K1"	..	9
"1246 Fjell (-2019)"	"Blokkleiligheter"	"2011K2"	..	6
"1246 Fjell (-2019)"	"Blokkleiligheter"	"2011K3"	26140	10
"1246 Fjell (-2019)"	"Blokkleiligheter"	"2011K4"	30886	12
"1246 Fjell (-2019)"	"Blokkleiligheter"	"2012K1"	29526	20
"1246 Fjell (-2019)"	"Blokkleiligheter"	"2012K2"	25834	10
"1246 Fjell (-2019)"	"Blokkleiligheter"	"2012K3"	27366	12
"1246 Fjell (-2019)"	"Blokkleiligheter"	"2012K4"	..	8
"1246 Fjell (-2019)"	"Blokkleiligheter"	"2013K1"	28958	18
"1246 Fjell (-2019)"	"Blokkleiligheter"	"2013K2"	32209	17
"1246 Fjell (-2019)"	"Blokkleiligheter"	"2013K3"	30788	15
"1246 Fjell (-2019)"	"Blokkleiligheter"	"2013K4"	29707	18
"1246 Fjell (-2019)"	"Blokkleiligheter"	"2014K1"	32274	17
"1246 Fjell (-2019)"	"Blokkleiligheter"	"2014K2"	31761	20
"1246 Fjell (-2019)"	"Blokkleiligheter"	"2014K3"	32459	16
"1246 Fjell (-2019)"	"Blokkleiligheter"	"2014K4"	32264	21
"1246 Fjell (-2019)"	"Blokkleiligheter"	"2015K1"	36467	23
"1246 Fjell (-2019)"	"Blokkleiligheter"	"2015K2"	35177	21
"1246 Fjell (-2019)"	"Blokkleiligheter"	"2015K3"	34264	19
"1246 Fjell (-2019)"	"Blokkleiligheter"	"2015K4"	32594	11
"1246 Fjell (-2019)"	"Blokkleiligheter"	"2016K1"	36193	25
"1246 Fjell (-2019)"	"Blokkleiligheter"	"2016K2"	34849	17
"1246 Fjell (-2019)"	"Blokkleiligheter"	"2016K3"	34544	25
"1246 Fjell (-2019)"	"Blokkleiligheter"	"2016K4"	35199	24
"1246 Fjell (-2019)"	"Blokkleiligheter"	"2017K1"	35389	28
"1246 Fjell (-2019)"	"Blokkleiligheter"	"2017K2"	34900	31
"1246 Fjell (-2019)"	"Blokkleiligheter"	"2017K3"	35071	28
"1246 Fjell (-2019)"	"Blokkleiligheter"	"2017K4"	36747	16
"1246 Fjell (-2019)"	"Blokkleiligheter"	"2018K1"	36288	20
"1246 Fjell (-2019)"	"Blokkleiligheter"	"2018K2"	34541	31
"1246 Fjell (-2019)"	"Blokkleiligheter"	"2018K3"	38592	24
"1246 Fjell (-2019)"	"Blokkleiligheter"	"2018K4"	41444	21
"1246 Fjell (-2019)"	"Blokkleiligheter"	"2019K1"	35138	29
"1246 Fjell (-2019)"	"Blokkleiligheter"	"2019K2"	37313	32
"1246 Fjell (-2019)"	"Blokkleiligheter"	"2019K3"	35893	27
"1246 Fjell (-2019)"	"Blokkleiligheter"	"2019K4"	37720	18
"1246 Fjell (-2019)"	"Blokkleiligheter"	"2020K1"	.	.
"1246 Fjell (-2019)"	"Blokkleiligheter"	"2020K2"	.	.
"1246 Fjell (-2019)"	"Blokkleiligheter"	"2020K3"	.	.
"1246 Fjell (-2019)"	"Blokkleiligheter"	"2020K4"	.	.
"1246 Fjell (-2019)"	"Blokkleiligheter"	"2021K1"	.	.
"1246 Fjell (-2019)"	"Blokkleiligheter"	"2021K2"	.	.
"1246 Fjell (-2019)"	"Blokkleiligheter"	"2021K3"	.	.
"1246 Fjell (-2019)"	"Blokkleiligheter"	"2021K4"	.	.
"1246 Fjell (-2019)"	"Blokkleiligheter"	"2022K1"	.	.
"1246 Fjell (-2019)"	"Blokkleiligheter"	"2022K2"	.	.
"1246 Fjell (-2019)"	"Blokkleiligheter"	"2022K3"	.	.
"1246 Fjell (-2019)"	"Blokkleiligheter"	"2022K4"	.	.
"1246 Fjell (-2019)"	"Blokkleiligheter"	"2023K1"	.	.
"1246 Fjell (-2019)"	"Blokkleiligheter"	"2023K2"	.	.
"1246 Fjell (-2019)"	"Blokkleiligheter"	"2023K3"	.	.
"1247 Askøy (-2019)"	"Eneboliger"	"2006K1"	15053	28
"1247 Askøy (-2019)"	"Eneboliger"	"2006K2"	16579	29
"1247 Askøy (-2019)"	"Eneboliger"	"2006K3"	17700	20
"1247 Askøy (-2019)"	"Eneboliger"	"2006K4"	21705	19
"1247 Askøy (-2019)"	"Eneboliger"	"2007K1"	19946	12
"1247 Askøy (-2019)"	"Eneboliger"	"2007K2"	21480	27
"1247 Askøy (-2019)"	"Eneboliger"	"2007K3"	19540	15
"1247 Askøy (-2019)"	"Eneboliger"	"2007K4"	18623	17
"1247 Askøy (-2019)"	"Eneboliger"	"2008K1"	19130	19
"1247 Askøy (-2019)"	"Eneboliger"	"2008K2"	17614	35
"1247 Askøy (-2019)"	"Eneboliger"	"2008K3"	17681	27
"1247 Askøy (-2019)"	"Eneboliger"	"2008K4"	16306	16
"1247 Askøy (-2019)"	"Eneboliger"	"2009K1"	17133	30
"1247 Askøy (-2019)"	"Eneboliger"	"2009K2"	18251	34
"1247 Askøy (-2019)"	"Eneboliger"	"2009K3"	18094	32
"1247 Askøy (-2019)"	"Eneboliger"	"2009K4"	17846	30
"1247 Askøy (-2019)"	"Eneboliger"	"2010K1"	17734	21
"1247 Askøy (-2019)"	"Eneboliger"	"2010K2"	18590	52
"1247 Askøy (-2019)"	"Eneboliger"	"2010K3"	18831	39
"1247 Askøy (-2019)"	"Eneboliger"	"2010K4"	18529	37
"1247 Askøy (-2019)"	"Eneboliger"	"2011K1"	21576	29
"1247 Askøy (-2019)"	"Eneboliger"	"2011K2"	21494	40
"1247 Askøy (-2019)"	"Eneboliger"	"2011K3"	22027	38
"1247 Askøy (-2019)"	"Eneboliger"	"2011K4"	20902	29
"1247 Askøy (-2019)"	"Eneboliger"	"2012K1"	21035	30
"1247 Askøy (-2019)"	"Eneboliger"	"2012K2"	22704	44
"1247 Askøy (-2019)"	"Eneboliger"	"2012K3"	22542	33
"1247 Askøy (-2019)"	"Eneboliger"	"2012K4"	22563	22
"1247 Askøy (-2019)"	"Eneboliger"	"2013K1"	23883	27
"1247 Askøy (-2019)"	"Eneboliger"	"2013K2"	24373	48
"1247 Askøy (-2019)"	"Eneboliger"	"2013K3"	22472	32
"1247 Askøy (-2019)"	"Eneboliger"	"2013K4"	23063	25
"1247 Askøy (-2019)"	"Eneboliger"	"2014K1"	25195	29
"1247 Askøy (-2019)"	"Eneboliger"	"2014K2"	23992	58
"1247 Askøy (-2019)"	"Eneboliger"	"2014K3"	23415	34
"1247 Askøy (-2019)"	"Eneboliger"	"2014K4"	23810	40
"1247 Askøy (-2019)"	"Eneboliger"	"2015K1"	25915	35
"1247 Askøy (-2019)"	"Eneboliger"	"2015K2"	24755	62
"1247 Askøy (-2019)"	"Eneboliger"	"2015K3"	25921	43
"1247 Askøy (-2019)"	"Eneboliger"	"2015K4"	24082	37
"1247 Askøy (-2019)"	"Eneboliger"	"2016K1"	25463	33
"1247 Askøy (-2019)"	"Eneboliger"	"2016K2"	24604	59
"1247 Askøy (-2019)"	"Eneboliger"	"2016K3"	24413	48
"1247 Askøy (-2019)"	"Eneboliger"	"2016K4"	25582	27
"1247 Askøy (-2019)"	"Eneboliger"	"2017K1"	24793	43
"1247 Askøy (-2019)"	"Eneboliger"	"2017K2"	26002	58
"1247 Askøy (-2019)"	"Eneboliger"	"2017K3"	25273	36
"1247 Askøy (-2019)"	"Eneboliger"	"2017K4"	24326	26
"1247 Askøy (-2019)"	"Eneboliger"	"2018K1"	25667	27
"1247 Askøy (-2019)"	"Eneboliger"	"2018K2"	26561	46
"1247 Askøy (-2019)"	"Eneboliger"	"2018K3"	26182	35
"1247 Askøy (-2019)"	"Eneboliger"	"2018K4"	23921	31
"1247 Askøy (-2019)"	"Eneboliger"	"2019K1"	22687	24
"1247 Askøy (-2019)"	"Eneboliger"	"2019K2"	24943	45
"1247 Askøy (-2019)"	"Eneboliger"	"2019K3"	24286	34
"1247 Askøy (-2019)"	"Eneboliger"	"2019K4"	22800	30
"1247 Askøy (-2019)"	"Eneboliger"	"2020K1"	.	.
"1247 Askøy (-2019)"	"Eneboliger"	"2020K2"	.	.
"1247 Askøy (-2019)"	"Eneboliger"	"2020K3"	.	.
"1247 Askøy (-2019)"	"Eneboliger"	"2020K4"	.	.
"1247 Askøy (-2019)"	"Eneboliger"	"2021K1"	.	.
"1247 Askøy (-2019)"	"Eneboliger"	"2021K2"	.	.
"1247 Askøy (-2019)"	"Eneboliger"	"2021K3"	.	.
"1247 Askøy (-2019)"	"Eneboliger"	"2021K4"	.	.
"1247 Askøy (-2019)"	"Eneboliger"	"2022K1"	.	.
"1247 Askøy (-2019)"	"Eneboliger"	"2022K2"	.	.
"1247 Askøy (-2019)"	"Eneboliger"	"2022K3"	.	.
"1247 Askøy (-2019)"	"Eneboliger"	"2022K4"	.	.
"1247 Askøy (-2019)"	"Eneboliger"	"2023K1"	.	.
"1247 Askøy (-2019)"	"Eneboliger"	"2023K2"	.	.
"1247 Askøy (-2019)"	"Eneboliger"	"2023K3"	.	.
"1247 Askøy (-2019)"	"Småhus"	"2006K1"	15697	13
"1247 Askøy (-2019)"	"Småhus"	"2006K2"	..	7
"1247 Askøy (-2019)"	"Småhus"	"2006K3"	20596	11
"1247 Askøy (-2019)"	"Småhus"	"2006K4"	20750	10
"1247 Askøy (-2019)"	"Småhus"	"2007K1"	21522	12
"1247 Askøy (-2019)"	"Småhus"	"2007K2"	20854	16
"1247 Askøy (-2019)"	"Småhus"	"2007K3"	..	6
"1247 Askøy (-2019)"	"Småhus"	"2007K4"	20509	17
"1247 Askøy (-2019)"	"Småhus"	"2008K1"	19414	12
"1247 Askøy (-2019)"	"Småhus"	"2008K2"	20316	25
"1247 Askøy (-2019)"	"Småhus"	"2008K3"	18814	14
"1247 Askøy (-2019)"	"Småhus"	"2008K4"	..	9
"1247 Askøy (-2019)"	"Småhus"	"2009K1"	17817	16
"1247 Askøy (-2019)"	"Småhus"	"2009K2"	18502	20
"1247 Askøy (-2019)"	"Småhus"	"2009K3"	18524	17
"1247 Askøy (-2019)"	"Småhus"	"2009K4"	18978	15
"1247 Askøy (-2019)"	"Småhus"	"2010K1"	21364	13
"1247 Askøy (-2019)"	"Småhus"	"2010K2"	21858	18
"1247 Askøy (-2019)"	"Småhus"	"2010K3"	21627	19
"1247 Askøy (-2019)"	"Småhus"	"2010K4"	21559	19
"1247 Askøy (-2019)"	"Småhus"	"2011K1"	22877	19
"1247 Askøy (-2019)"	"Småhus"	"2011K2"	22214	24
"1247 Askøy (-2019)"	"Småhus"	"2011K3"	22588	17
"1247 Askøy (-2019)"	"Småhus"	"2011K4"	22249	13
"1247 Askøy (-2019)"	"Småhus"	"2012K1"	23905	21
"1247 Askøy (-2019)"	"Småhus"	"2012K2"	22891	22
"1247 Askøy (-2019)"	"Småhus"	"2012K3"	24622	16
"1247 Askøy (-2019)"	"Småhus"	"2012K4"	26153	13
"1247 Askøy (-2019)"	"Småhus"	"2013K1"	24726	27
"1247 Askøy (-2019)"	"Småhus"	"2013K2"	25967	22
"1247 Askøy (-2019)"	"Småhus"	"2013K3"	24382	28
"1247 Askøy (-2019)"	"Småhus"	"2013K4"	27525	18
"1247 Askøy (-2019)"	"Småhus"	"2014K1"	23990	16
"1247 Askøy (-2019)"	"Småhus"	"2014K2"	25688	21
"1247 Askøy (-2019)"	"Småhus"	"2014K3"	26984	17
"1247 Askøy (-2019)"	"Småhus"	"2014K4"	26212	12
"1247 Askøy (-2019)"	"Småhus"	"2015K1"	26927	26
"1247 Askøy (-2019)"	"Småhus"	"2015K2"	27047	34
"1247 Askøy (-2019)"	"Småhus"	"2015K3"	25302	23
"1247 Askøy (-2019)"	"Småhus"	"2015K4"	26376	12
"1247 Askøy (-2019)"	"Småhus"	"2016K1"	26553	30
"1247 Askøy (-2019)"	"Småhus"	"2016K2"	25928	24
"1247 Askøy (-2019)"	"Småhus"	"2016K3"	25551	22
"1247 Askøy (-2019)"	"Småhus"	"2016K4"	26708	18
"1247 Askøy (-2019)"	"Småhus"	"2017K1"	26687	24
"1247 Askøy (-2019)"	"Småhus"	"2017K2"	27452	24
"1247 Askøy (-2019)"	"Småhus"	"2017K3"	26481	23
"1247 Askøy (-2019)"	"Småhus"	"2017K4"	26895	21
"1247 Askøy (-2019)"	"Småhus"	"2018K1"	28772	12
"1247 Askøy (-2019)"	"Småhus"	"2018K2"	27943	20
"1247 Askøy (-2019)"	"Småhus"	"2018K3"	27902	27
"1247 Askøy (-2019)"	"Småhus"	"2018K4"	28209	18
"1247 Askøy (-2019)"	"Småhus"	"2019K1"	27906	23
"1247 Askøy (-2019)"	"Småhus"	"2019K2"	28383	21
"1247 Askøy (-2019)"	"Småhus"	"2019K3"	29767	16
"1247 Askøy (-2019)"	"Småhus"	"2019K4"	26400	13
"1247 Askøy (-2019)"	"Småhus"	"2020K1"	.	.
"1247 Askøy (-2019)"	"Småhus"	"2020K2"	.	.
"1247 Askøy (-2019)"	"Småhus"	"2020K3"	.	.
"1247 Askøy (-2019)"	"Småhus"	"2020K4"	.	.
"1247 Askøy (-2019)"	"Småhus"	"2021K1"	.	.
"1247 Askøy (-2019)"	"Småhus"	"2021K2"	.	.
"1247 Askøy (-2019)"	"Småhus"	"2021K3"	.	.
"1247 Askøy (-2019)"	"Småhus"	"2021K4"	.	.
"1247 Askøy (-2019)"	"Småhus"	"2022K1"	.	.
"1247 Askøy (-2019)"	"Småhus"	"2022K2"	.	.
"1247 Askøy (-2019)"	"Småhus"	"2022K3"	.	.
"1247 Askøy (-2019)"	"Småhus"	"2022K4"	.	.
"1247 Askøy (-2019)"	"Småhus"	"2023K1"	.	.
"1247 Askøy (-2019)"	"Småhus"	"2023K2"	.	.
"1247 Askøy (-2019)"	"Småhus"	"2023K3"	.	.
"1247 Askøy (-2019)"	"Blokkleiligheter"	"2006K1"	..	5
"1247 Askøy (-2019)"	"Blokkleiligheter"	"2006K2"	..	6
"1247 Askøy (-2019)"	"Blokkleiligheter"	"2006K3"	..	4
"1247 Askøy (-2019)"	"Blokkleiligheter"	"2006K4"	22158	14
"1247 Askøy (-2019)"	"Blokkleiligheter"	"2007K1"	..	6
"1247 Askøy (-2019)"	"Blokkleiligheter"	"2007K2"	..	9
"1247 Askøy (-2019)"	"Blokkleiligheter"	"2007K3"	..	8
"1247 Askøy (-2019)"	"Blokkleiligheter"	"2007K4"	..	8
"1247 Askøy (-2019)"	"Blokkleiligheter"	"2008K1"	..	7
"1247 Askøy (-2019)"	"Blokkleiligheter"	"2008K2"	22205	11
"1247 Askøy (-2019)"	"Blokkleiligheter"	"2008K3"	..	6
"1247 Askøy (-2019)"	"Blokkleiligheter"	"2008K4"	..	5
"1247 Askøy (-2019)"	"Blokkleiligheter"	"2009K1"	..	7
"1247 Askøy (-2019)"	"Blokkleiligheter"	"2009K2"	26002	13
"1247 Askøy (-2019)"	"Blokkleiligheter"	"2009K3"	24023	16
"1247 Askøy (-2019)"	"Blokkleiligheter"	"2009K4"	25240	17
"1247 Askøy (-2019)"	"Blokkleiligheter"	"2010K1"	25984	15
"1247 Askøy (-2019)"	"Blokkleiligheter"	"2010K2"	24893	17
"1247 Askøy (-2019)"	"Blokkleiligheter"	"2010K3"	24729	11
"1247 Askøy (-2019)"	"Blokkleiligheter"	"2010K4"	27346	19
"1247 Askøy (-2019)"	"Blokkleiligheter"	"2011K1"	26771	19
"1247 Askøy (-2019)"	"Blokkleiligheter"	"2011K2"	27519	19
"1247 Askøy (-2019)"	"Blokkleiligheter"	"2011K3"	28589	10
"1247 Askøy (-2019)"	"Blokkleiligheter"	"2011K4"	27791	13
"1247 Askøy (-2019)"	"Blokkleiligheter"	"2012K1"	28888	18
"1247 Askøy (-2019)"	"Blokkleiligheter"	"2012K2"	28172	25
"1247 Askøy (-2019)"	"Blokkleiligheter"	"2012K3"	28895	22
"1247 Askøy (-2019)"	"Blokkleiligheter"	"2012K4"	..	9
"1247 Askøy (-2019)"	"Blokkleiligheter"	"2013K1"	28943	17
"1247 Askøy (-2019)"	"Blokkleiligheter"	"2013K2"	31700	13
"1247 Askøy (-2019)"	"Blokkleiligheter"	"2013K3"	31422	17
"1247 Askøy (-2019)"	"Blokkleiligheter"	"2013K4"	30027	17
"1247 Askøy (-2019)"	"Blokkleiligheter"	"2014K1"	30920	19
"1247 Askøy (-2019)"	"Blokkleiligheter"	"2014K2"	33206	31
"1247 Askøy (-2019)"	"Blokkleiligheter"	"2014K3"	30651	25
"1247 Askøy (-2019)"	"Blokkleiligheter"	"2014K4"	31644	18
"1247 Askøy (-2019)"	"Blokkleiligheter"	"2015K1"	32495	18
"1247 Askøy (-2019)"	"Blokkleiligheter"	"2015K2"	31795	20
"1247 Askøy (-2019)"	"Blokkleiligheter"	"2015K3"	33238	18
"1247 Askøy (-2019)"	"Blokkleiligheter"	"2015K4"	33950	14
"1247 Askøy (-2019)"	"Blokkleiligheter"	"2016K1"	33528	15
"1247 Askøy (-2019)"	"Blokkleiligheter"	"2016K2"	33766	25
"1247 Askøy (-2019)"	"Blokkleiligheter"	"2016K3"	34210	20
"1247 Askøy (-2019)"	"Blokkleiligheter"	"2016K4"	31702	17
"1247 Askøy (-2019)"	"Blokkleiligheter"	"2017K1"	34718	20
"1247 Askøy (-2019)"	"Blokkleiligheter"	"2017K2"	33913	21
"1247 Askøy (-2019)"	"Blokkleiligheter"	"2017K3"	34848	21
"1247 Askøy (-2019)"	"Blokkleiligheter"	"2017K4"	33527	16
"1247 Askøy (-2019)"	"Blokkleiligheter"	"2018K1"	34509	14
"1247 Askøy (-2019)"	"Blokkleiligheter"	"2018K2"	34291	29
"1247 Askøy (-2019)"	"Blokkleiligheter"	"2018K3"	35584	18
"1247 Askøy (-2019)"	"Blokkleiligheter"	"2018K4"	..	8
"1247 Askøy (-2019)"	"Blokkleiligheter"	"2019K1"	36510	14
"1247 Askøy (-2019)"	"Blokkleiligheter"	"2019K2"	35521	24
"1247 Askøy (-2019)"	"Blokkleiligheter"	"2019K3"	36253	20
"1247 Askøy (-2019)"	"Blokkleiligheter"	"2019K4"	36684	12
"1247 Askøy (-2019)"	"Blokkleiligheter"	"2020K1"	.	.
"1247 Askøy (-2019)"	"Blokkleiligheter"	"2020K2"	.	.
"1247 Askøy (-2019)"	"Blokkleiligheter"	"2020K3"	.	.
"1247 Askøy (-2019)"	"Blokkleiligheter"	"2020K4"	.	.
"1247 Askøy (-2019)"	"Blokkleiligheter"	"2021K1"	.	.
"1247 Askøy (-2019)"	"Blokkleiligheter"	"2021K2"	.	.
"1247 Askøy (-2019)"	"Blokkleiligheter"	"2021K3"	.	.
"1247 Askøy (-2019)"	"Blokkleiligheter"	"2021K4"	.	.
"1247 Askøy (-2019)"	"Blokkleiligheter"	"2022K1"	.	.
"1247 Askøy (-2019)"	"Blokkleiligheter"	"2022K2"	.	.
"1247 Askøy (-2019)"	"Blokkleiligheter"	"2022K3"	.	.
"1247 Askøy (-2019)"	"Blokkleiligheter"	"2022K4"	.	.
"1247 Askøy (-2019)"	"Blokkleiligheter"	"2023K1"	.	.
"1247 Askøy (-2019)"	"Blokkleiligheter"	"2023K2"	.	.
"1247 Askøy (-2019)"	"Blokkleiligheter"	"2023K3"	.	.
"1502 Molde (-2019)"	"Eneboliger"	"2006K1"	12790	23
"1502 Molde (-2019)"	"Eneboliger"	"2006K2"	13839	26
"1502 Molde (-2019)"	"Eneboliger"	"2006K3"	14567	18
"1502 Molde (-2019)"	"Eneboliger"	"2006K4"	13501	18
"1502 Molde (-2019)"	"Eneboliger"	"2007K1"	16486	17
"1502 Molde (-2019)"	"Eneboliger"	"2007K2"	16251	31
"1502 Molde (-2019)"	"Eneboliger"	"2007K3"	16899	36
"1502 Molde (-2019)"	"Eneboliger"	"2007K4"	16955	19
"1502 Molde (-2019)"	"Eneboliger"	"2008K1"	15460	12
"1502 Molde (-2019)"	"Eneboliger"	"2008K2"	17807	27
"1502 Molde (-2019)"	"Eneboliger"	"2008K3"	16675	20
"1502 Molde (-2019)"	"Eneboliger"	"2008K4"	16045	17
"1502 Molde (-2019)"	"Eneboliger"	"2009K1"	17284	21
"1502 Molde (-2019)"	"Eneboliger"	"2009K2"	17136	36
"1502 Molde (-2019)"	"Eneboliger"	"2009K3"	17416	23
"1502 Molde (-2019)"	"Eneboliger"	"2009K4"	18352	27
"1502 Molde (-2019)"	"Eneboliger"	"2010K1"	18179	32
"1502 Molde (-2019)"	"Eneboliger"	"2010K2"	18732	46
"1502 Molde (-2019)"	"Eneboliger"	"2010K3"	18780	31
"1502 Molde (-2019)"	"Eneboliger"	"2010K4"	19166	21
"1502 Molde (-2019)"	"Eneboliger"	"2011K1"	19767	24
"1502 Molde (-2019)"	"Eneboliger"	"2011K2"	18899	42
"1502 Molde (-2019)"	"Eneboliger"	"2011K3"	19769	42
"1502 Molde (-2019)"	"Eneboliger"	"2011K4"	22121	28
"1502 Molde (-2019)"	"Eneboliger"	"2012K1"	21210	29
"1502 Molde (-2019)"	"Eneboliger"	"2012K2"	18846	42
"1502 Molde (-2019)"	"Eneboliger"	"2012K3"	20481	31
"1502 Molde (-2019)"	"Eneboliger"	"2012K4"	21261	27
"1502 Molde (-2019)"	"Eneboliger"	"2013K1"	20995	25
"1502 Molde (-2019)"	"Eneboliger"	"2013K2"	22553	47
"1502 Molde (-2019)"	"Eneboliger"	"2013K3"	22280	28
"1502 Molde (-2019)"	"Eneboliger"	"2013K4"	21912	21
"1502 Molde (-2019)"	"Eneboliger"	"2014K1"	24830	22
"1502 Molde (-2019)"	"Eneboliger"	"2014K2"	21047	35
"1502 Molde (-2019)"	"Eneboliger"	"2014K3"	21336	39
"1502 Molde (-2019)"	"Eneboliger"	"2014K4"	20915	33
"1502 Molde (-2019)"	"Eneboliger"	"2015K1"	23297	25
"1502 Molde (-2019)"	"Eneboliger"	"2015K2"	22715	37
"1502 Molde (-2019)"	"Eneboliger"	"2015K3"	21786	32
"1502 Molde (-2019)"	"Eneboliger"	"2015K4"	22690	23
"1502 Molde (-2019)"	"Eneboliger"	"2016K1"	23146	23
"1502 Molde (-2019)"	"Eneboliger"	"2016K2"	23555	29
"1502 Molde (-2019)"	"Eneboliger"	"2016K3"	23122	30
"1502 Molde (-2019)"	"Eneboliger"	"2016K4"	23391	28
"1502 Molde (-2019)"	"Eneboliger"	"2017K1"	23271	22
"1502 Molde (-2019)"	"Eneboliger"	"2017K2"	23526	43
"1502 Molde (-2019)"	"Eneboliger"	"2017K3"	24334	20
"1502 Molde (-2019)"	"Eneboliger"	"2017K4"	23010	23
"1502 Molde (-2019)"	"Eneboliger"	"2018K1"	25487	20
"1502 Molde (-2019)"	"Eneboliger"	"2018K2"	24096	49
"1502 Molde (-2019)"	"Eneboliger"	"2018K3"	25034	24
"1502 Molde (-2019)"	"Eneboliger"	"2018K4"	23262	16
"1502 Molde (-2019)"	"Eneboliger"	"2019K1"	27102	16
"1502 Molde (-2019)"	"Eneboliger"	"2019K2"	23906	36
"1502 Molde (-2019)"	"Eneboliger"	"2019K3"	25864	21
"1502 Molde (-2019)"	"Eneboliger"	"2019K4"	21687	32
"1502 Molde (-2019)"	"Eneboliger"	"2020K1"	.	.
"1502 Molde (-2019)"	"Eneboliger"	"2020K2"	.	.
"1502 Molde (-2019)"	"Eneboliger"	"2020K3"	.	.
"1502 Molde (-2019)"	"Eneboliger"	"2020K4"	.	.
"1502 Molde (-2019)"	"Eneboliger"	"2021K1"	.	.
"1502 Molde (-2019)"	"Eneboliger"	"2021K2"	.	.
"1502 Molde (-2019)"	"Eneboliger"	"2021K3"	.	.
"1502 Molde (-2019)"	"Eneboliger"	"2021K4"	.	.
"1502 Molde (-2019)"	"Eneboliger"	"2022K1"	.	.
"1502 Molde (-2019)"	"Eneboliger"	"2022K2"	.	.
"1502 Molde (-2019)"	"Eneboliger"	"2022K3"	.	.
"1502 Molde (-2019)"	"Eneboliger"	"2022K4"	.	.
"1502 Molde (-2019)"	"Eneboliger"	"2023K1"	.	.
"1502 Molde (-2019)"	"Eneboliger"	"2023K2"	.	.
"1502 Molde (-2019)"	"Eneboliger"	"2023K3"	.	.
"1502 Molde (-2019)"	"Småhus"	"2006K1"	15785	11
"1502 Molde (-2019)"	"Småhus"	"2006K2"	14936	18
"1502 Molde (-2019)"	"Småhus"	"2006K3"	..	9
"1502 Molde (-2019)"	"Småhus"	"2006K4"	..	5
"1502 Molde (-2019)"	"Småhus"	"2007K1"	18846	12
"1502 Molde (-2019)"	"Småhus"	"2007K2"	19632	10
"1502 Molde (-2019)"	"Småhus"	"2007K3"	17122	13
"1502 Molde (-2019)"	"Småhus"	"2007K4"	18308	11
"1502 Molde (-2019)"	"Småhus"	"2008K1"	18677	10
"1502 Molde (-2019)"	"Småhus"	"2008K2"	18382	14
"1502 Molde (-2019)"	"Småhus"	"2008K3"	18620	11
"1502 Molde (-2019)"	"Småhus"	"2008K4"	16568	10
"1502 Molde (-2019)"	"Småhus"	"2009K1"	17533	12
"1502 Molde (-2019)"	"Småhus"	"2009K2"	21200	11
"1502 Molde (-2019)"	"Småhus"	"2009K3"	18683	17
"1502 Molde (-2019)"	"Småhus"	"2009K4"	..	9
"1502 Molde (-2019)"	"Småhus"	"2010K1"	21190	10
"1502 Molde (-2019)"	"Småhus"	"2010K2"	21312	20
"1502 Molde (-2019)"	"Småhus"	"2010K3"	20232	14
"1502 Molde (-2019)"	"Småhus"	"2010K4"	18773	14
"1502 Molde (-2019)"	"Småhus"	"2011K1"	19944	13
"1502 Molde (-2019)"	"Småhus"	"2011K2"	21230	25
"1502 Molde (-2019)"	"Småhus"	"2011K3"	21321	16
"1502 Molde (-2019)"	"Småhus"	"2011K4"	20340	24
"1502 Molde (-2019)"	"Småhus"	"2012K1"	21022	24
"1502 Molde (-2019)"	"Småhus"	"2012K2"	21469	18
"1502 Molde (-2019)"	"Småhus"	"2012K3"	22802	21
"1502 Molde (-2019)"	"Småhus"	"2012K4"	22829	20
"1502 Molde (-2019)"	"Småhus"	"2013K1"	..	8
"1502 Molde (-2019)"	"Småhus"	"2013K2"	24308	14
"1502 Molde (-2019)"	"Småhus"	"2013K3"	25556	15
"1502 Molde (-2019)"	"Småhus"	"2013K4"	24579	10
"1502 Molde (-2019)"	"Småhus"	"2014K1"	..	9
"1502 Molde (-2019)"	"Småhus"	"2014K2"	23334	19
"1502 Molde (-2019)"	"Småhus"	"2014K3"	24003	11
"1502 Molde (-2019)"	"Småhus"	"2014K4"	22748	22
"1502 Molde (-2019)"	"Småhus"	"2015K1"	26007	16
"1502 Molde (-2019)"	"Småhus"	"2015K2"	23321	20
"1502 Molde (-2019)"	"Småhus"	"2015K3"	26408	18
"1502 Molde (-2019)"	"Småhus"	"2015K4"	25721	16
"1502 Molde (-2019)"	"Småhus"	"2016K1"	26994	18
"1502 Molde (-2019)"	"Småhus"	"2016K2"	25123	18
"1502 Molde (-2019)"	"Småhus"	"2016K3"	26904	16
"1502 Molde (-2019)"	"Småhus"	"2016K4"	25546	14
"1502 Molde (-2019)"	"Småhus"	"2017K1"	25477	16
"1502 Molde (-2019)"	"Småhus"	"2017K2"	28888	13
"1502 Molde (-2019)"	"Småhus"	"2017K3"	27228	24
"1502 Molde (-2019)"	"Småhus"	"2017K4"	25594	18
"1502 Molde (-2019)"	"Småhus"	"2018K1"	..	8
"1502 Molde (-2019)"	"Småhus"	"2018K2"	28040	28
"1502 Molde (-2019)"	"Småhus"	"2018K3"	23376	15
"1502 Molde (-2019)"	"Småhus"	"2018K4"	26585	19
"1502 Molde (-2019)"	"Småhus"	"2019K1"	26715	17
"1502 Molde (-2019)"	"Småhus"	"2019K2"	26844	24
"1502 Molde (-2019)"	"Småhus"	"2019K3"	..	9
"1502 Molde (-2019)"	"Småhus"	"2019K4"	25743	16
"1502 Molde (-2019)"	"Småhus"	"2020K1"	.	.
"1502 Molde (-2019)"	"Småhus"	"2020K2"	.	.
"1502 Molde (-2019)"	"Småhus"	"2020K3"	.	.
"1502 Molde (-2019)"	"Småhus"	"2020K4"	.	.
"1502 Molde (-2019)"	"Småhus"	"2021K1"	.	.
"1502 Molde (-2019)"	"Småhus"	"2021K2"	.	.
"1502 Molde (-2019)"	"Småhus"	"2021K3"	.	.
"1502 Molde (-2019)"	"Småhus"	"2021K4"	.	.
"1502 Molde (-2019)"	"Småhus"	"2022K1"	.	.
"1502 Molde (-2019)"	"Småhus"	"2022K2"	.	.
"1502 Molde (-2019)"	"Småhus"	"2022K3"	.	.
"1502 Molde (-2019)"	"Småhus"	"2022K4"	.	.
"1502 Molde (-2019)"	"Småhus"	"2023K1"	.	.
"1502 Molde (-2019)"	"Småhus"	"2023K2"	.	.
"1502 Molde (-2019)"	"Småhus"	"2023K3"	.	.
"1502 Molde (-2019)"	"Blokkleiligheter"	"2006K1"	17530	16
"1502 Molde (-2019)"	"Blokkleiligheter"	"2006K2"	20508	12
"1502 Molde (-2019)"	"Blokkleiligheter"	"2006K3"	..	6
"1502 Molde (-2019)"	"Blokkleiligheter"	"2006K4"	..	7
"1502 Molde (-2019)"	"Blokkleiligheter"	"2007K1"	24260	18
"1502 Molde (-2019)"	"Blokkleiligheter"	"2007K2"	25398	17
"1502 Molde (-2019)"	"Blokkleiligheter"	"2007K3"	23788	20
"1502 Molde (-2019)"	"Blokkleiligheter"	"2007K4"	22013	19
"1502 Molde (-2019)"	"Blokkleiligheter"	"2008K1"	23813	12
"1502 Molde (-2019)"	"Blokkleiligheter"	"2008K2"	21052	13
"1502 Molde (-2019)"	"Blokkleiligheter"	"2008K3"	23288	11
"1502 Molde (-2019)"	"Blokkleiligheter"	"2008K4"	..	9
"1502 Molde (-2019)"	"Blokkleiligheter"	"2009K1"	24046	15
"1502 Molde (-2019)"	"Blokkleiligheter"	"2009K2"	24450	24
"1502 Molde (-2019)"	"Blokkleiligheter"	"2009K3"	25453	19
"1502 Molde (-2019)"	"Blokkleiligheter"	"2009K4"	26786	24
"1502 Molde (-2019)"	"Blokkleiligheter"	"2010K1"	25375	13
"1502 Molde (-2019)"	"Blokkleiligheter"	"2010K2"	29649	21
"1502 Molde (-2019)"	"Blokkleiligheter"	"2010K3"	26079	25
"1502 Molde (-2019)"	"Blokkleiligheter"	"2010K4"	27784	18
"1502 Molde (-2019)"	"Blokkleiligheter"	"2011K1"	28297	21
"1502 Molde (-2019)"	"Blokkleiligheter"	"2011K2"	28429	17
"1502 Molde (-2019)"	"Blokkleiligheter"	"2011K3"	28891	27
"1502 Molde (-2019)"	"Blokkleiligheter"	"2011K4"	28756	14
"1502 Molde (-2019)"	"Blokkleiligheter"	"2012K1"	30524	18
"1502 Molde (-2019)"	"Blokkleiligheter"	"2012K2"	29971	21
"1502 Molde (-2019)"	"Blokkleiligheter"	"2012K3"	30858	30
"1502 Molde (-2019)"	"Blokkleiligheter"	"2012K4"	30101	18
"1502 Molde (-2019)"	"Blokkleiligheter"	"2013K1"	35195	14
"1502 Molde (-2019)"	"Blokkleiligheter"	"2013K2"	30140	15
"1502 Molde (-2019)"	"Blokkleiligheter"	"2013K3"	34072	21
"1502 Molde (-2019)"	"Blokkleiligheter"	"2013K4"	31871	15
"1502 Molde (-2019)"	"Blokkleiligheter"	"2014K1"	34782	24
"1502 Molde (-2019)"	"Blokkleiligheter"	"2014K2"	33996	36
"1502 Molde (-2019)"	"Blokkleiligheter"	"2014K3"	32937	18
"1502 Molde (-2019)"	"Blokkleiligheter"	"2014K4"	39454	17
"1502 Molde (-2019)"	"Blokkleiligheter"	"2015K1"	31084	27
"1502 Molde (-2019)"	"Blokkleiligheter"	"2015K2"	33797	19
"1502 Molde (-2019)"	"Blokkleiligheter"	"2015K3"	37681	23
"1502 Molde (-2019)"	"Blokkleiligheter"	"2015K4"	35714	16
"1502 Molde (-2019)"	"Blokkleiligheter"	"2016K1"	35654	23
"1502 Molde (-2019)"	"Blokkleiligheter"	"2016K2"	34153	23
"1502 Molde (-2019)"	"Blokkleiligheter"	"2016K3"	34698	24
"1502 Molde (-2019)"	"Blokkleiligheter"	"2016K4"	36297	18
"1502 Molde (-2019)"	"Blokkleiligheter"	"2017K1"	36659	29
"1502 Molde (-2019)"	"Blokkleiligheter"	"2017K2"	38050	26
"1502 Molde (-2019)"	"Blokkleiligheter"	"2017K3"	36998	25
"1502 Molde (-2019)"	"Blokkleiligheter"	"2017K4"	35940	13
"1502 Molde (-2019)"	"Blokkleiligheter"	"2018K1"	35242	15
"1502 Molde (-2019)"	"Blokkleiligheter"	"2018K2"	35752	26
"1502 Molde (-2019)"	"Blokkleiligheter"	"2018K3"	31024	23
"1502 Molde (-2019)"	"Blokkleiligheter"	"2018K4"	35971	15
"1502 Molde (-2019)"	"Blokkleiligheter"	"2019K1"	34153	24
"1502 Molde (-2019)"	"Blokkleiligheter"	"2019K2"	39320	22
"1502 Molde (-2019)"	"Blokkleiligheter"	"2019K3"	37747	39
"1502 Molde (-2019)"	"Blokkleiligheter"	"2019K4"	36403	10
"1502 Molde (-2019)"	"Blokkleiligheter"	"2020K1"	.	.
"1502 Molde (-2019)"	"Blokkleiligheter"	"2020K2"	.	.
"1502 Molde (-2019)"	"Blokkleiligheter"	"2020K3"	.	.
"1502 Molde (-2019)"	"Blokkleiligheter"	"2020K4"	.	.
"1502 Molde (-2019)"	"Blokkleiligheter"	"2021K1"	.	.
"1502 Molde (-2019)"	"Blokkleiligheter"	"2021K2"	.	.
"1502 Molde (-2019)"	"Blokkleiligheter"	"2021K3"	.	.
"1502 Molde (-2019)"	"Blokkleiligheter"	"2021K4"	.	.
"1502 Molde (-2019)"	"Blokkleiligheter"	"2022K1"	.	.
"1502 Molde (-2019)"	"Blokkleiligheter"	"2022K2"	.	.
"1502 Molde (-2019)"	"Blokkleiligheter"	"2022K3"	.	.
"1502 Molde (-2019)"	"Blokkleiligheter"	"2022K4"	.	.
"1502 Molde (-2019)"	"Blokkleiligheter"	"2023K1"	.	.
"1502 Molde (-2019)"	"Blokkleiligheter"	"2023K2"	.	.
"1502 Molde (-2019)"	"Blokkleiligheter"	"2023K3"	.	.
"1504 Ålesund (1977-2019)"	"Eneboliger"	"2006K1"	12921	33
"1504 Ålesund (1977-2019)"	"Eneboliger"	"2006K2"	12568	63
"1504 Ålesund (1977-2019)"	"Eneboliger"	"2006K3"	13699	51
"1504 Ålesund (1977-2019)"	"Eneboliger"	"2006K4"	14250	52
"1504 Ålesund (1977-2019)"	"Eneboliger"	"2007K1"	14325	42
"1504 Ålesund (1977-2019)"	"Eneboliger"	"2007K2"	15939	56
"1504 Ålesund (1977-2019)"	"Eneboliger"	"2007K3"	14646	46
"1504 Ålesund (1977-2019)"	"Eneboliger"	"2007K4"	15256	67
"1504 Ålesund (1977-2019)"	"Eneboliger"	"2008K1"	16236	24
"1504 Ålesund (1977-2019)"	"Eneboliger"	"2008K2"	16265	62
"1504 Ålesund (1977-2019)"	"Eneboliger"	"2008K3"	16843	43
"1504 Ålesund (1977-2019)"	"Eneboliger"	"2008K4"	15546	30
"1504 Ålesund (1977-2019)"	"Eneboliger"	"2009K1"	15909	29
"1504 Ålesund (1977-2019)"	"Eneboliger"	"2009K2"	16479	47
"1504 Ålesund (1977-2019)"	"Eneboliger"	"2009K3"	17105	47
"1504 Ålesund (1977-2019)"	"Eneboliger"	"2009K4"	17702	43
"1504 Ålesund (1977-2019)"	"Eneboliger"	"2010K1"	17829	33
"1504 Ålesund (1977-2019)"	"Eneboliger"	"2010K2"	18682	60
"1504 Ålesund (1977-2019)"	"Eneboliger"	"2010K3"	18969	58
"1504 Ålesund (1977-2019)"	"Eneboliger"	"2010K4"	16372	43
"1504 Ålesund (1977-2019)"	"Eneboliger"	"2011K1"	18727	39
"1504 Ålesund (1977-2019)"	"Eneboliger"	"2011K2"	19778	54
"1504 Ålesund (1977-2019)"	"Eneboliger"	"2011K3"	20901	65
"1504 Ålesund (1977-2019)"	"Eneboliger"	"2011K4"	19559	56
"1504 Ålesund (1977-2019)"	"Eneboliger"	"2012K1"	20517	33
"1504 Ålesund (1977-2019)"	"Eneboliger"	"2012K2"	20382	68
"1504 Ålesund (1977-2019)"	"Eneboliger"	"2012K3"	21857	43
"1504 Ålesund (1977-2019)"	"Eneboliger"	"2012K4"	20106	48
"1504 Ålesund (1977-2019)"	"Eneboliger"	"2013K1"	21174	34
"1504 Ålesund (1977-2019)"	"Eneboliger"	"2013K2"	21349	68
"1504 Ålesund (1977-2019)"	"Eneboliger"	"2013K3"	19417	55
"1504 Ålesund (1977-2019)"	"Eneboliger"	"2013K4"	21559	46
"1504 Ålesund (1977-2019)"	"Eneboliger"	"2014K1"	21456	34
"1504 Ålesund (1977-2019)"	"Eneboliger"	"2014K2"	21515	69
"1504 Ålesund (1977-2019)"	"Eneboliger"	"2014K3"	21287	56
"1504 Ålesund (1977-2019)"	"Eneboliger"	"2014K4"	21968	36
"1504 Ålesund (1977-2019)"	"Eneboliger"	"2015K1"	23348	27
"1504 Ålesund (1977-2019)"	"Eneboliger"	"2015K2"	25006	60
"1504 Ålesund (1977-2019)"	"Eneboliger"	"2015K3"	24172	39
"1504 Ålesund (1977-2019)"	"Eneboliger"	"2015K4"	22541	30
"1504 Ålesund (1977-2019)"	"Eneboliger"	"2016K1"	23547	35
"1504 Ålesund (1977-2019)"	"Eneboliger"	"2016K2"	22903	71
"1504 Ålesund (1977-2019)"	"Eneboliger"	"2016K3"	22789	52
"1504 Ålesund (1977-2019)"	"Eneboliger"	"2016K4"	22024	39
"1504 Ålesund (1977-2019)"	"Eneboliger"	"2017K1"	23940	43
"1504 Ålesund (1977-2019)"	"Eneboliger"	"2017K2"	24664	61
"1504 Ålesund (1977-2019)"	"Eneboliger"	"2017K3"	24885	52
"1504 Ålesund (1977-2019)"	"Eneboliger"	"2017K4"	23336	46
"1504 Ålesund (1977-2019)"	"Eneboliger"	"2018K1"	24161	27
"1504 Ålesund (1977-2019)"	"Eneboliger"	"2018K2"	25548	65
"1504 Ålesund (1977-2019)"	"Eneboliger"	"2018K3"	23160	42
"1504 Ålesund (1977-2019)"	"Eneboliger"	"2018K4"	24867	36
"1504 Ålesund (1977-2019)"	"Eneboliger"	"2019K1"	24916	36
"1504 Ålesund (1977-2019)"	"Eneboliger"	"2019K2"	25799	69
"1504 Ålesund (1977-2019)"	"Eneboliger"	"2019K3"	25118	40
"1504 Ålesund (1977-2019)"	"Eneboliger"	"2019K4"	25172	34
"1504 Ålesund (1977-2019)"	"Eneboliger"	"2020K1"	.	.
"1504 Ålesund (1977-2019)"	"Eneboliger"	"2020K2"	.	.
"1504 Ålesund (1977-2019)"	"Eneboliger"	"2020K3"	.	.
"1504 Ålesund (1977-2019)"	"Eneboliger"	"2020K4"	.	.
"1504 Ålesund (1977-2019)"	"Eneboliger"	"2021K1"	.	.
"1504 Ålesund (1977-2019)"	"Eneboliger"	"2021K2"	.	.
"1504 Ålesund (1977-2019)"	"Eneboliger"	"2021K3"	.	.
"1504 Ålesund (1977-2019)"	"Eneboliger"	"2021K4"	.	.
"1504 Ålesund (1977-2019)"	"Eneboliger"	"2022K1"	.	.
"1504 Ålesund (1977-2019)"	"Eneboliger"	"2022K2"	.	.
"1504 Ålesund (1977-2019)"	"Eneboliger"	"2022K3"	.	.
"1504 Ålesund (1977-2019)"	"Eneboliger"	"2022K4"	.	.
"1504 Ålesund (1977-2019)"	"Eneboliger"	"2023K1"	.	.
"1504 Ålesund (1977-2019)"	"Eneboliger"	"2023K2"	.	.
"1504 Ålesund (1977-2019)"	"Eneboliger"	"2023K3"	.	.
"1504 Ålesund (1977-2019)"	"Småhus"	"2006K1"	14808	15
"1504 Ålesund (1977-2019)"	"Småhus"	"2006K2"	15153	26
"1504 Ålesund (1977-2019)"	"Småhus"	"2006K3"	15676	29
"1504 Ålesund (1977-2019)"	"Småhus"	"2006K4"	15915	22
"1504 Ålesund (1977-2019)"	"Småhus"	"2007K1"	17692	23
"1504 Ålesund (1977-2019)"	"Småhus"	"2007K2"	16572	21
"1504 Ålesund (1977-2019)"	"Småhus"	"2007K3"	17822	25
"1504 Ålesund (1977-2019)"	"Småhus"	"2007K4"	17943	18
"1504 Ålesund (1977-2019)"	"Småhus"	"2008K1"	17512	26
"1504 Ålesund (1977-2019)"	"Småhus"	"2008K2"	18197	44
"1504 Ålesund (1977-2019)"	"Småhus"	"2008K3"	16486	23
"1504 Ålesund (1977-2019)"	"Småhus"	"2008K4"	16933	21
"1504 Ålesund (1977-2019)"	"Småhus"	"2009K1"	17670	19
"1504 Ålesund (1977-2019)"	"Småhus"	"2009K2"	18745	33
"1504 Ålesund (1977-2019)"	"Småhus"	"2009K3"	18657	20
"1504 Ålesund (1977-2019)"	"Småhus"	"2009K4"	19093	29
"1504 Ålesund (1977-2019)"	"Småhus"	"2010K1"	21019	18
"1504 Ålesund (1977-2019)"	"Småhus"	"2010K2"	20917	28
"1504 Ålesund (1977-2019)"	"Småhus"	"2010K3"	21594	23
"1504 Ålesund (1977-2019)"	"Småhus"	"2010K4"	20985	29
"1504 Ålesund (1977-2019)"	"Småhus"	"2011K1"	19799	20
"1504 Ålesund (1977-2019)"	"Småhus"	"2011K2"	22276	36
"1504 Ålesund (1977-2019)"	"Småhus"	"2011K3"	20898	19
"1504 Ålesund (1977-2019)"	"Småhus"	"2011K4"	21196	33
"1504 Ålesund (1977-2019)"	"Småhus"	"2012K1"	23912	32
"1504 Ålesund (1977-2019)"	"Småhus"	"2012K2"	23345	45
"1504 Ålesund (1977-2019)"	"Småhus"	"2012K3"	24116	36
"1504 Ålesund (1977-2019)"	"Småhus"	"2012K4"	22650	19
"1504 Ålesund (1977-2019)"	"Småhus"	"2013K1"	25011	22
"1504 Ålesund (1977-2019)"	"Småhus"	"2013K2"	23609	42
"1504 Ålesund (1977-2019)"	"Småhus"	"2013K3"	24691	34
"1504 Ålesund (1977-2019)"	"Småhus"	"2013K4"	22964	25
"1504 Ålesund (1977-2019)"	"Småhus"	"2014K1"	23029	27
"1504 Ålesund (1977-2019)"	"Småhus"	"2014K2"	24199	41
"1504 Ålesund (1977-2019)"	"Småhus"	"2014K3"	25200	37
"1504 Ålesund (1977-2019)"	"Småhus"	"2014K4"	23532	25
"1504 Ålesund (1977-2019)"	"Småhus"	"2015K1"	24371	30
"1504 Ålesund (1977-2019)"	"Småhus"	"2015K2"	25611	44
"1504 Ålesund (1977-2019)"	"Småhus"	"2015K3"	24983	25
"1504 Ålesund (1977-2019)"	"Småhus"	"2015K4"	26513	30
"1504 Ålesund (1977-2019)"	"Småhus"	"2016K1"	24673	25
"1504 Ålesund (1977-2019)"	"Småhus"	"2016K2"	25952	40
"1504 Ålesund (1977-2019)"	"Småhus"	"2016K3"	27108	32
"1504 Ålesund (1977-2019)"	"Småhus"	"2016K4"	26966	32
"1504 Ålesund (1977-2019)"	"Småhus"	"2017K1"	27111	30
"1504 Ålesund (1977-2019)"	"Småhus"	"2017K2"	27238	40
"1504 Ålesund (1977-2019)"	"Småhus"	"2017K3"	28178	26
"1504 Ålesund (1977-2019)"	"Småhus"	"2017K4"	26418	26
"1504 Ålesund (1977-2019)"	"Småhus"	"2018K1"	29360	21
"1504 Ålesund (1977-2019)"	"Småhus"	"2018K2"	27310	51
"1504 Ålesund (1977-2019)"	"Småhus"	"2018K3"	26300	31
"1504 Ålesund (1977-2019)"	"Småhus"	"2018K4"	27415	31
"1504 Ålesund (1977-2019)"	"Småhus"	"2019K1"	28948	32
"1504 Ålesund (1977-2019)"	"Småhus"	"2019K2"	29093	52
"1504 Ålesund (1977-2019)"	"Småhus"	"2019K3"	28973	27
"1504 Ålesund (1977-2019)"	"Småhus"	"2019K4"	26263	23
"1504 Ålesund (1977-2019)"	"Småhus"	"2020K1"	.	.
"1504 Ålesund (1977-2019)"	"Småhus"	"2020K2"	.	.
"1504 Ålesund (1977-2019)"	"Småhus"	"2020K3"	.	.
"1504 Ålesund (1977-2019)"	"Småhus"	"2020K4"	.	.
"1504 Ålesund (1977-2019)"	"Småhus"	"2021K1"	.	.
"1504 Ålesund (1977-2019)"	"Småhus"	"2021K2"	.	.
"1504 Ålesund (1977-2019)"	"Småhus"	"2021K3"	.	.
"1504 Ålesund (1977-2019)"	"Småhus"	"2021K4"	.	.
"1504 Ålesund (1977-2019)"	"Småhus"	"2022K1"	.	.
"1504 Ålesund (1977-2019)"	"Småhus"	"2022K2"	.	.
"1504 Ålesund (1977-2019)"	"Småhus"	"2022K3"	.	.
"1504 Ålesund (1977-2019)"	"Småhus"	"2022K4"	.	.
"1504 Ålesund (1977-2019)"	"Småhus"	"2023K1"	.	.
"1504 Ålesund (1977-2019)"	"Småhus"	"2023K2"	.	.
"1504 Ålesund (1977-2019)"	"Småhus"	"2023K3"	.	.
"1504 Ålesund (1977-2019)"	"Blokkleiligheter"	"2006K1"	18116	78
"1504 Ålesund (1977-2019)"	"Blokkleiligheter"	"2006K2"	17852	90
"1504 Ålesund (1977-2019)"	"Blokkleiligheter"	"2006K3"	20528	88
"1504 Ålesund (1977-2019)"	"Blokkleiligheter"	"2006K4"	21520	84
"1504 Ålesund (1977-2019)"	"Blokkleiligheter"	"2007K1"	22678	63
"1504 Ålesund (1977-2019)"	"Blokkleiligheter"	"2007K2"	23258	83
"1504 Ålesund (1977-2019)"	"Blokkleiligheter"	"2007K3"	22845	89
"1504 Ålesund (1977-2019)"	"Blokkleiligheter"	"2007K4"	22887	92
"1504 Ålesund (1977-2019)"	"Blokkleiligheter"	"2008K1"	22951	55
"1504 Ålesund (1977-2019)"	"Blokkleiligheter"	"2008K2"	22084	89
"1504 Ålesund (1977-2019)"	"Blokkleiligheter"	"2008K3"	22042	66
"1504 Ålesund (1977-2019)"	"Blokkleiligheter"	"2008K4"	22265	34
"1504 Ålesund (1977-2019)"	"Blokkleiligheter"	"2009K1"	22761	74
"1504 Ålesund (1977-2019)"	"Blokkleiligheter"	"2009K2"	22854	92
"1504 Ålesund (1977-2019)"	"Blokkleiligheter"	"2009K3"	24485	85
"1504 Ålesund (1977-2019)"	"Blokkleiligheter"	"2009K4"	23987	70
"1504 Ålesund (1977-2019)"	"Blokkleiligheter"	"2010K1"	24429	61
"1504 Ålesund (1977-2019)"	"Blokkleiligheter"	"2010K2"	26114	100
"1504 Ålesund (1977-2019)"	"Blokkleiligheter"	"2010K3"	25949	103
"1504 Ålesund (1977-2019)"	"Blokkleiligheter"	"2010K4"	26073	86
"1504 Ålesund (1977-2019)"	"Blokkleiligheter"	"2011K1"	27503	106
"1504 Ålesund (1977-2019)"	"Blokkleiligheter"	"2011K2"	29072	101
"1504 Ålesund (1977-2019)"	"Blokkleiligheter"	"2011K3"	27898	82
"1504 Ålesund (1977-2019)"	"Blokkleiligheter"	"2011K4"	27820	81
"1504 Ålesund (1977-2019)"	"Blokkleiligheter"	"2012K1"	29205	87
"1504 Ålesund (1977-2019)"	"Blokkleiligheter"	"2012K2"	29183	107
"1504 Ålesund (1977-2019)"	"Blokkleiligheter"	"2012K3"	29679	101
"1504 Ålesund (1977-2019)"	"Blokkleiligheter"	"2012K4"	30438	68
"1504 Ålesund (1977-2019)"	"Blokkleiligheter"	"2013K1"	30346	75
"1504 Ålesund (1977-2019)"	"Blokkleiligheter"	"2013K2"	30489	117
"1504 Ålesund (1977-2019)"	"Blokkleiligheter"	"2013K3"	29855	97
"1504 Ålesund (1977-2019)"	"Blokkleiligheter"	"2013K4"	31056	89
"1504 Ålesund (1977-2019)"	"Blokkleiligheter"	"2014K1"	29333	80
"1504 Ålesund (1977-2019)"	"Blokkleiligheter"	"2014K2"	32087	118
"1504 Ålesund (1977-2019)"	"Blokkleiligheter"	"2014K3"	33053	126
"1504 Ålesund (1977-2019)"	"Blokkleiligheter"	"2014K4"	31374	91
"1504 Ålesund (1977-2019)"	"Blokkleiligheter"	"2015K1"	32046	82
"1504 Ålesund (1977-2019)"	"Blokkleiligheter"	"2015K2"	34751	119
"1504 Ålesund (1977-2019)"	"Blokkleiligheter"	"2015K3"	33061	111
"1504 Ålesund (1977-2019)"	"Blokkleiligheter"	"2015K4"	33219	82
"1504 Ålesund (1977-2019)"	"Blokkleiligheter"	"2016K1"	32864	93
"1504 Ålesund (1977-2019)"	"Blokkleiligheter"	"2016K2"	35312	137
"1504 Ålesund (1977-2019)"	"Blokkleiligheter"	"2016K3"	34446	110
"1504 Ålesund (1977-2019)"	"Blokkleiligheter"	"2016K4"	33561	84
"1504 Ålesund (1977-2019)"	"Blokkleiligheter"	"2017K1"	34968	93
"1504 Ålesund (1977-2019)"	"Blokkleiligheter"	"2017K2"	35247	123
"1504 Ålesund (1977-2019)"	"Blokkleiligheter"	"2017K3"	35956	99
"1504 Ålesund (1977-2019)"	"Blokkleiligheter"	"2017K4"	33885	79
"1504 Ålesund (1977-2019)"	"Blokkleiligheter"	"2018K1"	35875	72
"1504 Ålesund (1977-2019)"	"Blokkleiligheter"	"2018K2"	35514	119
"1504 Ålesund (1977-2019)"	"Blokkleiligheter"	"2018K3"	35269	90
"1504 Ålesund (1977-2019)"	"Blokkleiligheter"	"2018K4"	36644	97
"1504 Ålesund (1977-2019)"	"Blokkleiligheter"	"2019K1"	36492	92
"1504 Ålesund (1977-2019)"	"Blokkleiligheter"	"2019K2"	38216	120
"1504 Ålesund (1977-2019)"	"Blokkleiligheter"	"2019K3"	35327	100
"1504 Ålesund (1977-2019)"	"Blokkleiligheter"	"2019K4"	34545	84
"1504 Ålesund (1977-2019)"	"Blokkleiligheter"	"2020K1"	.	.
"1504 Ålesund (1977-2019)"	"Blokkleiligheter"	"2020K2"	.	.
"1504 Ålesund (1977-2019)"	"Blokkleiligheter"	"2020K3"	.	.
"1504 Ålesund (1977-2019)"	"Blokkleiligheter"	"2020K4"	.	.
"1504 Ålesund (1977-2019)"	"Blokkleiligheter"	"2021K1"	.	.
"1504 Ålesund (1977-2019)"	"Blokkleiligheter"	"2021K2"	.	.
"1504 Ålesund (1977-2019)"	"Blokkleiligheter"	"2021K3"	.	.
"1504 Ålesund (1977-2019)"	"Blokkleiligheter"	"2021K4"	.	.
"1504 Ålesund (1977-2019)"	"Blokkleiligheter"	"2022K1"	.	.
"1504 Ålesund (1977-2019)"	"Blokkleiligheter"	"2022K2"	.	.
"1504 Ålesund (1977-2019)"	"Blokkleiligheter"	"2022K3"	.	.
"1504 Ålesund (1977-2019)"	"Blokkleiligheter"	"2022K4"	.	.
"1504 Ålesund (1977-2019)"	"Blokkleiligheter"	"2023K1"	.	.
"1504 Ålesund (1977-2019)"	"Blokkleiligheter"	"2023K2"	.	.
"1504 Ålesund (1977-2019)"	"Blokkleiligheter"	"2023K3"	.	.
"1505 Kristiansund"	"Eneboliger"	"2006K1"	.	.
"1505 Kristiansund"	"Eneboliger"	"2006K2"	.	.
"1505 Kristiansund"	"Eneboliger"	"2006K3"	.	.
"1505 Kristiansund"	"Eneboliger"	"2006K4"	.	.
"1505 Kristiansund"	"Eneboliger"	"2007K1"	.	.
"1505 Kristiansund"	"Eneboliger"	"2007K2"	.	.
"1505 Kristiansund"	"Eneboliger"	"2007K3"	.	.
"1505 Kristiansund"	"Eneboliger"	"2007K4"	.	.
"1505 Kristiansund"	"Eneboliger"	"2008K1"	.	.
"1505 Kristiansund"	"Eneboliger"	"2008K2"	.	.
"1505 Kristiansund"	"Eneboliger"	"2008K3"	.	.
"1505 Kristiansund"	"Eneboliger"	"2008K4"	.	.
"1505 Kristiansund"	"Eneboliger"	"2009K1"	12679	23
"1505 Kristiansund"	"Eneboliger"	"2009K2"	14989	46
"1505 Kristiansund"	"Eneboliger"	"2009K3"	15361	43
"1505 Kristiansund"	"Eneboliger"	"2009K4"	14305	23
"1505 Kristiansund"	"Eneboliger"	"2010K1"	14214	24
"1505 Kristiansund"	"Eneboliger"	"2010K2"	16337	29
"1505 Kristiansund"	"Eneboliger"	"2010K3"	16240	44
"1505 Kristiansund"	"Eneboliger"	"2010K4"	16416	26
"1505 Kristiansund"	"Eneboliger"	"2011K1"	17849	33
"1505 Kristiansund"	"Eneboliger"	"2011K2"	16035	45
"1505 Kristiansund"	"Eneboliger"	"2011K3"	18590	34
"1505 Kristiansund"	"Eneboliger"	"2011K4"	17920	38
"1505 Kristiansund"	"Eneboliger"	"2012K1"	17035	32
"1505 Kristiansund"	"Eneboliger"	"2012K2"	18609	40
"1505 Kristiansund"	"Eneboliger"	"2012K3"	16628	47
"1505 Kristiansund"	"Eneboliger"	"2012K4"	18649	36
"1505 Kristiansund"	"Eneboliger"	"2013K1"	17445	40
"1505 Kristiansund"	"Eneboliger"	"2013K2"	18280	45
"1505 Kristiansund"	"Eneboliger"	"2013K3"	17280	45
"1505 Kristiansund"	"Eneboliger"	"2013K4"	17865	28
"1505 Kristiansund"	"Eneboliger"	"2014K1"	18871	40
"1505 Kristiansund"	"Eneboliger"	"2014K2"	15936	33
"1505 Kristiansund"	"Eneboliger"	"2014K3"	18248	42
"1505 Kristiansund"	"Eneboliger"	"2014K4"	17523	37
"1505 Kristiansund"	"Eneboliger"	"2015K1"	17074	32
"1505 Kristiansund"	"Eneboliger"	"2015K2"	20242	36
"1505 Kristiansund"	"Eneboliger"	"2015K3"	17623	40
"1505 Kristiansund"	"Eneboliger"	"2015K4"	18116	27
"1505 Kristiansund"	"Eneboliger"	"2016K1"	17437	34
"1505 Kristiansund"	"Eneboliger"	"2016K2"	17005	31
"1505 Kristiansund"	"Eneboliger"	"2016K3"	17905	45
"1505 Kristiansund"	"Eneboliger"	"2016K4"	18004	24
"1505 Kristiansund"	"Eneboliger"	"2017K1"	19630	24
"1505 Kristiansund"	"Eneboliger"	"2017K2"	18112	27
"1505 Kristiansund"	"Eneboliger"	"2017K3"	16833	38
"1505 Kristiansund"	"Eneboliger"	"2017K4"	19069	17
"1505 Kristiansund"	"Eneboliger"	"2018K1"	19338	25
"1505 Kristiansund"	"Eneboliger"	"2018K2"	20120	35
"1505 Kristiansund"	"Eneboliger"	"2018K3"	17147	34
"1505 Kristiansund"	"Eneboliger"	"2018K4"	17655	28
"1505 Kristiansund"	"Eneboliger"	"2019K1"	20093	30
"1505 Kristiansund"	"Eneboliger"	"2019K2"	17344	42
"1505 Kristiansund"	"Eneboliger"	"2019K3"	18908	30
"1505 Kristiansund"	"Eneboliger"	"2019K4"	19198	27
"1505 Kristiansund"	"Eneboliger"	"2020K1"	18429	27
"1505 Kristiansund"	"Eneboliger"	"2020K2"	17246	38
"1505 Kristiansund"	"Eneboliger"	"2020K3"	18424	47
"1505 Kristiansund"	"Eneboliger"	"2020K4"	18548	35
"1505 Kristiansund"	"Eneboliger"	"2021K1"	20331	33
"1505 Kristiansund"	"Eneboliger"	"2021K2"	20038	38
"1505 Kristiansund"	"Eneboliger"	"2021K3"	18473	32
"1505 Kristiansund"	"Eneboliger"	"2021K4"	20336	29
"1505 Kristiansund"	"Eneboliger"	"2022K1"	23081	20
"1505 Kristiansund"	"Eneboliger"	"2022K2"	22757	46
"1505 Kristiansund"	"Eneboliger"	"2022K3"	22387	36
"1505 Kristiansund"	"Eneboliger"	"2022K4"	23981	13
"1505 Kristiansund"	"Eneboliger"	"2023K1"	21065	40
"1505 Kristiansund"	"Eneboliger"	"2023K2"	21982	39
"1505 Kristiansund"	"Eneboliger"	"2023K3"	21634	32
"1505 Kristiansund"	"Småhus"	"2006K1"	.	.
"1505 Kristiansund"	"Småhus"	"2006K2"	.	.
"1505 Kristiansund"	"Småhus"	"2006K3"	.	.
"1505 Kristiansund"	"Småhus"	"2006K4"	.	.
"1505 Kristiansund"	"Småhus"	"2007K1"	.	.
"1505 Kristiansund"	"Småhus"	"2007K2"	.	.
"1505 Kristiansund"	"Småhus"	"2007K3"	.	.
"1505 Kristiansund"	"Småhus"	"2007K4"	.	.
"1505 Kristiansund"	"Småhus"	"2008K1"	.	.
"1505 Kristiansund"	"Småhus"	"2008K2"	.	.
"1505 Kristiansund"	"Småhus"	"2008K3"	.	.
"1505 Kristiansund"	"Småhus"	"2008K4"	.	.
"1505 Kristiansund"	"Småhus"	"2009K1"	17289	17
"1505 Kristiansund"	"Småhus"	"2009K2"	15600	24
"1505 Kristiansund"	"Småhus"	"2009K3"	15476	38
"1505 Kristiansund"	"Småhus"	"2009K4"	15893	25
"1505 Kristiansund"	"Småhus"	"2010K1"	16491	28
"1505 Kristiansund"	"Småhus"	"2010K2"	16546	27
"1505 Kristiansund"	"Småhus"	"2010K3"	17785	18
"1505 Kristiansund"	"Småhus"	"2010K4"	16987	23
"1505 Kristiansund"	"Småhus"	"2011K1"	16057	23
"1505 Kristiansund"	"Småhus"	"2011K2"	17338	30
"1505 Kristiansund"	"Småhus"	"2011K3"	16535	29
"1505 Kristiansund"	"Småhus"	"2011K4"	17463	25
"1505 Kristiansund"	"Småhus"	"2012K1"	18902	33
"1505 Kristiansund"	"Småhus"	"2012K2"	17297	20
"1505 Kristiansund"	"Småhus"	"2012K3"	18136	29
"1505 Kristiansund"	"Småhus"	"2012K4"	19005	27
"1505 Kristiansund"	"Småhus"	"2013K1"	17647	24
"1505 Kristiansund"	"Småhus"	"2013K2"	17854	31
"1505 Kristiansund"	"Småhus"	"2013K3"	18187	28
"1505 Kristiansund"	"Småhus"	"2013K4"	17059	23
"1505 Kristiansund"	"Småhus"	"2014K1"	17312	22
"1505 Kristiansund"	"Småhus"	"2014K2"	20646	25
"1505 Kristiansund"	"Småhus"	"2014K3"	19730	25
"1505 Kristiansund"	"Småhus"	"2014K4"	19628	18
"1505 Kristiansund"	"Småhus"	"2015K1"	20346	31
"1505 Kristiansund"	"Småhus"	"2015K2"	20579	25
"1505 Kristiansund"	"Småhus"	"2015K3"	18574	23
"1505 Kristiansund"	"Småhus"	"2015K4"	19846	21
"1505 Kristiansund"	"Småhus"	"2016K1"	19124	21
"1505 Kristiansund"	"Småhus"	"2016K2"	18889	27
"1505 Kristiansund"	"Småhus"	"2016K3"	20043	23
"1505 Kristiansund"	"Småhus"	"2016K4"	17009	18
"1505 Kristiansund"	"Småhus"	"2017K1"	19524	19
"1505 Kristiansund"	"Småhus"	"2017K2"	21063	21
"1505 Kristiansund"	"Småhus"	"2017K3"	17848	20
"1505 Kristiansund"	"Småhus"	"2017K4"	16587	17
"1505 Kristiansund"	"Småhus"	"2018K1"	20331	15
"1505 Kristiansund"	"Småhus"	"2018K2"	19720	21
"1505 Kristiansund"	"Småhus"	"2018K3"	20153	42
"1505 Kristiansund"	"Småhus"	"2018K4"	20285	19
"1505 Kristiansund"	"Småhus"	"2019K1"	18423	21
"1505 Kristiansund"	"Småhus"	"2019K2"	19938	25
"1505 Kristiansund"	"Småhus"	"2019K3"	19904	18
"1505 Kristiansund"	"Småhus"	"2019K4"	19372	10
"1505 Kristiansund"	"Småhus"	"2020K1"	20857	20
"1505 Kristiansund"	"Småhus"	"2020K2"	19454	31
"1505 Kristiansund"	"Småhus"	"2020K3"	20828	27
"1505 Kristiansund"	"Småhus"	"2020K4"	18527	26
"1505 Kristiansund"	"Småhus"	"2021K1"	19320	30
"1505 Kristiansund"	"Småhus"	"2021K2"	21968	37
"1505 Kristiansund"	"Småhus"	"2021K3"	19518	24
"1505 Kristiansund"	"Småhus"	"2021K4"	19374	25
"1505 Kristiansund"	"Småhus"	"2022K1"	20780	24
"1505 Kristiansund"	"Småhus"	"2022K2"	25149	33
"1505 Kristiansund"	"Småhus"	"2022K3"	23073	28
"1505 Kristiansund"	"Småhus"	"2022K4"	21960	24
"1505 Kristiansund"	"Småhus"	"2023K1"	23484	33
"1505 Kristiansund"	"Småhus"	"2023K2"	24001	21
"1505 Kristiansund"	"Småhus"	"2023K3"	22804	24
"1505 Kristiansund"	"Blokkleiligheter"	"2006K1"	.	.
"1505 Kristiansund"	"Blokkleiligheter"	"2006K2"	.	.
"1505 Kristiansund"	"Blokkleiligheter"	"2006K3"	.	.
"1505 Kristiansund"	"Blokkleiligheter"	"2006K4"	.	.
"1505 Kristiansund"	"Blokkleiligheter"	"2007K1"	.	.
"1505 Kristiansund"	"Blokkleiligheter"	"2007K2"	.	.
"1505 Kristiansund"	"Blokkleiligheter"	"2007K3"	.	.
"1505 Kristiansund"	"Blokkleiligheter"	"2007K4"	.	.
"1505 Kristiansund"	"Blokkleiligheter"	"2008K1"	.	.
"1505 Kristiansund"	"Blokkleiligheter"	"2008K2"	.	.
"1505 Kristiansund"	"Blokkleiligheter"	"2008K3"	.	.
"1505 Kristiansund"	"Blokkleiligheter"	"2008K4"	.	.
"1505 Kristiansund"	"Blokkleiligheter"	"2009K1"	18307	15
"1505 Kristiansund"	"Blokkleiligheter"	"2009K2"	17338	17
"1505 Kristiansund"	"Blokkleiligheter"	"2009K3"	18357	27
"1505 Kristiansund"	"Blokkleiligheter"	"2009K4"	19021	19
"1505 Kristiansund"	"Blokkleiligheter"	"2010K1"	18692	15
"1505 Kristiansund"	"Blokkleiligheter"	"2010K2"	17550	25
"1505 Kristiansund"	"Blokkleiligheter"	"2010K3"	19702	21
"1505 Kristiansund"	"Blokkleiligheter"	"2010K4"	19467	18
"1505 Kristiansund"	"Blokkleiligheter"	"2011K1"	20746	25
"1505 Kristiansund"	"Blokkleiligheter"	"2011K2"	22185	23
"1505 Kristiansund"	"Blokkleiligheter"	"2011K3"	19211	31
"1505 Kristiansund"	"Blokkleiligheter"	"2011K4"	20191	15
"1505 Kristiansund"	"Blokkleiligheter"	"2012K1"	21233	34
"1505 Kristiansund"	"Blokkleiligheter"	"2012K2"	21238	19
"1505 Kristiansund"	"Blokkleiligheter"	"2012K3"	23091	33
"1505 Kristiansund"	"Blokkleiligheter"	"2012K4"	19712	22
"1505 Kristiansund"	"Blokkleiligheter"	"2013K1"	22007	31
"1505 Kristiansund"	"Blokkleiligheter"	"2013K2"	22398	30
"1505 Kristiansund"	"Blokkleiligheter"	"2013K3"	22598	24
"1505 Kristiansund"	"Blokkleiligheter"	"2013K4"	23765	12
"1505 Kristiansund"	"Blokkleiligheter"	"2014K1"	22011	25
"1505 Kristiansund"	"Blokkleiligheter"	"2014K2"	21903	24
"1505 Kristiansund"	"Blokkleiligheter"	"2014K3"	23310	28
"1505 Kristiansund"	"Blokkleiligheter"	"2014K4"	22553	19
"1505 Kristiansund"	"Blokkleiligheter"	"2015K1"	21392	28
"1505 Kristiansund"	"Blokkleiligheter"	"2015K2"	24432	28
"1505 Kristiansund"	"Blokkleiligheter"	"2015K3"	24713	31
"1505 Kristiansund"	"Blokkleiligheter"	"2015K4"	22833	29
"1505 Kristiansund"	"Blokkleiligheter"	"2016K1"	26909	14
"1505 Kristiansund"	"Blokkleiligheter"	"2016K2"	26845	24
"1505 Kristiansund"	"Blokkleiligheter"	"2016K3"	20135	27
"1505 Kristiansund"	"Blokkleiligheter"	"2016K4"	23179	18
"1505 Kristiansund"	"Blokkleiligheter"	"2017K1"	22104	28
"1505 Kristiansund"	"Blokkleiligheter"	"2017K2"	24372	19
"1505 Kristiansund"	"Blokkleiligheter"	"2017K3"	22821	18
"1505 Kristiansund"	"Blokkleiligheter"	"2017K4"	21514	17
"1505 Kristiansund"	"Blokkleiligheter"	"2018K1"	22565	16
"1505 Kristiansund"	"Blokkleiligheter"	"2018K2"	22736	31
"1505 Kristiansund"	"Blokkleiligheter"	"2018K3"	21686	25
"1505 Kristiansund"	"Blokkleiligheter"	"2018K4"	20448	23
"1505 Kristiansund"	"Blokkleiligheter"	"2019K1"	22728	34
"1505 Kristiansund"	"Blokkleiligheter"	"2019K2"	20909	30
"1505 Kristiansund"	"Blokkleiligheter"	"2019K3"	24522	24
"1505 Kristiansund"	"Blokkleiligheter"	"2019K4"	21785	17
"1505 Kristiansund"	"Blokkleiligheter"	"2020K1"	24032	20
"1505 Kristiansund"	"Blokkleiligheter"	"2020K2"	22241	23
"1505 Kristiansund"	"Blokkleiligheter"	"2020K3"	21783	34
"1505 Kristiansund"	"Blokkleiligheter"	"2020K4"	23503	24
"1505 Kristiansund"	"Blokkleiligheter"	"2021K1"	23232	36
"1505 Kristiansund"	"Blokkleiligheter"	"2021K2"	27462	32
"1505 Kristiansund"	"Blokkleiligheter"	"2021K3"	25695	25
"1505 Kristiansund"	"Blokkleiligheter"	"2021K4"	23260	20
"1505 Kristiansund"	"Blokkleiligheter"	"2022K1"	25904	31
"1505 Kristiansund"	"Blokkleiligheter"	"2022K2"	27599	29
"1505 Kristiansund"	"Blokkleiligheter"	"2022K3"	25361	19
"1505 Kristiansund"	"Blokkleiligheter"	"2022K4"	25414	21
"1505 Kristiansund"	"Blokkleiligheter"	"2023K1"	30098	26
"1505 Kristiansund"	"Blokkleiligheter"	"2023K2"	29036	21
"1505 Kristiansund"	"Blokkleiligheter"	"2023K3"	25958	26
"1506 Molde"	"Eneboliger"	"2006K1"	.	.
"1506 Molde"	"Eneboliger"	"2006K2"	.	.
"1506 Molde"	"Eneboliger"	"2006K3"	.	.
"1506 Molde"	"Eneboliger"	"2006K4"	.	.
"1506 Molde"	"Eneboliger"	"2007K1"	.	.
"1506 Molde"	"Eneboliger"	"2007K2"	.	.
"1506 Molde"	"Eneboliger"	"2007K3"	.	.
"1506 Molde"	"Eneboliger"	"2007K4"	.	.
"1506 Molde"	"Eneboliger"	"2008K1"	.	.
"1506 Molde"	"Eneboliger"	"2008K2"	.	.
"1506 Molde"	"Eneboliger"	"2008K3"	.	.
"1506 Molde"	"Eneboliger"	"2008K4"	.	.
"1506 Molde"	"Eneboliger"	"2009K1"	.	.
"1506 Molde"	"Eneboliger"	"2009K2"	.	.
"1506 Molde"	"Eneboliger"	"2009K3"	.	.
"1506 Molde"	"Eneboliger"	"2009K4"	.	.
"1506 Molde"	"Eneboliger"	"2010K1"	.	.
"1506 Molde"	"Eneboliger"	"2010K2"	.	.
"1506 Molde"	"Eneboliger"	"2010K3"	.	.
"1506 Molde"	"Eneboliger"	"2010K4"	.	.
"1506 Molde"	"Eneboliger"	"2011K1"	.	.
"1506 Molde"	"Eneboliger"	"2011K2"	.	.
"1506 Molde"	"Eneboliger"	"2011K3"	.	.
"1506 Molde"	"Eneboliger"	"2011K4"	.	.
"1506 Molde"	"Eneboliger"	"2012K1"	.	.
"1506 Molde"	"Eneboliger"	"2012K2"	.	.
"1506 Molde"	"Eneboliger"	"2012K3"	.	.
"1506 Molde"	"Eneboliger"	"2012K4"	.	.
"1506 Molde"	"Eneboliger"	"2013K1"	.	.
"1506 Molde"	"Eneboliger"	"2013K2"	.	.
"1506 Molde"	"Eneboliger"	"2013K3"	.	.
"1506 Molde"	"Eneboliger"	"2013K4"	.	.
"1506 Molde"	"Eneboliger"	"2014K1"	.	.
"1506 Molde"	"Eneboliger"	"2014K2"	.	.
"1506 Molde"	"Eneboliger"	"2014K3"	.	.
"1506 Molde"	"Eneboliger"	"2014K4"	.	.
"1506 Molde"	"Eneboliger"	"2015K1"	.	.
"1506 Molde"	"Eneboliger"	"2015K2"	.	.
"1506 Molde"	"Eneboliger"	"2015K3"	.	.
"1506 Molde"	"Eneboliger"	"2015K4"	.	.
"1506 Molde"	"Eneboliger"	"2016K1"	.	.
"1506 Molde"	"Eneboliger"	"2016K2"	.	.
"1506 Molde"	"Eneboliger"	"2016K3"	.	.
"1506 Molde"	"Eneboliger"	"2016K4"	.	.
"1506 Molde"	"Eneboliger"	"2017K1"	.	.
"1506 Molde"	"Eneboliger"	"2017K2"	.	.
"1506 Molde"	"Eneboliger"	"2017K3"	.	.
"1506 Molde"	"Eneboliger"	"2017K4"	.	.
"1506 Molde"	"Eneboliger"	"2018K1"	.	.
"1506 Molde"	"Eneboliger"	"2018K2"	.	.
"1506 Molde"	"Eneboliger"	"2018K3"	.	.
"1506 Molde"	"Eneboliger"	"2018K4"	.	.
"1506 Molde"	"Eneboliger"	"2019K1"	.	.
"1506 Molde"	"Eneboliger"	"2019K2"	.	.
"1506 Molde"	"Eneboliger"	"2019K3"	.	.
"1506 Molde"	"Eneboliger"	"2019K4"	.	.
"1506 Molde"	"Eneboliger"	"2020K1"	21612	27
"1506 Molde"	"Eneboliger"	"2020K2"	25691	35
"1506 Molde"	"Eneboliger"	"2020K3"	23242	46
"1506 Molde"	"Eneboliger"	"2020K4"	23629	30
"1506 Molde"	"Eneboliger"	"2021K1"	23912	38
"1506 Molde"	"Eneboliger"	"2021K2"	23387	54
"1506 Molde"	"Eneboliger"	"2021K3"	28492	17
"1506 Molde"	"Eneboliger"	"2021K4"	23847	35
"1506 Molde"	"Eneboliger"	"2022K1"	24863	26
"1506 Molde"	"Eneboliger"	"2022K2"	29518	38
"1506 Molde"	"Eneboliger"	"2022K3"	25191	37
"1506 Molde"	"Eneboliger"	"2022K4"	28796	22
"1506 Molde"	"Eneboliger"	"2023K1"	25663	26
"1506 Molde"	"Eneboliger"	"2023K2"	23756	52
"1506 Molde"	"Eneboliger"	"2023K3"	26294	26
"1506 Molde"	"Småhus"	"2006K1"	.	.
"1506 Molde"	"Småhus"	"2006K2"	.	.
"1506 Molde"	"Småhus"	"2006K3"	.	.
"1506 Molde"	"Småhus"	"2006K4"	.	.
"1506 Molde"	"Småhus"	"2007K1"	.	.
"1506 Molde"	"Småhus"	"2007K2"	.	.
"1506 Molde"	"Småhus"	"2007K3"	.	.
"1506 Molde"	"Småhus"	"2007K4"	.	.
"1506 Molde"	"Småhus"	"2008K1"	.	.
"1506 Molde"	"Småhus"	"2008K2"	.	.
"1506 Molde"	"Småhus"	"2008K3"	.	.
"1506 Molde"	"Småhus"	"2008K4"	.	.
"1506 Molde"	"Småhus"	"2009K1"	.	.
"1506 Molde"	"Småhus"	"2009K2"	.	.
"1506 Molde"	"Småhus"	"2009K3"	.	.
"1506 Molde"	"Småhus"	"2009K4"	.	.
"1506 Molde"	"Småhus"	"2010K1"	.	.
"1506 Molde"	"Småhus"	"2010K2"	.	.
"1506 Molde"	"Småhus"	"2010K3"	.	.
"1506 Molde"	"Småhus"	"2010K4"	.	.
"1506 Molde"	"Småhus"	"2011K1"	.	.
"1506 Molde"	"Småhus"	"2011K2"	.	.
"1506 Molde"	"Småhus"	"2011K3"	.	.
"1506 Molde"	"Småhus"	"2011K4"	.	.
"1506 Molde"	"Småhus"	"2012K1"	.	.
"1506 Molde"	"Småhus"	"2012K2"	.	.
"1506 Molde"	"Småhus"	"2012K3"	.	.
"1506 Molde"	"Småhus"	"2012K4"	.	.
"1506 Molde"	"Småhus"	"2013K1"	.	.
"1506 Molde"	"Småhus"	"2013K2"	.	.
"1506 Molde"	"Småhus"	"2013K3"	.	.
"1506 Molde"	"Småhus"	"2013K4"	.	.
"1506 Molde"	"Småhus"	"2014K1"	.	.
"1506 Molde"	"Småhus"	"2014K2"	.	.
"1506 Molde"	"Småhus"	"2014K3"	.	.
"1506 Molde"	"Småhus"	"2014K4"	.	.
"1506 Molde"	"Småhus"	"2015K1"	.	.
"1506 Molde"	"Småhus"	"2015K2"	.	.
"1506 Molde"	"Småhus"	"2015K3"	.	.
"1506 Molde"	"Småhus"	"2015K4"	.	.
"1506 Molde"	"Småhus"	"2016K1"	.	.
"1506 Molde"	"Småhus"	"2016K2"	.	.
"1506 Molde"	"Småhus"	"2016K3"	.	.
"1506 Molde"	"Småhus"	"2016K4"	.	.
"1506 Molde"	"Småhus"	"2017K1"	.	.
"1506 Molde"	"Småhus"	"2017K2"	.	.
"1506 Molde"	"Småhus"	"2017K3"	.	.
"1506 Molde"	"Småhus"	"2017K4"	.	.
"1506 Molde"	"Småhus"	"2018K1"	.	.
"1506 Molde"	"Småhus"	"2018K2"	.	.
"1506 Molde"	"Småhus"	"2018K3"	.	.
"1506 Molde"	"Småhus"	"2018K4"	.	.
"1506 Molde"	"Småhus"	"2019K1"	.	.
"1506 Molde"	"Småhus"	"2019K2"	.	.
"1506 Molde"	"Småhus"	"2019K3"	.	.
"1506 Molde"	"Småhus"	"2019K4"	.	.
"1506 Molde"	"Småhus"	"2020K1"	26392	18
"1506 Molde"	"Småhus"	"2020K2"	26411	23
"1506 Molde"	"Småhus"	"2020K3"	26431	18
"1506 Molde"	"Småhus"	"2020K4"	28992	14
"1506 Molde"	"Småhus"	"2021K1"	25349	20
"1506 Molde"	"Småhus"	"2021K2"	30128	37
"1506 Molde"	"Småhus"	"2021K3"	29211	19
"1506 Molde"	"Småhus"	"2021K4"	26173	20
"1506 Molde"	"Småhus"	"2022K1"	31471	19
"1506 Molde"	"Småhus"	"2022K2"	31631	17
"1506 Molde"	"Småhus"	"2022K3"	29588	18
"1506 Molde"	"Småhus"	"2022K4"	28787	20
"1506 Molde"	"Småhus"	"2023K1"	30835	15
"1506 Molde"	"Småhus"	"2023K2"	32879	21
"1506 Molde"	"Småhus"	"2023K3"	35186	18
"1506 Molde"	"Blokkleiligheter"	"2006K1"	.	.
"1506 Molde"	"Blokkleiligheter"	"2006K2"	.	.
"1506 Molde"	"Blokkleiligheter"	"2006K3"	.	.
"1506 Molde"	"Blokkleiligheter"	"2006K4"	.	.
"1506 Molde"	"Blokkleiligheter"	"2007K1"	.	.
"1506 Molde"	"Blokkleiligheter"	"2007K2"	.	.
"1506 Molde"	"Blokkleiligheter"	"2007K3"	.	.
"1506 Molde"	"Blokkleiligheter"	"2007K4"	.	.
"1506 Molde"	"Blokkleiligheter"	"2008K1"	.	.
"1506 Molde"	"Blokkleiligheter"	"2008K2"	.	.
"1506 Molde"	"Blokkleiligheter"	"2008K3"	.	.
"1506 Molde"	"Blokkleiligheter"	"2008K4"	.	.
"1506 Molde"	"Blokkleiligheter"	"2009K1"	.	.
"1506 Molde"	"Blokkleiligheter"	"2009K2"	.	.
"1506 Molde"	"Blokkleiligheter"	"2009K3"	.	.
"1506 Molde"	"Blokkleiligheter"	"2009K4"	.	.
"1506 Molde"	"Blokkleiligheter"	"2010K1"	.	.
"1506 Molde"	"Blokkleiligheter"	"2010K2"	.	.
"1506 Molde"	"Blokkleiligheter"	"2010K3"	.	.
"1506 Molde"	"Blokkleiligheter"	"2010K4"	.	.
"1506 Molde"	"Blokkleiligheter"	"2011K1"	.	.
"1506 Molde"	"Blokkleiligheter"	"2011K2"	.	.
"1506 Molde"	"Blokkleiligheter"	"2011K3"	.	.
"1506 Molde"	"Blokkleiligheter"	"2011K4"	.	.
"1506 Molde"	"Blokkleiligheter"	"2012K1"	.	.
"1506 Molde"	"Blokkleiligheter"	"2012K2"	.	.
"1506 Molde"	"Blokkleiligheter"	"2012K3"	.	.
"1506 Molde"	"Blokkleiligheter"	"2012K4"	.	.
"1506 Molde"	"Blokkleiligheter"	"2013K1"	.	.
"1506 Molde"	"Blokkleiligheter"	"2013K2"	.	.
"1506 Molde"	"Blokkleiligheter"	"2013K3"	.	.
"1506 Molde"	"Blokkleiligheter"	"2013K4"	.	.
"1506 Molde"	"Blokkleiligheter"	"2014K1"	.	.
"1506 Molde"	"Blokkleiligheter"	"2014K2"	.	.
"1506 Molde"	"Blokkleiligheter"	"2014K3"	.	.
"1506 Molde"	"Blokkleiligheter"	"2014K4"	.	.
"1506 Molde"	"Blokkleiligheter"	"2015K1"	.	.
"1506 Molde"	"Blokkleiligheter"	"2015K2"	.	.
"1506 Molde"	"Blokkleiligheter"	"2015K3"	.	.
"1506 Molde"	"Blokkleiligheter"	"2015K4"	.	.
"1506 Molde"	"Blokkleiligheter"	"2016K1"	.	.
"1506 Molde"	"Blokkleiligheter"	"2016K2"	.	.
"1506 Molde"	"Blokkleiligheter"	"2016K3"	.	.
"1506 Molde"	"Blokkleiligheter"	"2016K4"	.	.
"1506 Molde"	"Blokkleiligheter"	"2017K1"	.	.
"1506 Molde"	"Blokkleiligheter"	"2017K2"	.	.
"1506 Molde"	"Blokkleiligheter"	"2017K3"	.	.
"1506 Molde"	"Blokkleiligheter"	"2017K4"	.	.
"1506 Molde"	"Blokkleiligheter"	"2018K1"	.	.
"1506 Molde"	"Blokkleiligheter"	"2018K2"	.	.
"1506 Molde"	"Blokkleiligheter"	"2018K3"	.	.
"1506 Molde"	"Blokkleiligheter"	"2018K4"	.	.
"1506 Molde"	"Blokkleiligheter"	"2019K1"	.	.
"1506 Molde"	"Blokkleiligheter"	"2019K2"	.	.
"1506 Molde"	"Blokkleiligheter"	"2019K3"	.	.
"1506 Molde"	"Blokkleiligheter"	"2019K4"	.	.
"1506 Molde"	"Blokkleiligheter"	"2020K1"	33088	20
"1506 Molde"	"Blokkleiligheter"	"2020K2"	35787	26
"1506 Molde"	"Blokkleiligheter"	"2020K3"	38597	45
"1506 Molde"	"Blokkleiligheter"	"2020K4"	39416	30
"1506 Molde"	"Blokkleiligheter"	"2021K1"	38650	37
"1506 Molde"	"Blokkleiligheter"	"2021K2"	42502	40
"1506 Molde"	"Blokkleiligheter"	"2021K3"	38957	28
"1506 Molde"	"Blokkleiligheter"	"2021K4"	41553	27
"1506 Molde"	"Blokkleiligheter"	"2022K1"	42656	26
"1506 Molde"	"Blokkleiligheter"	"2022K2"	41928	27
"1506 Molde"	"Blokkleiligheter"	"2022K3"	44832	30
"1506 Molde"	"Blokkleiligheter"	"2022K4"	43847	16
"1506 Molde"	"Blokkleiligheter"	"2023K1"	43731	18
"1506 Molde"	"Blokkleiligheter"	"2023K2"	45707	26
"1506 Molde"	"Blokkleiligheter"	"2023K3"	43433	36
"1507 Ålesund"	"Eneboliger"	"2006K1"	.	.
"1507 Ålesund"	"Eneboliger"	"2006K2"	.	.
"1507 Ålesund"	"Eneboliger"	"2006K3"	.	.
"1507 Ålesund"	"Eneboliger"	"2006K4"	.	.
"1507 Ålesund"	"Eneboliger"	"2007K1"	.	.
"1507 Ålesund"	"Eneboliger"	"2007K2"	.	.
"1507 Ålesund"	"Eneboliger"	"2007K3"	.	.
"1507 Ålesund"	"Eneboliger"	"2007K4"	.	.
"1507 Ålesund"	"Eneboliger"	"2008K1"	.	.
"1507 Ålesund"	"Eneboliger"	"2008K2"	.	.
"1507 Ålesund"	"Eneboliger"	"2008K3"	.	.
"1507 Ålesund"	"Eneboliger"	"2008K4"	.	.
"1507 Ålesund"	"Eneboliger"	"2009K1"	.	.
"1507 Ålesund"	"Eneboliger"	"2009K2"	.	.
"1507 Ålesund"	"Eneboliger"	"2009K3"	.	.
"1507 Ålesund"	"Eneboliger"	"2009K4"	.	.
"1507 Ålesund"	"Eneboliger"	"2010K1"	.	.
"1507 Ålesund"	"Eneboliger"	"2010K2"	.	.
"1507 Ålesund"	"Eneboliger"	"2010K3"	.	.
"1507 Ålesund"	"Eneboliger"	"2010K4"	.	.
"1507 Ålesund"	"Eneboliger"	"2011K1"	.	.
"1507 Ålesund"	"Eneboliger"	"2011K2"	.	.
"1507 Ålesund"	"Eneboliger"	"2011K3"	.	.
"1507 Ålesund"	"Eneboliger"	"2011K4"	.	.
"1507 Ålesund"	"Eneboliger"	"2012K1"	.	.
"1507 Ålesund"	"Eneboliger"	"2012K2"	.	.
"1507 Ålesund"	"Eneboliger"	"2012K3"	.	.
"1507 Ålesund"	"Eneboliger"	"2012K4"	.	.
"1507 Ålesund"	"Eneboliger"	"2013K1"	.	.
"1507 Ålesund"	"Eneboliger"	"2013K2"	.	.
"1507 Ålesund"	"Eneboliger"	"2013K3"	.	.
"1507 Ålesund"	"Eneboliger"	"2013K4"	.	.
"1507 Ålesund"	"Eneboliger"	"2014K1"	.	.
"1507 Ålesund"	"Eneboliger"	"2014K2"	.	.
"1507 Ålesund"	"Eneboliger"	"2014K3"	.	.
"1507 Ålesund"	"Eneboliger"	"2014K4"	.	.
"1507 Ålesund"	"Eneboliger"	"2015K1"	.	.
"1507 Ålesund"	"Eneboliger"	"2015K2"	.	.
"1507 Ålesund"	"Eneboliger"	"2015K3"	.	.
"1507 Ålesund"	"Eneboliger"	"2015K4"	.	.
"1507 Ålesund"	"Eneboliger"	"2016K1"	.	.
"1507 Ålesund"	"Eneboliger"	"2016K2"	.	.
"1507 Ålesund"	"Eneboliger"	"2016K3"	.	.
"1507 Ålesund"	"Eneboliger"	"2016K4"	.	.
"1507 Ålesund"	"Eneboliger"	"2017K1"	.	.
"1507 Ålesund"	"Eneboliger"	"2017K2"	.	.
"1507 Ålesund"	"Eneboliger"	"2017K3"	.	.
"1507 Ålesund"	"Eneboliger"	"2017K4"	.	.
"1507 Ålesund"	"Eneboliger"	"2018K1"	.	.
"1507 Ålesund"	"Eneboliger"	"2018K2"	.	.
"1507 Ålesund"	"Eneboliger"	"2018K3"	.	.
"1507 Ålesund"	"Eneboliger"	"2018K4"	.	.
"1507 Ålesund"	"Eneboliger"	"2019K1"	.	.
"1507 Ålesund"	"Eneboliger"	"2019K2"	.	.
"1507 Ålesund"	"Eneboliger"	"2019K3"	.	.
"1507 Ålesund"	"Eneboliger"	"2019K4"	.	.
"1507 Ålesund"	"Eneboliger"	"2020K1"	21240	56
"1507 Ålesund"	"Eneboliger"	"2020K2"	24701	100
"1507 Ålesund"	"Eneboliger"	"2020K3"	24172	93
"1507 Ålesund"	"Eneboliger"	"2020K4"	23912	64
"1507 Ålesund"	"Eneboliger"	"2021K1"	23626	69
"1507 Ålesund"	"Eneboliger"	"2021K2"	25511	95
"1507 Ålesund"	"Eneboliger"	"2021K3"	24997	84
"1507 Ålesund"	"Eneboliger"	"2021K4"	23223	51
"1507 Ålesund"	"Eneboliger"	"2022K1"	25888	38
"1507 Ålesund"	"Eneboliger"	"2022K2"	28259	87
"1507 Ålesund"	"Eneboliger"	"2022K3"	26609	77
"1507 Ålesund"	"Eneboliger"	"2022K4"	23700	56
"1507 Ålesund"	"Eneboliger"	"2023K1"	27640	50
"1507 Ålesund"	"Eneboliger"	"2023K2"	28101	90
"1507 Ålesund"	"Eneboliger"	"2023K3"	24584	70
"1507 Ålesund"	"Småhus"	"2006K1"	.	.
"1507 Ålesund"	"Småhus"	"2006K2"	.	.
"1507 Ålesund"	"Småhus"	"2006K3"	.	.
"1507 Ålesund"	"Småhus"	"2006K4"	.	.
"1507 Ålesund"	"Småhus"	"2007K1"	.	.
"1507 Ålesund"	"Småhus"	"2007K2"	.	.
"1507 Ålesund"	"Småhus"	"2007K3"	.	.
"1507 Ålesund"	"Småhus"	"2007K4"	.	.
"1507 Ålesund"	"Småhus"	"2008K1"	.	.
"1507 Ålesund"	"Småhus"	"2008K2"	.	.
"1507 Ålesund"	"Småhus"	"2008K3"	.	.
"1507 Ålesund"	"Småhus"	"2008K4"	.	.
"1507 Ålesund"	"Småhus"	"2009K1"	.	.
"1507 Ålesund"	"Småhus"	"2009K2"	.	.
"1507 Ålesund"	"Småhus"	"2009K3"	.	.
"1507 Ålesund"	"Småhus"	"2009K4"	.	.
"1507 Ålesund"	"Småhus"	"2010K1"	.	.
"1507 Ålesund"	"Småhus"	"2010K2"	.	.
"1507 Ålesund"	"Småhus"	"2010K3"	.	.
"1507 Ålesund"	"Småhus"	"2010K4"	.	.
"1507 Ålesund"	"Småhus"	"2011K1"	.	.
"1507 Ålesund"	"Småhus"	"2011K2"	.	.
"1507 Ålesund"	"Småhus"	"2011K3"	.	.
"1507 Ålesund"	"Småhus"	"2011K4"	.	.
"1507 Ålesund"	"Småhus"	"2012K1"	.	.
"1507 Ålesund"	"Småhus"	"2012K2"	.	.
"1507 Ålesund"	"Småhus"	"2012K3"	.	.
"1507 Ålesund"	"Småhus"	"2012K4"	.	.
"1507 Ålesund"	"Småhus"	"2013K1"	.	.
"1507 Ålesund"	"Småhus"	"2013K2"	.	.
"1507 Ålesund"	"Småhus"	"2013K3"	.	.
"1507 Ålesund"	"Småhus"	"2013K4"	.	.
"1507 Ålesund"	"Småhus"	"2014K1"	.	.
"1507 Ålesund"	"Småhus"	"2014K2"	.	.
"1507 Ålesund"	"Småhus"	"2014K3"	.	.
"1507 Ålesund"	"Småhus"	"2014K4"	.	.
"1507 Ålesund"	"Småhus"	"2015K1"	.	.
"1507 Ålesund"	"Småhus"	"2015K2"	.	.
"1507 Ålesund"	"Småhus"	"2015K3"	.	.
"1507 Ålesund"	"Småhus"	"2015K4"	.	.
"1507 Ålesund"	"Småhus"	"2016K1"	.	.
"1507 Ålesund"	"Småhus"	"2016K2"	.	.
"1507 Ålesund"	"Småhus"	"2016K3"	.	.
"1507 Ålesund"	"Småhus"	"2016K4"	.	.
"1507 Ålesund"	"Småhus"	"2017K1"	.	.
"1507 Ålesund"	"Småhus"	"2017K2"	.	.
"1507 Ålesund"	"Småhus"	"2017K3"	.	.
"1507 Ålesund"	"Småhus"	"2017K4"	.	.
"1507 Ålesund"	"Småhus"	"2018K1"	.	.
"1507 Ålesund"	"Småhus"	"2018K2"	.	.
"1507 Ålesund"	"Småhus"	"2018K3"	.	.
"1507 Ålesund"	"Småhus"	"2018K4"	.	.
"1507 Ålesund"	"Småhus"	"2019K1"	.	.
"1507 Ålesund"	"Småhus"	"2019K2"	.	.
"1507 Ålesund"	"Småhus"	"2019K3"	.	.
"1507 Ålesund"	"Småhus"	"2019K4"	.	.
"1507 Ålesund"	"Småhus"	"2020K1"	27873	45
"1507 Ålesund"	"Småhus"	"2020K2"	29132	54
"1507 Ålesund"	"Småhus"	"2020K3"	29766	62
"1507 Ålesund"	"Småhus"	"2020K4"	28121	42
"1507 Ålesund"	"Småhus"	"2021K1"	29922	58
"1507 Ålesund"	"Småhus"	"2021K2"	31190	58
"1507 Ålesund"	"Småhus"	"2021K3"	33427	48
"1507 Ålesund"	"Småhus"	"2021K4"	29854	49
"1507 Ålesund"	"Småhus"	"2022K1"	33052	46
"1507 Ålesund"	"Småhus"	"2022K2"	33179	66
"1507 Ålesund"	"Småhus"	"2022K3"	35086	52
"1507 Ålesund"	"Småhus"	"2022K4"	31750	33
"1507 Ålesund"	"Småhus"	"2023K1"	34825	44
"1507 Ålesund"	"Småhus"	"2023K2"	33557	63
"1507 Ålesund"	"Småhus"	"2023K3"	32438	47
"1507 Ålesund"	"Blokkleiligheter"	"2006K1"	.	.
"1507 Ålesund"	"Blokkleiligheter"	"2006K2"	.	.
"1507 Ålesund"	"Blokkleiligheter"	"2006K3"	.	.
"1507 Ålesund"	"Blokkleiligheter"	"2006K4"	.	.
"1507 Ålesund"	"Blokkleiligheter"	"2007K1"	.	.
"1507 Ålesund"	"Blokkleiligheter"	"2007K2"	.	.
"1507 Ålesund"	"Blokkleiligheter"	"2007K3"	.	.
"1507 Ålesund"	"Blokkleiligheter"	"2007K4"	.	.
"1507 Ålesund"	"Blokkleiligheter"	"2008K1"	.	.
"1507 Ålesund"	"Blokkleiligheter"	"2008K2"	.	.
"1507 Ålesund"	"Blokkleiligheter"	"2008K3"	.	.
"1507 Ålesund"	"Blokkleiligheter"	"2008K4"	.	.
"1507 Ålesund"	"Blokkleiligheter"	"2009K1"	.	.
"1507 Ålesund"	"Blokkleiligheter"	"2009K2"	.	.
"1507 Ålesund"	"Blokkleiligheter"	"2009K3"	.	.
"1507 Ålesund"	"Blokkleiligheter"	"2009K4"	.	.
"1507 Ålesund"	"Blokkleiligheter"	"2010K1"	.	.
"1507 Ålesund"	"Blokkleiligheter"	"2010K2"	.	.
"1507 Ålesund"	"Blokkleiligheter"	"2010K3"	.	.
"1507 Ålesund"	"Blokkleiligheter"	"2010K4"	.	.
"1507 Ålesund"	"Blokkleiligheter"	"2011K1"	.	.
"1507 Ålesund"	"Blokkleiligheter"	"2011K2"	.	.
"1507 Ålesund"	"Blokkleiligheter"	"2011K3"	.	.
"1507 Ålesund"	"Blokkleiligheter"	"2011K4"	.	.
"1507 Ålesund"	"Blokkleiligheter"	"2012K1"	.	.
"1507 Ålesund"	"Blokkleiligheter"	"2012K2"	.	.
"1507 Ålesund"	"Blokkleiligheter"	"2012K3"	.	.
"1507 Ålesund"	"Blokkleiligheter"	"2012K4"	.	.
"1507 Ålesund"	"Blokkleiligheter"	"2013K1"	.	.
"1507 Ålesund"	"Blokkleiligheter"	"2013K2"	.	.
"1507 Ålesund"	"Blokkleiligheter"	"2013K3"	.	.
"1507 Ålesund"	"Blokkleiligheter"	"2013K4"	.	.
"1507 Ålesund"	"Blokkleiligheter"	"2014K1"	.	.
"1507 Ålesund"	"Blokkleiligheter"	"2014K2"	.	.
"1507 Ålesund"	"Blokkleiligheter"	"2014K3"	.	.
"1507 Ålesund"	"Blokkleiligheter"	"2014K4"	.	.
"1507 Ålesund"	"Blokkleiligheter"	"2015K1"	.	.
"1507 Ålesund"	"Blokkleiligheter"	"2015K2"	.	.
"1507 Ålesund"	"Blokkleiligheter"	"2015K3"	.	.
"1507 Ålesund"	"Blokkleiligheter"	"2015K4"	.	.
"1507 Ålesund"	"Blokkleiligheter"	"2016K1"	.	.
"1507 Ålesund"	"Blokkleiligheter"	"2016K2"	.	.
"1507 Ålesund"	"Blokkleiligheter"	"2016K3"	.	.
"1507 Ålesund"	"Blokkleiligheter"	"2016K4"	.	.
"1507 Ålesund"	"Blokkleiligheter"	"2017K1"	.	.
"1507 Ålesund"	"Blokkleiligheter"	"2017K2"	.	.
"1507 Ålesund"	"Blokkleiligheter"	"2017K3"	.	.
"1507 Ålesund"	"Blokkleiligheter"	"2017K4"	.	.
"1507 Ålesund"	"Blokkleiligheter"	"2018K1"	.	.
"1507 Ålesund"	"Blokkleiligheter"	"2018K2"	.	.
"1507 Ålesund"	"Blokkleiligheter"	"2018K3"	.	.
"1507 Ålesund"	"Blokkleiligheter"	"2018K4"	.	.
"1507 Ålesund"	"Blokkleiligheter"	"2019K1"	.	.
"1507 Ålesund"	"Blokkleiligheter"	"2019K2"	.	.
"1507 Ålesund"	"Blokkleiligheter"	"2019K3"	.	.
"1507 Ålesund"	"Blokkleiligheter"	"2019K4"	.	.
"1507 Ålesund"	"Blokkleiligheter"	"2020K1"	35494	81
"1507 Ålesund"	"Blokkleiligheter"	"2020K2"	38170	119
"1507 Ålesund"	"Blokkleiligheter"	"2020K3"	38741	136
"1507 Ålesund"	"Blokkleiligheter"	"2020K4"	37843	88
"1507 Ålesund"	"Blokkleiligheter"	"2021K1"	39774	105
"1507 Ålesund"	"Blokkleiligheter"	"2021K2"	39522	160
"1507 Ålesund"	"Blokkleiligheter"	"2021K3"	39899	150
"1507 Ålesund"	"Blokkleiligheter"	"2021K4"	39146	79
"1507 Ålesund"	"Blokkleiligheter"	"2022K1"	39394	83
"1507 Ålesund"	"Blokkleiligheter"	"2022K2"	44312	144
"1507 Ålesund"	"Blokkleiligheter"	"2022K3"	41989	125
"1507 Ålesund"	"Blokkleiligheter"	"2022K4"	42613	84
"1507 Ålesund"	"Blokkleiligheter"	"2023K1"	43697	111
"1507 Ålesund"	"Blokkleiligheter"	"2023K2"	44192	137
"1507 Ålesund"	"Blokkleiligheter"	"2023K3"	44330	104
"5001 Trondheim - Tråante"	"Eneboliger"	"2006K1"	.	.
"5001 Trondheim - Tråante"	"Eneboliger"	"2006K2"	.	.
"5001 Trondheim - Tråante"	"Eneboliger"	"2006K3"	.	.
"5001 Trondheim - Tråante"	"Eneboliger"	"2006K4"	.	.
"5001 Trondheim - Tråante"	"Eneboliger"	"2007K1"	.	.
"5001 Trondheim - Tråante"	"Eneboliger"	"2007K2"	.	.
"5001 Trondheim - Tråante"	"Eneboliger"	"2007K3"	.	.
"5001 Trondheim - Tråante"	"Eneboliger"	"2007K4"	.	.
"5001 Trondheim - Tråante"	"Eneboliger"	"2008K1"	.	.
"5001 Trondheim - Tråante"	"Eneboliger"	"2008K2"	.	.
"5001 Trondheim - Tråante"	"Eneboliger"	"2008K3"	.	.
"5001 Trondheim - Tråante"	"Eneboliger"	"2008K4"	.	.
"5001 Trondheim - Tråante"	"Eneboliger"	"2009K1"	.	.
"5001 Trondheim - Tråante"	"Eneboliger"	"2009K2"	.	.
"5001 Trondheim - Tråante"	"Eneboliger"	"2009K3"	.	.
"5001 Trondheim - Tråante"	"Eneboliger"	"2009K4"	.	.
"5001 Trondheim - Tråante"	"Eneboliger"	"2010K1"	.	.
"5001 Trondheim - Tråante"	"Eneboliger"	"2010K2"	.	.
"5001 Trondheim - Tråante"	"Eneboliger"	"2010K3"	.	.
"5001 Trondheim - Tråante"	"Eneboliger"	"2010K4"	.	.
"5001 Trondheim - Tråante"	"Eneboliger"	"2011K1"	.	.
"5001 Trondheim - Tråante"	"Eneboliger"	"2011K2"	.	.
"5001 Trondheim - Tråante"	"Eneboliger"	"2011K3"	.	.
"5001 Trondheim - Tråante"	"Eneboliger"	"2011K4"	.	.
"5001 Trondheim - Tråante"	"Eneboliger"	"2012K1"	.	.
"5001 Trondheim - Tråante"	"Eneboliger"	"2012K2"	.	.
"5001 Trondheim - Tråante"	"Eneboliger"	"2012K3"	.	.
"5001 Trondheim - Tråante"	"Eneboliger"	"2012K4"	.	.
"5001 Trondheim - Tråante"	"Eneboliger"	"2013K1"	.	.
"5001 Trondheim - Tråante"	"Eneboliger"	"2013K2"	.	.
"5001 Trondheim - Tråante"	"Eneboliger"	"2013K3"	.	.
"5001 Trondheim - Tråante"	"Eneboliger"	"2013K4"	.	.
"5001 Trondheim - Tråante"	"Eneboliger"	"2014K1"	.	.
"5001 Trondheim - Tråante"	"Eneboliger"	"2014K2"	.	.
"5001 Trondheim - Tråante"	"Eneboliger"	"2014K3"	.	.
"5001 Trondheim - Tråante"	"Eneboliger"	"2014K4"	.	.
"5001 Trondheim - Tråante"	"Eneboliger"	"2015K1"	.	.
"5001 Trondheim - Tråante"	"Eneboliger"	"2015K2"	.	.
"5001 Trondheim - Tråante"	"Eneboliger"	"2015K3"	.	.
"5001 Trondheim - Tråante"	"Eneboliger"	"2015K4"	.	.
"5001 Trondheim - Tråante"	"Eneboliger"	"2016K1"	.	.
"5001 Trondheim - Tråante"	"Eneboliger"	"2016K2"	.	.
"5001 Trondheim - Tråante"	"Eneboliger"	"2016K3"	.	.
"5001 Trondheim - Tråante"	"Eneboliger"	"2016K4"	.	.
"5001 Trondheim - Tråante"	"Eneboliger"	"2017K1"	.	.
"5001 Trondheim - Tråante"	"Eneboliger"	"2017K2"	.	.
"5001 Trondheim - Tråante"	"Eneboliger"	"2017K3"	.	.
"5001 Trondheim - Tråante"	"Eneboliger"	"2017K4"	.	.
"5001 Trondheim - Tråante"	"Eneboliger"	"2018K1"	33028	101
"5001 Trondheim - Tråante"	"Eneboliger"	"2018K2"	34789	178
"5001 Trondheim - Tråante"	"Eneboliger"	"2018K3"	33168	136
"5001 Trondheim - Tråante"	"Eneboliger"	"2018K4"	32989	113
"5001 Trondheim - Tråante"	"Eneboliger"	"2019K1"	33678	149
"5001 Trondheim - Tråante"	"Eneboliger"	"2019K2"	34152	181
"5001 Trondheim - Tråante"	"Eneboliger"	"2019K3"	34080	139
"5001 Trondheim - Tråante"	"Eneboliger"	"2019K4"	34566	121
"5001 Trondheim - Tråante"	"Eneboliger"	"2020K1"	33324	117
"5001 Trondheim - Tråante"	"Eneboliger"	"2020K2"	35024	174
"5001 Trondheim - Tråante"	"Eneboliger"	"2020K3"	34923	191
"5001 Trondheim - Tråante"	"Eneboliger"	"2020K4"	35515	131
"5001 Trondheim - Tråante"	"Eneboliger"	"2021K1"	37719	136
"5001 Trondheim - Tråante"	"Eneboliger"	"2021K2"	38255	200
"5001 Trondheim - Tråante"	"Eneboliger"	"2021K3"	39139	139
"5001 Trondheim - Tråante"	"Eneboliger"	"2021K4"	39080	101
"5001 Trondheim - Tråante"	"Eneboliger"	"2022K1"	42202	111
"5001 Trondheim - Tråante"	"Eneboliger"	"2022K2"	43420	201
"5001 Trondheim - Tråante"	"Eneboliger"	"2022K3"	41018	157
"5001 Trondheim - Tråante"	"Eneboliger"	"2022K4"	38424	133
"5001 Trondheim - Tråante"	"Eneboliger"	"2023K1"	41474	137
"5001 Trondheim - Tråante"	"Eneboliger"	"2023K2"	40489	195
"5001 Trondheim - Tråante"	"Eneboliger"	"2023K3"	39991	170
"5001 Trondheim - Tråante"	"Småhus"	"2006K1"	.	.
"5001 Trondheim - Tråante"	"Småhus"	"2006K2"	.	.
"5001 Trondheim - Tråante"	"Småhus"	"2006K3"	.	.
"5001 Trondheim - Tråante"	"Småhus"	"2006K4"	.	.
"5001 Trondheim - Tråante"	"Småhus"	"2007K1"	.	.
"5001 Trondheim - Tråante"	"Småhus"	"2007K2"	.	.
"5001 Trondheim - Tråante"	"Småhus"	"2007K3"	.	.
"5001 Trondheim - Tråante"	"Småhus"	"2007K4"	.	.
"5001 Trondheim - Tråante"	"Småhus"	"2008K1"	.	.
"5001 Trondheim - Tråante"	"Småhus"	"2008K2"	.	.
"5001 Trondheim - Tråante"	"Småhus"	"2008K3"	.	.
"5001 Trondheim - Tråante"	"Småhus"	"2008K4"	.	.
"5001 Trondheim - Tråante"	"Småhus"	"2009K1"	.	.
"5001 Trondheim - Tråante"	"Småhus"	"2009K2"	.	.
"5001 Trondheim - Tråante"	"Småhus"	"2009K3"	.	.
"5001 Trondheim - Tråante"	"Småhus"	"2009K4"	.	.
"5001 Trondheim - Tråante"	"Småhus"	"2010K1"	.	.
"5001 Trondheim - Tråante"	"Småhus"	"2010K2"	.	.
"5001 Trondheim - Tråante"	"Småhus"	"2010K3"	.	.
"5001 Trondheim - Tråante"	"Småhus"	"2010K4"	.	.
"5001 Trondheim - Tråante"	"Småhus"	"2011K1"	.	.
"5001 Trondheim - Tråante"	"Småhus"	"2011K2"	.	.
"5001 Trondheim - Tråante"	"Småhus"	"2011K3"	.	.
"5001 Trondheim - Tråante"	"Småhus"	"2011K4"	.	.
"5001 Trondheim - Tråante"	"Småhus"	"2012K1"	.	.
"5001 Trondheim - Tråante"	"Småhus"	"2012K2"	.	.
"5001 Trondheim - Tråante"	"Småhus"	"2012K3"	.	.
"5001 Trondheim - Tråante"	"Småhus"	"2012K4"	.	.
"5001 Trondheim - Tråante"	"Småhus"	"2013K1"	.	.
"5001 Trondheim - Tråante"	"Småhus"	"2013K2"	.	.
"5001 Trondheim - Tråante"	"Småhus"	"2013K3"	.	.
"5001 Trondheim - Tråante"	"Småhus"	"2013K4"	.	.
"5001 Trondheim - Tråante"	"Småhus"	"2014K1"	.	.
"5001 Trondheim - Tråante"	"Småhus"	"2014K2"	.	.
"5001 Trondheim - Tråante"	"Småhus"	"2014K3"	.	.
"5001 Trondheim - Tråante"	"Småhus"	"2014K4"	.	.
"5001 Trondheim - Tråante"	"Småhus"	"2015K1"	.	.
"5001 Trondheim - Tråante"	"Småhus"	"2015K2"	.	.
"5001 Trondheim - Tråante"	"Småhus"	"2015K3"	.	.
"5001 Trondheim - Tråante"	"Småhus"	"2015K4"	.	.
"5001 Trondheim - Tråante"	"Småhus"	"2016K1"	.	.
"5001 Trondheim - Tråante"	"Småhus"	"2016K2"	.	.
"5001 Trondheim - Tråante"	"Småhus"	"2016K3"	.	.
"5001 Trondheim - Tråante"	"Småhus"	"2016K4"	.	.
"5001 Trondheim - Tråante"	"Småhus"	"2017K1"	.	.
"5001 Trondheim - Tråante"	"Småhus"	"2017K2"	.	.
"5001 Trondheim - Tråante"	"Småhus"	"2017K3"	.	.
"5001 Trondheim - Tråante"	"Småhus"	"2017K4"	.	.
"5001 Trondheim - Tråante"	"Småhus"	"2018K1"	36068	105
"5001 Trondheim - Tråante"	"Småhus"	"2018K2"	35411	175
"5001 Trondheim - Tråante"	"Småhus"	"2018K3"	36632	131
"5001 Trondheim - Tråante"	"Småhus"	"2018K4"	34871	107
"5001 Trondheim - Tråante"	"Småhus"	"2019K1"	35683	127
"5001 Trondheim - Tråante"	"Småhus"	"2019K2"	36754	174
"5001 Trondheim - Tråante"	"Småhus"	"2019K3"	35660	116
"5001 Trondheim - Tråante"	"Småhus"	"2019K4"	34739	130
"5001 Trondheim - Tråante"	"Småhus"	"2020K1"	35516	139
"5001 Trondheim - Tråante"	"Småhus"	"2020K2"	37072	163
"5001 Trondheim - Tråante"	"Småhus"	"2020K3"	36653	173
"5001 Trondheim - Tråante"	"Småhus"	"2020K4"	37931	105
"5001 Trondheim - Tråante"	"Småhus"	"2021K1"	39870	150
"5001 Trondheim - Tråante"	"Småhus"	"2021K2"	41927	181
"5001 Trondheim - Tråante"	"Småhus"	"2021K3"	41185	131
"5001 Trondheim - Tråante"	"Småhus"	"2021K4"	40618	114
"5001 Trondheim - Tråante"	"Småhus"	"2022K1"	44328	109
"5001 Trondheim - Tråante"	"Småhus"	"2022K2"	43321	157
"5001 Trondheim - Tråante"	"Småhus"	"2022K3"	44606	149
"5001 Trondheim - Tråante"	"Småhus"	"2022K4"	43426	112
"5001 Trondheim - Tråante"	"Småhus"	"2023K1"	44200	130
"5001 Trondheim - Tråante"	"Småhus"	"2023K2"	44702	189
"5001 Trondheim - Tråante"	"Småhus"	"2023K3"	43659	162
"5001 Trondheim - Tråante"	"Blokkleiligheter"	"2006K1"	.	.
"5001 Trondheim - Tråante"	"Blokkleiligheter"	"2006K2"	.	.
"5001 Trondheim - Tråante"	"Blokkleiligheter"	"2006K3"	.	.
"5001 Trondheim - Tråante"	"Blokkleiligheter"	"2006K4"	.	.
"5001 Trondheim - Tråante"	"Blokkleiligheter"	"2007K1"	.	.
"5001 Trondheim - Tråante"	"Blokkleiligheter"	"2007K2"	.	.
"5001 Trondheim - Tråante"	"Blokkleiligheter"	"2007K3"	.	.
"5001 Trondheim - Tråante"	"Blokkleiligheter"	"2007K4"	.	.
"5001 Trondheim - Tråante"	"Blokkleiligheter"	"2008K1"	.	.
"5001 Trondheim - Tråante"	"Blokkleiligheter"	"2008K2"	.	.
"5001 Trondheim - Tråante"	"Blokkleiligheter"	"2008K3"	.	.
"5001 Trondheim - Tråante"	"Blokkleiligheter"	"2008K4"	.	.
"5001 Trondheim - Tråante"	"Blokkleiligheter"	"2009K1"	.	.
"5001 Trondheim - Tråante"	"Blokkleiligheter"	"2009K2"	.	.
"5001 Trondheim - Tråante"	"Blokkleiligheter"	"2009K3"	.	.
"5001 Trondheim - Tråante"	"Blokkleiligheter"	"2009K4"	.	.
"5001 Trondheim - Tråante"	"Blokkleiligheter"	"2010K1"	.	.
"5001 Trondheim - Tråante"	"Blokkleiligheter"	"2010K2"	.	.
"5001 Trondheim - Tråante"	"Blokkleiligheter"	"2010K3"	.	.
"5001 Trondheim - Tråante"	"Blokkleiligheter"	"2010K4"	.	.
"5001 Trondheim - Tråante"	"Blokkleiligheter"	"2011K1"	.	.
"5001 Trondheim - Tråante"	"Blokkleiligheter"	"2011K2"	.	.
"5001 Trondheim - Tråante"	"Blokkleiligheter"	"2011K3"	.	.
"5001 Trondheim - Tråante"	"Blokkleiligheter"	"2011K4"	.	.
"5001 Trondheim - Tråante"	"Blokkleiligheter"	"2012K1"	.	.
"5001 Trondheim - Tråante"	"Blokkleiligheter"	"2012K2"	.	.
"5001 Trondheim - Tråante"	"Blokkleiligheter"	"2012K3"	.	.
"5001 Trondheim - Tråante"	"Blokkleiligheter"	"2012K4"	.	.
"5001 Trondheim - Tråante"	"Blokkleiligheter"	"2013K1"	.	.
"5001 Trondheim - Tråante"	"Blokkleiligheter"	"2013K2"	.	.
"5001 Trondheim - Tråante"	"Blokkleiligheter"	"2013K3"	.	.
"5001 Trondheim - Tråante"	"Blokkleiligheter"	"2013K4"	.	.
"5001 Trondheim - Tråante"	"Blokkleiligheter"	"2014K1"	.	.
"5001 Trondheim - Tråante"	"Blokkleiligheter"	"2014K2"	.	.
"5001 Trondheim - Tråante"	"Blokkleiligheter"	"2014K3"	.	.
"5001 Trondheim - Tråante"	"Blokkleiligheter"	"2014K4"	.	.
"5001 Trondheim - Tråante"	"Blokkleiligheter"	"2015K1"	.	.
"5001 Trondheim - Tråante"	"Blokkleiligheter"	"2015K2"	.	.
"5001 Trondheim - Tråante"	"Blokkleiligheter"	"2015K3"	.	.
"5001 Trondheim - Tråante"	"Blokkleiligheter"	"2015K4"	.	.
"5001 Trondheim - Tråante"	"Blokkleiligheter"	"2016K1"	.	.
"5001 Trondheim - Tråante"	"Blokkleiligheter"	"2016K2"	.	.
"5001 Trondheim - Tråante"	"Blokkleiligheter"	"2016K3"	.	.
"5001 Trondheim - Tråante"	"Blokkleiligheter"	"2016K4"	.	.
"5001 Trondheim - Tråante"	"Blokkleiligheter"	"2017K1"	.	.
"5001 Trondheim - Tråante"	"Blokkleiligheter"	"2017K2"	.	.
"5001 Trondheim - Tråante"	"Blokkleiligheter"	"2017K3"	.	.
"5001 Trondheim - Tråante"	"Blokkleiligheter"	"2017K4"	.	.
"5001 Trondheim - Tråante"	"Blokkleiligheter"	"2018K1"	52013	277
"5001 Trondheim - Tråante"	"Blokkleiligheter"	"2018K2"	54878	524
"5001 Trondheim - Tråante"	"Blokkleiligheter"	"2018K3"	54367	426
"5001 Trondheim - Tråante"	"Blokkleiligheter"	"2018K4"	52562	266
"5001 Trondheim - Tråante"	"Blokkleiligheter"	"2019K1"	52491	427
"5001 Trondheim - Tråante"	"Blokkleiligheter"	"2019K2"	55340	536
"5001 Trondheim - Tråante"	"Blokkleiligheter"	"2019K3"	55136	468
"5001 Trondheim - Tråante"	"Blokkleiligheter"	"2019K4"	53372	295
"5001 Trondheim - Tråante"	"Blokkleiligheter"	"2020K1"	54003	393
"5001 Trondheim - Tråante"	"Blokkleiligheter"	"2020K2"	55531	517
"5001 Trondheim - Tråante"	"Blokkleiligheter"	"2020K3"	57408	561
"5001 Trondheim - Tråante"	"Blokkleiligheter"	"2020K4"	56271	373
"5001 Trondheim - Tråante"	"Blokkleiligheter"	"2021K1"	60919	514
"5001 Trondheim - Tråante"	"Blokkleiligheter"	"2021K2"	61280	669
"5001 Trondheim - Tråante"	"Blokkleiligheter"	"2021K3"	62529	560
"5001 Trondheim - Tråante"	"Blokkleiligheter"	"2021K4"	61336	382
"5001 Trondheim - Tråante"	"Blokkleiligheter"	"2022K1"	64430	488
"5001 Trondheim - Tråante"	"Blokkleiligheter"	"2022K2"	65549	662
"5001 Trondheim - Tråante"	"Blokkleiligheter"	"2022K3"	65936	480
"5001 Trondheim - Tråante"	"Blokkleiligheter"	"2022K4"	62929	347
"5001 Trondheim - Tråante"	"Blokkleiligheter"	"2023K1"	64516	510
"5001 Trondheim - Tråante"	"Blokkleiligheter"	"2023K2"	66066	637
"5001 Trondheim - Tråante"	"Blokkleiligheter"	"2023K3"	65251	479
"5004 Steinkjer (2018-2019)"	"Eneboliger"	"2006K1"	.	.
"5004 Steinkjer (2018-2019)"	"Eneboliger"	"2006K2"	.	.
"5004 Steinkjer (2018-2019)"	"Eneboliger"	"2006K3"	.	.
"5004 Steinkjer (2018-2019)"	"Eneboliger"	"2006K4"	.	.
"5004 Steinkjer (2018-2019)"	"Eneboliger"	"2007K1"	.	.
"5004 Steinkjer (2018-2019)"	"Eneboliger"	"2007K2"	.	.
"5004 Steinkjer (2018-2019)"	"Eneboliger"	"2007K3"	.	.
"5004 Steinkjer (2018-2019)"	"Eneboliger"	"2007K4"	.	.
"5004 Steinkjer (2018-2019)"	"Eneboliger"	"2008K1"	.	.
"5004 Steinkjer (2018-2019)"	"Eneboliger"	"2008K2"	.	.
"5004 Steinkjer (2018-2019)"	"Eneboliger"	"2008K3"	.	.
"5004 Steinkjer (2018-2019)"	"Eneboliger"	"2008K4"	.	.
"5004 Steinkjer (2018-2019)"	"Eneboliger"	"2009K1"	.	.
"5004 Steinkjer (2018-2019)"	"Eneboliger"	"2009K2"	.	.
"5004 Steinkjer (2018-2019)"	"Eneboliger"	"2009K3"	.	.
"5004 Steinkjer (2018-2019)"	"Eneboliger"	"2009K4"	.	.
"5004 Steinkjer (2018-2019)"	"Eneboliger"	"2010K1"	.	.
"5004 Steinkjer (2018-2019)"	"Eneboliger"	"2010K2"	.	.
"5004 Steinkjer (2018-2019)"	"Eneboliger"	"2010K3"	.	.
"5004 Steinkjer (2018-2019)"	"Eneboliger"	"2010K4"	.	.
"5004 Steinkjer (2018-2019)"	"Eneboliger"	"2011K1"	.	.
"5004 Steinkjer (2018-2019)"	"Eneboliger"	"2011K2"	.	.
"5004 Steinkjer (2018-2019)"	"Eneboliger"	"2011K3"	.	.
"5004 Steinkjer (2018-2019)"	"Eneboliger"	"2011K4"	.	.
"5004 Steinkjer (2018-2019)"	"Eneboliger"	"2012K1"	.	.
"5004 Steinkjer (2018-2019)"	"Eneboliger"	"2012K2"	.	.
"5004 Steinkjer (2018-2019)"	"Eneboliger"	"2012K3"	.	.
"5004 Steinkjer (2018-2019)"	"Eneboliger"	"2012K4"	.	.
"5004 Steinkjer (2018-2019)"	"Eneboliger"	"2013K1"	.	.
"5004 Steinkjer (2018-2019)"	"Eneboliger"	"2013K2"	.	.
"5004 Steinkjer (2018-2019)"	"Eneboliger"	"2013K3"	.	.
"5004 Steinkjer (2018-2019)"	"Eneboliger"	"2013K4"	.	.
"5004 Steinkjer (2018-2019)"	"Eneboliger"	"2014K1"	.	.
"5004 Steinkjer (2018-2019)"	"Eneboliger"	"2014K2"	.	.
"5004 Steinkjer (2018-2019)"	"Eneboliger"	"2014K3"	.	.
"5004 Steinkjer (2018-2019)"	"Eneboliger"	"2014K4"	.	.
"5004 Steinkjer (2018-2019)"	"Eneboliger"	"2015K1"	.	.
"5004 Steinkjer (2018-2019)"	"Eneboliger"	"2015K2"	.	.
"5004 Steinkjer (2018-2019)"	"Eneboliger"	"2015K3"	.	.
"5004 Steinkjer (2018-2019)"	"Eneboliger"	"2015K4"	.	.
"5004 Steinkjer (2018-2019)"	"Eneboliger"	"2016K1"	.	.
"5004 Steinkjer (2018-2019)"	"Eneboliger"	"2016K2"	.	.
"5004 Steinkjer (2018-2019)"	"Eneboliger"	"2016K3"	.	.
"5004 Steinkjer (2018-2019)"	"Eneboliger"	"2016K4"	.	.
"5004 Steinkjer (2018-2019)"	"Eneboliger"	"2017K1"	.	.
"5004 Steinkjer (2018-2019)"	"Eneboliger"	"2017K2"	.	.
"5004 Steinkjer (2018-2019)"	"Eneboliger"	"2017K3"	.	.
"5004 Steinkjer (2018-2019)"	"Eneboliger"	"2017K4"	.	.
"5004 Steinkjer (2018-2019)"	"Eneboliger"	"2018K1"	15109	33
"5004 Steinkjer (2018-2019)"	"Eneboliger"	"2018K2"	15957	47
"5004 Steinkjer (2018-2019)"	"Eneboliger"	"2018K3"	16124	37
"5004 Steinkjer (2018-2019)"	"Eneboliger"	"2018K4"	13392	34
"5004 Steinkjer (2018-2019)"	"Eneboliger"	"2019K1"	15529	35
"5004 Steinkjer (2018-2019)"	"Eneboliger"	"2019K2"	16523	55
"5004 Steinkjer (2018-2019)"	"Eneboliger"	"2019K3"	14679	55
"5004 Steinkjer (2018-2019)"	"Eneboliger"	"2019K4"	16025	25
"5004 Steinkjer (2018-2019)"	"Eneboliger"	"2020K1"	.	.
"5004 Steinkjer (2018-2019)"	"Eneboliger"	"2020K2"	.	.
"5004 Steinkjer (2018-2019)"	"Eneboliger"	"2020K3"	.	.
"5004 Steinkjer (2018-2019)"	"Eneboliger"	"2020K4"	.	.
"5004 Steinkjer (2018-2019)"	"Eneboliger"	"2021K1"	.	.
"5004 Steinkjer (2018-2019)"	"Eneboliger"	"2021K2"	.	.
"5004 Steinkjer (2018-2019)"	"Eneboliger"	"2021K3"	.	.
"5004 Steinkjer (2018-2019)"	"Eneboliger"	"2021K4"	.	.
"5004 Steinkjer (2018-2019)"	"Eneboliger"	"2022K1"	.	.
"5004 Steinkjer (2018-2019)"	"Eneboliger"	"2022K2"	.	.
"5004 Steinkjer (2018-2019)"	"Eneboliger"	"2022K3"	.	.
"5004 Steinkjer (2018-2019)"	"Eneboliger"	"2022K4"	.	.
"5004 Steinkjer (2018-2019)"	"Eneboliger"	"2023K1"	.	.
"5004 Steinkjer (2018-2019)"	"Eneboliger"	"2023K2"	.	.
"5004 Steinkjer (2018-2019)"	"Eneboliger"	"2023K3"	.	.
"5004 Steinkjer (2018-2019)"	"Småhus"	"2006K1"	.	.
"5004 Steinkjer (2018-2019)"	"Småhus"	"2006K2"	.	.
"5004 Steinkjer (2018-2019)"	"Småhus"	"2006K3"	.	.
"5004 Steinkjer (2018-2019)"	"Småhus"	"2006K4"	.	.
"5004 Steinkjer (2018-2019)"	"Småhus"	"2007K1"	.	.
"5004 Steinkjer (2018-2019)"	"Småhus"	"2007K2"	.	.
"5004 Steinkjer (2018-2019)"	"Småhus"	"2007K3"	.	.
"5004 Steinkjer (2018-2019)"	"Småhus"	"2007K4"	.	.
"5004 Steinkjer (2018-2019)"	"Småhus"	"2008K1"	.	.
"5004 Steinkjer (2018-2019)"	"Småhus"	"2008K2"	.	.
"5004 Steinkjer (2018-2019)"	"Småhus"	"2008K3"	.	.
"5004 Steinkjer (2018-2019)"	"Småhus"	"2008K4"	.	.
"5004 Steinkjer (2018-2019)"	"Småhus"	"2009K1"	.	.
"5004 Steinkjer (2018-2019)"	"Småhus"	"2009K2"	.	.
"5004 Steinkjer (2018-2019)"	"Småhus"	"2009K3"	.	.
"5004 Steinkjer (2018-2019)"	"Småhus"	"2009K4"	.	.
"5004 Steinkjer (2018-2019)"	"Småhus"	"2010K1"	.	.
"5004 Steinkjer (2018-2019)"	"Småhus"	"2010K2"	.	.
"5004 Steinkjer (2018-2019)"	"Småhus"	"2010K3"	.	.
"5004 Steinkjer (2018-2019)"	"Småhus"	"2010K4"	.	.
"5004 Steinkjer (2018-2019)"	"Småhus"	"2011K1"	.	.
"5004 Steinkjer (2018-2019)"	"Småhus"	"2011K2"	.	.
"5004 Steinkjer (2018-2019)"	"Småhus"	"2011K3"	.	.
"5004 Steinkjer (2018-2019)"	"Småhus"	"2011K4"	.	.
"5004 Steinkjer (2018-2019)"	"Småhus"	"2012K1"	.	.
"5004 Steinkjer (2018-2019)"	"Småhus"	"2012K2"	.	.
"5004 Steinkjer (2018-2019)"	"Småhus"	"2012K3"	.	.
"5004 Steinkjer (2018-2019)"	"Småhus"	"2012K4"	.	.
"5004 Steinkjer (2018-2019)"	"Småhus"	"2013K1"	.	.
"5004 Steinkjer (2018-2019)"	"Småhus"	"2013K2"	.	.
"5004 Steinkjer (2018-2019)"	"Småhus"	"2013K3"	.	.
"5004 Steinkjer (2018-2019)"	"Småhus"	"2013K4"	.	.
"5004 Steinkjer (2018-2019)"	"Småhus"	"2014K1"	.	.
"5004 Steinkjer (2018-2019)"	"Småhus"	"2014K2"	.	.
"5004 Steinkjer (2018-2019)"	"Småhus"	"2014K3"	.	.
"5004 Steinkjer (2018-2019)"	"Småhus"	"2014K4"	.	.
"5004 Steinkjer (2018-2019)"	"Småhus"	"2015K1"	.	.
"5004 Steinkjer (2018-2019)"	"Småhus"	"2015K2"	.	.
"5004 Steinkjer (2018-2019)"	"Småhus"	"2015K3"	.	.
"5004 Steinkjer (2018-2019)"	"Småhus"	"2015K4"	.	.
"5004 Steinkjer (2018-2019)"	"Småhus"	"2016K1"	.	.
"5004 Steinkjer (2018-2019)"	"Småhus"	"2016K2"	.	.
"5004 Steinkjer (2018-2019)"	"Småhus"	"2016K3"	.	.
"5004 Steinkjer (2018-2019)"	"Småhus"	"2016K4"	.	.
"5004 Steinkjer (2018-2019)"	"Småhus"	"2017K1"	.	.
"5004 Steinkjer (2018-2019)"	"Småhus"	"2017K2"	.	.
"5004 Steinkjer (2018-2019)"	"Småhus"	"2017K3"	.	.
"5004 Steinkjer (2018-2019)"	"Småhus"	"2017K4"	.	.
"5004 Steinkjer (2018-2019)"	"Småhus"	"2018K1"	..	9
"5004 Steinkjer (2018-2019)"	"Småhus"	"2018K2"	15677	10
"5004 Steinkjer (2018-2019)"	"Småhus"	"2018K3"	19911	10
"5004 Steinkjer (2018-2019)"	"Småhus"	"2018K4"	17913	10
"5004 Steinkjer (2018-2019)"	"Småhus"	"2019K1"	..	9
"5004 Steinkjer (2018-2019)"	"Småhus"	"2019K2"	19307	12
"5004 Steinkjer (2018-2019)"	"Småhus"	"2019K3"	..	6
"5004 Steinkjer (2018-2019)"	"Småhus"	"2019K4"	17934	10
"5004 Steinkjer (2018-2019)"	"Småhus"	"2020K1"	.	.
"5004 Steinkjer (2018-2019)"	"Småhus"	"2020K2"	.	.
"5004 Steinkjer (2018-2019)"	"Småhus"	"2020K3"	.	.
"5004 Steinkjer (2018-2019)"	"Småhus"	"2020K4"	.	.
"5004 Steinkjer (2018-2019)"	"Småhus"	"2021K1"	.	.
"5004 Steinkjer (2018-2019)"	"Småhus"	"2021K2"	.	.
"5004 Steinkjer (2018-2019)"	"Småhus"	"2021K3"	.	.
"5004 Steinkjer (2018-2019)"	"Småhus"	"2021K4"	.	.
"5004 Steinkjer (2018-2019)"	"Småhus"	"2022K1"	.	.
"5004 Steinkjer (2018-2019)"	"Småhus"	"2022K2"	.	.
"5004 Steinkjer (2018-2019)"	"Småhus"	"2022K3"	.	.
"5004 Steinkjer (2018-2019)"	"Småhus"	"2022K4"	.	.
"5004 Steinkjer (2018-2019)"	"Småhus"	"2023K1"	.	.
"5004 Steinkjer (2018-2019)"	"Småhus"	"2023K2"	.	.
"5004 Steinkjer (2018-2019)"	"Småhus"	"2023K3"	.	.
"5004 Steinkjer (2018-2019)"	"Blokkleiligheter"	"2006K1"	.	.
"5004 Steinkjer (2018-2019)"	"Blokkleiligheter"	"2006K2"	.	.
"5004 Steinkjer (2018-2019)"	"Blokkleiligheter"	"2006K3"	.	.
"5004 Steinkjer (2018-2019)"	"Blokkleiligheter"	"2006K4"	.	.
"5004 Steinkjer (2018-2019)"	"Blokkleiligheter"	"2007K1"	.	.
"5004 Steinkjer (2018-2019)"	"Blokkleiligheter"	"2007K2"	.	.
"5004 Steinkjer (2018-2019)"	"Blokkleiligheter"	"2007K3"	.	.
"5004 Steinkjer (2018-2019)"	"Blokkleiligheter"	"2007K4"	.	.
"5004 Steinkjer (2018-2019)"	"Blokkleiligheter"	"2008K1"	.	.
"5004 Steinkjer (2018-2019)"	"Blokkleiligheter"	"2008K2"	.	.
"5004 Steinkjer (2018-2019)"	"Blokkleiligheter"	"2008K3"	.	.
"5004 Steinkjer (2018-2019)"	"Blokkleiligheter"	"2008K4"	.	.
"5004 Steinkjer (2018-2019)"	"Blokkleiligheter"	"2009K1"	.	.
"5004 Steinkjer (2018-2019)"	"Blokkleiligheter"	"2009K2"	.	.
"5004 Steinkjer (2018-2019)"	"Blokkleiligheter"	"2009K3"	.	.
"5004 Steinkjer (2018-2019)"	"Blokkleiligheter"	"2009K4"	.	.
"5004 Steinkjer (2018-2019)"	"Blokkleiligheter"	"2010K1"	.	.
"5004 Steinkjer (2018-2019)"	"Blokkleiligheter"	"2010K2"	.	.
"5004 Steinkjer (2018-2019)"	"Blokkleiligheter"	"2010K3"	.	.
"5004 Steinkjer (2018-2019)"	"Blokkleiligheter"	"2010K4"	.	.
"5004 Steinkjer (2018-2019)"	"Blokkleiligheter"	"2011K1"	.	.
"5004 Steinkjer (2018-2019)"	"Blokkleiligheter"	"2011K2"	.	.
"5004 Steinkjer (2018-2019)"	"Blokkleiligheter"	"2011K3"	.	.
"5004 Steinkjer (2018-2019)"	"Blokkleiligheter"	"2011K4"	.	.
"5004 Steinkjer (2018-2019)"	"Blokkleiligheter"	"2012K1"	.	.
"5004 Steinkjer (2018-2019)"	"Blokkleiligheter"	"2012K2"	.	.
"5004 Steinkjer (2018-2019)"	"Blokkleiligheter"	"2012K3"	.	.
"5004 Steinkjer (2018-2019)"	"Blokkleiligheter"	"2012K4"	.	.
"5004 Steinkjer (2018-2019)"	"Blokkleiligheter"	"2013K1"	.	.
"5004 Steinkjer (2018-2019)"	"Blokkleiligheter"	"2013K2"	.	.
"5004 Steinkjer (2018-2019)"	"Blokkleiligheter"	"2013K3"	.	.
"5004 Steinkjer (2018-2019)"	"Blokkleiligheter"	"2013K4"	.	.
"5004 Steinkjer (2018-2019)"	"Blokkleiligheter"	"2014K1"	.	.
"5004 Steinkjer (2018-2019)"	"Blokkleiligheter"	"2014K2"	.	.
"5004 Steinkjer (2018-2019)"	"Blokkleiligheter"	"2014K3"	.	.
"5004 Steinkjer (2018-2019)"	"Blokkleiligheter"	"2014K4"	.	.
"5004 Steinkjer (2018-2019)"	"Blokkleiligheter"	"2015K1"	.	.
"5004 Steinkjer (2018-2019)"	"Blokkleiligheter"	"2015K2"	.	.
"5004 Steinkjer (2018-2019)"	"Blokkleiligheter"	"2015K3"	.	.
"5004 Steinkjer (2018-2019)"	"Blokkleiligheter"	"2015K4"	.	.
"5004 Steinkjer (2018-2019)"	"Blokkleiligheter"	"2016K1"	.	.
"5004 Steinkjer (2018-2019)"	"Blokkleiligheter"	"2016K2"	.	.
"5004 Steinkjer (2018-2019)"	"Blokkleiligheter"	"2016K3"	.	.
"5004 Steinkjer (2018-2019)"	"Blokkleiligheter"	"2016K4"	.	.
"5004 Steinkjer (2018-2019)"	"Blokkleiligheter"	"2017K1"	.	.
"5004 Steinkjer (2018-2019)"	"Blokkleiligheter"	"2017K2"	.	.
"5004 Steinkjer (2018-2019)"	"Blokkleiligheter"	"2017K3"	.	.
"5004 Steinkjer (2018-2019)"	"Blokkleiligheter"	"2017K4"	.	.
"5004 Steinkjer (2018-2019)"	"Blokkleiligheter"	"2018K1"	31507	10
"5004 Steinkjer (2018-2019)"	"Blokkleiligheter"	"2018K2"	26490	28
"5004 Steinkjer (2018-2019)"	"Blokkleiligheter"	"2018K3"	28991	13
"5004 Steinkjer (2018-2019)"	"Blokkleiligheter"	"2018K4"	30214	10
"5004 Steinkjer (2018-2019)"	"Blokkleiligheter"	"2019K1"	26798	17
"5004 Steinkjer (2018-2019)"	"Blokkleiligheter"	"2019K2"	30070	10
"5004 Steinkjer (2018-2019)"	"Blokkleiligheter"	"2019K3"	31737	11
"5004 Steinkjer (2018-2019)"	"Blokkleiligheter"	"2019K4"	26180	13
"5004 Steinkjer (2018-2019)"	"Blokkleiligheter"	"2020K1"	.	.
"5004 Steinkjer (2018-2019)"	"Blokkleiligheter"	"2020K2"	.	.
"5004 Steinkjer (2018-2019)"	"Blokkleiligheter"	"2020K3"	.	.
"5004 Steinkjer (2018-2019)"	"Blokkleiligheter"	"2020K4"	.	.
"5004 Steinkjer (2018-2019)"	"Blokkleiligheter"	"2021K1"	.	.
"5004 Steinkjer (2018-2019)"	"Blokkleiligheter"	"2021K2"	.	.
"5004 Steinkjer (2018-2019)"	"Blokkleiligheter"	"2021K3"	.	.
"5004 Steinkjer (2018-2019)"	"Blokkleiligheter"	"2021K4"	.	.
"5004 Steinkjer (2018-2019)"	"Blokkleiligheter"	"2022K1"	.	.
"5004 Steinkjer (2018-2019)"	"Blokkleiligheter"	"2022K2"	.	.
"5004 Steinkjer (2018-2019)"	"Blokkleiligheter"	"2022K3"	.	.
"5004 Steinkjer (2018-2019)"	"Blokkleiligheter"	"2022K4"	.	.
"5004 Steinkjer (2018-2019)"	"Blokkleiligheter"	"2023K1"	.	.
"5004 Steinkjer (2018-2019)"	"Blokkleiligheter"	"2023K2"	.	.
"5004 Steinkjer (2018-2019)"	"Blokkleiligheter"	"2023K3"	.	.
"5006 Steinkjer"	"Eneboliger"	"2006K1"	.	.
"5006 Steinkjer"	"Eneboliger"	"2006K2"	.	.
"5006 Steinkjer"	"Eneboliger"	"2006K3"	.	.
"5006 Steinkjer"	"Eneboliger"	"2006K4"	.	.
"5006 Steinkjer"	"Eneboliger"	"2007K1"	.	.
"5006 Steinkjer"	"Eneboliger"	"2007K2"	.	.
"5006 Steinkjer"	"Eneboliger"	"2007K3"	.	.
"5006 Steinkjer"	"Eneboliger"	"2007K4"	.	.
"5006 Steinkjer"	"Eneboliger"	"2008K1"	.	.
"5006 Steinkjer"	"Eneboliger"	"2008K2"	.	.
"5006 Steinkjer"	"Eneboliger"	"2008K3"	.	.
"5006 Steinkjer"	"Eneboliger"	"2008K4"	.	.
"5006 Steinkjer"	"Eneboliger"	"2009K1"	.	.
"5006 Steinkjer"	"Eneboliger"	"2009K2"	.	.
"5006 Steinkjer"	"Eneboliger"	"2009K3"	.	.
"5006 Steinkjer"	"Eneboliger"	"2009K4"	.	.
"5006 Steinkjer"	"Eneboliger"	"2010K1"	.	.
"5006 Steinkjer"	"Eneboliger"	"2010K2"	.	.
"5006 Steinkjer"	"Eneboliger"	"2010K3"	.	.
"5006 Steinkjer"	"Eneboliger"	"2010K4"	.	.
"5006 Steinkjer"	"Eneboliger"	"2011K1"	.	.
"5006 Steinkjer"	"Eneboliger"	"2011K2"	.	.
"5006 Steinkjer"	"Eneboliger"	"2011K3"	.	.
"5006 Steinkjer"	"Eneboliger"	"2011K4"	.	.
"5006 Steinkjer"	"Eneboliger"	"2012K1"	.	.
"5006 Steinkjer"	"Eneboliger"	"2012K2"	.	.
"5006 Steinkjer"	"Eneboliger"	"2012K3"	.	.
"5006 Steinkjer"	"Eneboliger"	"2012K4"	.	.
"5006 Steinkjer"	"Eneboliger"	"2013K1"	.	.
"5006 Steinkjer"	"Eneboliger"	"2013K2"	.	.
"5006 Steinkjer"	"Eneboliger"	"2013K3"	.	.
"5006 Steinkjer"	"Eneboliger"	"2013K4"	.	.
"5006 Steinkjer"	"Eneboliger"	"2014K1"	.	.
"5006 Steinkjer"	"Eneboliger"	"2014K2"	.	.
"5006 Steinkjer"	"Eneboliger"	"2014K3"	.	.
"5006 Steinkjer"	"Eneboliger"	"2014K4"	.	.
"5006 Steinkjer"	"Eneboliger"	"2015K1"	.	.
"5006 Steinkjer"	"Eneboliger"	"2015K2"	.	.
"5006 Steinkjer"	"Eneboliger"	"2015K3"	.	.
"5006 Steinkjer"	"Eneboliger"	"2015K4"	.	.
"5006 Steinkjer"	"Eneboliger"	"2016K1"	.	.
"5006 Steinkjer"	"Eneboliger"	"2016K2"	.	.
"5006 Steinkjer"	"Eneboliger"	"2016K3"	.	.
"5006 Steinkjer"	"Eneboliger"	"2016K4"	.	.
"5006 Steinkjer"	"Eneboliger"	"2017K1"	.	.
"5006 Steinkjer"	"Eneboliger"	"2017K2"	.	.
"5006 Steinkjer"	"Eneboliger"	"2017K3"	.	.
"5006 Steinkjer"	"Eneboliger"	"2017K4"	.	.
"5006 Steinkjer"	"Eneboliger"	"2018K1"	.	.
"5006 Steinkjer"	"Eneboliger"	"2018K2"	.	.
"5006 Steinkjer"	"Eneboliger"	"2018K3"	.	.
"5006 Steinkjer"	"Eneboliger"	"2018K4"	.	.
"5006 Steinkjer"	"Eneboliger"	"2019K1"	.	.
"5006 Steinkjer"	"Eneboliger"	"2019K2"	.	.
"5006 Steinkjer"	"Eneboliger"	"2019K3"	.	.
"5006 Steinkjer"	"Eneboliger"	"2019K4"	.	.
"5006 Steinkjer"	"Eneboliger"	"2020K1"	14603	43
"5006 Steinkjer"	"Eneboliger"	"2020K2"	14838	78
"5006 Steinkjer"	"Eneboliger"	"2020K3"	16156	55
"5006 Steinkjer"	"Eneboliger"	"2020K4"	16028	31
"5006 Steinkjer"	"Eneboliger"	"2021K1"	14880	44
"5006 Steinkjer"	"Eneboliger"	"2021K2"	16032	42
"5006 Steinkjer"	"Eneboliger"	"2021K3"	16137	59
"5006 Steinkjer"	"Eneboliger"	"2021K4"	18360	41
"5006 Steinkjer"	"Eneboliger"	"2022K1"	19347	45
"5006 Steinkjer"	"Eneboliger"	"2022K2"	17263	65
"5006 Steinkjer"	"Eneboliger"	"2022K3"	16738	60
"5006 Steinkjer"	"Eneboliger"	"2022K4"	17296	49
"5006 Steinkjer"	"Eneboliger"	"2023K1"	18393	49
"5006 Steinkjer"	"Eneboliger"	"2023K2"	17929	50
"5006 Steinkjer"	"Eneboliger"	"2023K3"	17481	41
"5006 Steinkjer"	"Småhus"	"2006K1"	.	.
"5006 Steinkjer"	"Småhus"	"2006K2"	.	.
"5006 Steinkjer"	"Småhus"	"2006K3"	.	.
"5006 Steinkjer"	"Småhus"	"2006K4"	.	.
"5006 Steinkjer"	"Småhus"	"2007K1"	.	.
"5006 Steinkjer"	"Småhus"	"2007K2"	.	.
"5006 Steinkjer"	"Småhus"	"2007K3"	.	.
"5006 Steinkjer"	"Småhus"	"2007K4"	.	.
"5006 Steinkjer"	"Småhus"	"2008K1"	.	.
"5006 Steinkjer"	"Småhus"	"2008K2"	.	.
"5006 Steinkjer"	"Småhus"	"2008K3"	.	.
"5006 Steinkjer"	"Småhus"	"2008K4"	.	.
"5006 Steinkjer"	"Småhus"	"2009K1"	.	.
"5006 Steinkjer"	"Småhus"	"2009K2"	.	.
"5006 Steinkjer"	"Småhus"	"2009K3"	.	.
"5006 Steinkjer"	"Småhus"	"2009K4"	.	.
"5006 Steinkjer"	"Småhus"	"2010K1"	.	.
"5006 Steinkjer"	"Småhus"	"2010K2"	.	.
"5006 Steinkjer"	"Småhus"	"2010K3"	.	.
"5006 Steinkjer"	"Småhus"	"2010K4"	.	.
"5006 Steinkjer"	"Småhus"	"2011K1"	.	.
"5006 Steinkjer"	"Småhus"	"2011K2"	.	.
"5006 Steinkjer"	"Småhus"	"2011K3"	.	.
"5006 Steinkjer"	"Småhus"	"2011K4"	.	.
"5006 Steinkjer"	"Småhus"	"2012K1"	.	.
"5006 Steinkjer"	"Småhus"	"2012K2"	.	.
"5006 Steinkjer"	"Småhus"	"2012K3"	.	.
"5006 Steinkjer"	"Småhus"	"2012K4"	.	.
"5006 Steinkjer"	"Småhus"	"2013K1"	.	.
"5006 Steinkjer"	"Småhus"	"2013K2"	.	.
"5006 Steinkjer"	"Småhus"	"2013K3"	.	.
"5006 Steinkjer"	"Småhus"	"2013K4"	.	.
"5006 Steinkjer"	"Småhus"	"2014K1"	.	.
"5006 Steinkjer"	"Småhus"	"2014K2"	.	.
"5006 Steinkjer"	"Småhus"	"2014K3"	.	.
"5006 Steinkjer"	"Småhus"	"2014K4"	.	.
"5006 Steinkjer"	"Småhus"	"2015K1"	.	.
"5006 Steinkjer"	"Småhus"	"2015K2"	.	.
"5006 Steinkjer"	"Småhus"	"2015K3"	.	.
"5006 Steinkjer"	"Småhus"	"2015K4"	.	.
"5006 Steinkjer"	"Småhus"	"2016K1"	.	.
"5006 Steinkjer"	"Småhus"	"2016K2"	.	.
"5006 Steinkjer"	"Småhus"	"2016K3"	.	.
"5006 Steinkjer"	"Småhus"	"2016K4"	.	.
"5006 Steinkjer"	"Småhus"	"2017K1"	.	.
"5006 Steinkjer"	"Småhus"	"2017K2"	.	.
"5006 Steinkjer"	"Småhus"	"2017K3"	.	.
"5006 Steinkjer"	"Småhus"	"2017K4"	.	.
"5006 Steinkjer"	"Småhus"	"2018K1"	.	.
"5006 Steinkjer"	"Småhus"	"2018K2"	.	.
"5006 Steinkjer"	"Småhus"	"2018K3"	.	.
"5006 Steinkjer"	"Småhus"	"2018K4"	.	.
"5006 Steinkjer"	"Småhus"	"2019K1"	.	.
"5006 Steinkjer"	"Småhus"	"2019K2"	.	.
"5006 Steinkjer"	"Småhus"	"2019K3"	.	.
"5006 Steinkjer"	"Småhus"	"2019K4"	.	.
"5006 Steinkjer"	"Småhus"	"2020K1"	..	8
"5006 Steinkjer"	"Småhus"	"2020K2"	..	4
"5006 Steinkjer"	"Småhus"	"2020K3"	18711	13
"5006 Steinkjer"	"Småhus"	"2020K4"	..	9
"5006 Steinkjer"	"Småhus"	"2021K1"	..	6
"5006 Steinkjer"	"Småhus"	"2021K2"	..	9
"5006 Steinkjer"	"Småhus"	"2021K3"	..	8
"5006 Steinkjer"	"Småhus"	"2021K4"	..	6
"5006 Steinkjer"	"Småhus"	"2022K1"	20607	11
"5006 Steinkjer"	"Småhus"	"2022K2"	22079	14
"5006 Steinkjer"	"Småhus"	"2022K3"	19980	13
"5006 Steinkjer"	"Småhus"	"2022K4"	18848	10
"5006 Steinkjer"	"Småhus"	"2023K1"	20922	12
"5006 Steinkjer"	"Småhus"	"2023K2"	26945	13
"5006 Steinkjer"	"Småhus"	"2023K3"	20406	13
"5006 Steinkjer"	"Blokkleiligheter"	"2006K1"	.	.
"5006 Steinkjer"	"Blokkleiligheter"	"2006K2"	.	.
"5006 Steinkjer"	"Blokkleiligheter"	"2006K3"	.	.
"5006 Steinkjer"	"Blokkleiligheter"	"2006K4"	.	.
"5006 Steinkjer"	"Blokkleiligheter"	"2007K1"	.	.
"5006 Steinkjer"	"Blokkleiligheter"	"2007K2"	.	.
"5006 Steinkjer"	"Blokkleiligheter"	"2007K3"	.	.
"5006 Steinkjer"	"Blokkleiligheter"	"2007K4"	.	.
"5006 Steinkjer"	"Blokkleiligheter"	"2008K1"	.	.
"5006 Steinkjer"	"Blokkleiligheter"	"2008K2"	.	.
"5006 Steinkjer"	"Blokkleiligheter"	"2008K3"	.	.
"5006 Steinkjer"	"Blokkleiligheter"	"2008K4"	.	.
"5006 Steinkjer"	"Blokkleiligheter"	"2009K1"	.	.
"5006 Steinkjer"	"Blokkleiligheter"	"2009K2"	.	.
"5006 Steinkjer"	"Blokkleiligheter"	"2009K3"	.	.
"5006 Steinkjer"	"Blokkleiligheter"	"2009K4"	.	.
"5006 Steinkjer"	"Blokkleiligheter"	"2010K1"	.	.
"5006 Steinkjer"	"Blokkleiligheter"	"2010K2"	.	.
"5006 Steinkjer"	"Blokkleiligheter"	"2010K3"	.	.
"5006 Steinkjer"	"Blokkleiligheter"	"2010K4"	.	.
"5006 Steinkjer"	"Blokkleiligheter"	"2011K1"	.	.
"5006 Steinkjer"	"Blokkleiligheter"	"2011K2"	.	.
"5006 Steinkjer"	"Blokkleiligheter"	"2011K3"	.	.
"5006 Steinkjer"	"Blokkleiligheter"	"2011K4"	.	.
"5006 Steinkjer"	"Blokkleiligheter"	"2012K1"	.	.
"5006 Steinkjer"	"Blokkleiligheter"	"2012K2"	.	.
"5006 Steinkjer"	"Blokkleiligheter"	"2012K3"	.	.
"5006 Steinkjer"	"Blokkleiligheter"	"2012K4"	.	.
"5006 Steinkjer"	"Blokkleiligheter"	"2013K1"	.	.
"5006 Steinkjer"	"Blokkleiligheter"	"2013K2"	.	.
"5006 Steinkjer"	"Blokkleiligheter"	"2013K3"	.	.
"5006 Steinkjer"	"Blokkleiligheter"	"2013K4"	.	.
"5006 Steinkjer"	"Blokkleiligheter"	"2014K1"	.	.
"5006 Steinkjer"	"Blokkleiligheter"	"2014K2"	.	.
"5006 Steinkjer"	"Blokkleiligheter"	"2014K3"	.	.
"5006 Steinkjer"	"Blokkleiligheter"	"2014K4"	.	.
"5006 Steinkjer"	"Blokkleiligheter"	"2015K1"	.	.
"5006 Steinkjer"	"Blokkleiligheter"	"2015K2"	.	.
"5006 Steinkjer"	"Blokkleiligheter"	"2015K3"	.	.
"5006 Steinkjer"	"Blokkleiligheter"	"2015K4"	.	.
"5006 Steinkjer"	"Blokkleiligheter"	"2016K1"	.	.
"5006 Steinkjer"	"Blokkleiligheter"	"2016K2"	.	.
"5006 Steinkjer"	"Blokkleiligheter"	"2016K3"	.	.
"5006 Steinkjer"	"Blokkleiligheter"	"2016K4"	.	.
"5006 Steinkjer"	"Blokkleiligheter"	"2017K1"	.	.
"5006 Steinkjer"	"Blokkleiligheter"	"2017K2"	.	.
"5006 Steinkjer"	"Blokkleiligheter"	"2017K3"	.	.
"5006 Steinkjer"	"Blokkleiligheter"	"2017K4"	.	.
"5006 Steinkjer"	"Blokkleiligheter"	"2018K1"	.	.
"5006 Steinkjer"	"Blokkleiligheter"	"2018K2"	.	.
"5006 Steinkjer"	"Blokkleiligheter"	"2018K3"	.	.
"5006 Steinkjer"	"Blokkleiligheter"	"2018K4"	.	.
"5006 Steinkjer"	"Blokkleiligheter"	"2019K1"	.	.
"5006 Steinkjer"	"Blokkleiligheter"	"2019K2"	.	.
"5006 Steinkjer"	"Blokkleiligheter"	"2019K3"	.	.
"5006 Steinkjer"	"Blokkleiligheter"	"2019K4"	.	.
"5006 Steinkjer"	"Blokkleiligheter"	"2020K1"	21661	13
"5006 Steinkjer"	"Blokkleiligheter"	"2020K2"	28140	15
"5006 Steinkjer"	"Blokkleiligheter"	"2020K3"	31433	20
"5006 Steinkjer"	"Blokkleiligheter"	"2020K4"	30548	16
"5006 Steinkjer"	"Blokkleiligheter"	"2021K1"	31807	14
"5006 Steinkjer"	"Blokkleiligheter"	"2021K2"	32406	15
"5006 Steinkjer"	"Blokkleiligheter"	"2021K3"	40082	18
"5006 Steinkjer"	"Blokkleiligheter"	"2021K4"	33447	13
"5006 Steinkjer"	"Blokkleiligheter"	"2022K1"	32642	17
"5006 Steinkjer"	"Blokkleiligheter"	"2022K2"	32592	13
"5006 Steinkjer"	"Blokkleiligheter"	"2022K3"	36318	17
"5006 Steinkjer"	"Blokkleiligheter"	"2022K4"	39166	10
"5006 Steinkjer"	"Blokkleiligheter"	"2023K1"	36134	14
"5006 Steinkjer"	"Blokkleiligheter"	"2023K2"	35891	11
"5006 Steinkjer"	"Blokkleiligheter"	"2023K3"	30995	15
"5035 Stjørdal"	"Eneboliger"	"2006K1"	.	.
"5035 Stjørdal"	"Eneboliger"	"2006K2"	.	.
"5035 Stjørdal"	"Eneboliger"	"2006K3"	.	.
"5035 Stjørdal"	"Eneboliger"	"2006K4"	.	.
"5035 Stjørdal"	"Eneboliger"	"2007K1"	.	.
"5035 Stjørdal"	"Eneboliger"	"2007K2"	.	.
"5035 Stjørdal"	"Eneboliger"	"2007K3"	.	.
"5035 Stjørdal"	"Eneboliger"	"2007K4"	.	.
"5035 Stjørdal"	"Eneboliger"	"2008K1"	.	.
"5035 Stjørdal"	"Eneboliger"	"2008K2"	.	.
"5035 Stjørdal"	"Eneboliger"	"2008K3"	.	.
"5035 Stjørdal"	"Eneboliger"	"2008K4"	.	.
"5035 Stjørdal"	"Eneboliger"	"2009K1"	.	.
"5035 Stjørdal"	"Eneboliger"	"2009K2"	.	.
"5035 Stjørdal"	"Eneboliger"	"2009K3"	.	.
"5035 Stjørdal"	"Eneboliger"	"2009K4"	.	.
"5035 Stjørdal"	"Eneboliger"	"2010K1"	.	.
"5035 Stjørdal"	"Eneboliger"	"2010K2"	.	.
"5035 Stjørdal"	"Eneboliger"	"2010K3"	.	.
"5035 Stjørdal"	"Eneboliger"	"2010K4"	.	.
"5035 Stjørdal"	"Eneboliger"	"2011K1"	.	.
"5035 Stjørdal"	"Eneboliger"	"2011K2"	.	.
"5035 Stjørdal"	"Eneboliger"	"2011K3"	.	.
"5035 Stjørdal"	"Eneboliger"	"2011K4"	.	.
"5035 Stjørdal"	"Eneboliger"	"2012K1"	.	.
"5035 Stjørdal"	"Eneboliger"	"2012K2"	.	.
"5035 Stjørdal"	"Eneboliger"	"2012K3"	.	.
"5035 Stjørdal"	"Eneboliger"	"2012K4"	.	.
"5035 Stjørdal"	"Eneboliger"	"2013K1"	.	.
"5035 Stjørdal"	"Eneboliger"	"2013K2"	.	.
"5035 Stjørdal"	"Eneboliger"	"2013K3"	.	.
"5035 Stjørdal"	"Eneboliger"	"2013K4"	.	.
"5035 Stjørdal"	"Eneboliger"	"2014K1"	.	.
"5035 Stjørdal"	"Eneboliger"	"2014K2"	.	.
"5035 Stjørdal"	"Eneboliger"	"2014K3"	.	.
"5035 Stjørdal"	"Eneboliger"	"2014K4"	.	.
"5035 Stjørdal"	"Eneboliger"	"2015K1"	.	.
"5035 Stjørdal"	"Eneboliger"	"2015K2"	.	.
"5035 Stjørdal"	"Eneboliger"	"2015K3"	.	.
"5035 Stjørdal"	"Eneboliger"	"2015K4"	.	.
"5035 Stjørdal"	"Eneboliger"	"2016K1"	.	.
"5035 Stjørdal"	"Eneboliger"	"2016K2"	.	.
"5035 Stjørdal"	"Eneboliger"	"2016K3"	.	.
"5035 Stjørdal"	"Eneboliger"	"2016K4"	.	.
"5035 Stjørdal"	"Eneboliger"	"2017K1"	.	.
"5035 Stjørdal"	"Eneboliger"	"2017K2"	.	.
"5035 Stjørdal"	"Eneboliger"	"2017K3"	.	.
"5035 Stjørdal"	"Eneboliger"	"2017K4"	.	.
"5035 Stjørdal"	"Eneboliger"	"2018K1"	23159	26
"5035 Stjørdal"	"Eneboliger"	"2018K2"	22810	37
"5035 Stjørdal"	"Eneboliger"	"2018K3"	23668	28
"5035 Stjørdal"	"Eneboliger"	"2018K4"	23147	16
"5035 Stjørdal"	"Eneboliger"	"2019K1"	23102	28
"5035 Stjørdal"	"Eneboliger"	"2019K2"	24885	39
"5035 Stjørdal"	"Eneboliger"	"2019K3"	24238	36
"5035 Stjørdal"	"Eneboliger"	"2019K4"	24858	27
"5035 Stjørdal"	"Eneboliger"	"2020K1"	25258	36
"5035 Stjørdal"	"Eneboliger"	"2020K2"	23255	46
"5035 Stjørdal"	"Eneboliger"	"2020K3"	25707	38
"5035 Stjørdal"	"Eneboliger"	"2020K4"	24345	27
"5035 Stjørdal"	"Eneboliger"	"2021K1"	27530	37
"5035 Stjørdal"	"Eneboliger"	"2021K2"	27285	42
"5035 Stjørdal"	"Eneboliger"	"2021K3"	27862	22
"5035 Stjørdal"	"Eneboliger"	"2021K4"	29841	26
"5035 Stjørdal"	"Eneboliger"	"2022K1"	29065	37
"5035 Stjørdal"	"Eneboliger"	"2022K2"	28283	53
"5035 Stjørdal"	"Eneboliger"	"2022K3"	29124	45
"5035 Stjørdal"	"Eneboliger"	"2022K4"	26830	28
"5035 Stjørdal"	"Eneboliger"	"2023K1"	24263	25
"5035 Stjørdal"	"Eneboliger"	"2023K2"	27986	31
"5035 Stjørdal"	"Eneboliger"	"2023K3"	25860	34
"5035 Stjørdal"	"Småhus"	"2006K1"	.	.
"5035 Stjørdal"	"Småhus"	"2006K2"	.	.
"5035 Stjørdal"	"Småhus"	"2006K3"	.	.
"5035 Stjørdal"	"Småhus"	"2006K4"	.	.
"5035 Stjørdal"	"Småhus"	"2007K1"	.	.
"5035 Stjørdal"	"Småhus"	"2007K2"	.	.
"5035 Stjørdal"	"Småhus"	"2007K3"	.	.
"5035 Stjørdal"	"Småhus"	"2007K4"	.	.
"5035 Stjørdal"	"Småhus"	"2008K1"	.	.
"5035 Stjørdal"	"Småhus"	"2008K2"	.	.
"5035 Stjørdal"	"Småhus"	"2008K3"	.	.
"5035 Stjørdal"	"Småhus"	"2008K4"	.	.
"5035 Stjørdal"	"Småhus"	"2009K1"	.	.
"5035 Stjørdal"	"Småhus"	"2009K2"	.	.
"5035 Stjørdal"	"Småhus"	"2009K3"	.	.
"5035 Stjørdal"	"Småhus"	"2009K4"	.	.
"5035 Stjørdal"	"Småhus"	"2010K1"	.	.
"5035 Stjørdal"	"Småhus"	"2010K2"	.	.
"5035 Stjørdal"	"Småhus"	"2010K3"	.	.
"5035 Stjørdal"	"Småhus"	"2010K4"	.	.
"5035 Stjørdal"	"Småhus"	"2011K1"	.	.
"5035 Stjørdal"	"Småhus"	"2011K2"	.	.
"5035 Stjørdal"	"Småhus"	"2011K3"	.	.
"5035 Stjørdal"	"Småhus"	"2011K4"	.	.
"5035 Stjørdal"	"Småhus"	"2012K1"	.	.
"5035 Stjørdal"	"Småhus"	"2012K2"	.	.
"5035 Stjørdal"	"Småhus"	"2012K3"	.	.
"5035 Stjørdal"	"Småhus"	"2012K4"	.	.
"5035 Stjørdal"	"Småhus"	"2013K1"	.	.
"5035 Stjørdal"	"Småhus"	"2013K2"	.	.
"5035 Stjørdal"	"Småhus"	"2013K3"	.	.
"5035 Stjørdal"	"Småhus"	"2013K4"	.	.
"5035 Stjørdal"	"Småhus"	"2014K1"	.	.
"5035 Stjørdal"	"Småhus"	"2014K2"	.	.
"5035 Stjørdal"	"Småhus"	"2014K3"	.	.
"5035 Stjørdal"	"Småhus"	"2014K4"	.	.
"5035 Stjørdal"	"Småhus"	"2015K1"	.	.
"5035 Stjørdal"	"Småhus"	"2015K2"	.	.
"5035 Stjørdal"	"Småhus"	"2015K3"	.	.
"5035 Stjørdal"	"Småhus"	"2015K4"	.	.
"5035 Stjørdal"	"Småhus"	"2016K1"	.	.
"5035 Stjørdal"	"Småhus"	"2016K2"	.	.
"5035 Stjørdal"	"Småhus"	"2016K3"	.	.
"5035 Stjørdal"	"Småhus"	"2016K4"	.	.
"5035 Stjørdal"	"Småhus"	"2017K1"	.	.
"5035 Stjørdal"	"Småhus"	"2017K2"	.	.
"5035 Stjørdal"	"Småhus"	"2017K3"	.	.
"5035 Stjørdal"	"Småhus"	"2017K4"	.	.
"5035 Stjørdal"	"Småhus"	"2018K1"	27420	11
"5035 Stjørdal"	"Småhus"	"2018K2"	26381	19
"5035 Stjørdal"	"Småhus"	"2018K3"	31033	11
"5035 Stjørdal"	"Småhus"	"2018K4"	..	7
"5035 Stjørdal"	"Småhus"	"2019K1"	30421	13
"5035 Stjørdal"	"Småhus"	"2019K2"	32317	17
"5035 Stjørdal"	"Småhus"	"2019K3"	34051	13
"5035 Stjørdal"	"Småhus"	"2019K4"	..	7
"5035 Stjørdal"	"Småhus"	"2020K1"	32219	18
"5035 Stjørdal"	"Småhus"	"2020K2"	33396	19
"5035 Stjørdal"	"Småhus"	"2020K3"	32701	13
"5035 Stjørdal"	"Småhus"	"2020K4"	33122	10
"5035 Stjørdal"	"Småhus"	"2021K1"	30662	17
"5035 Stjørdal"	"Småhus"	"2021K2"	33855	23
"5035 Stjørdal"	"Småhus"	"2021K3"	33718	18
"5035 Stjørdal"	"Småhus"	"2021K4"	33165	14
"5035 Stjørdal"	"Småhus"	"2022K1"	34020	15
"5035 Stjørdal"	"Småhus"	"2022K2"	35108	14
"5035 Stjørdal"	"Småhus"	"2022K3"	37889	14
"5035 Stjørdal"	"Småhus"	"2022K4"	..	7
"5035 Stjørdal"	"Småhus"	"2023K1"	33584	21
"5035 Stjørdal"	"Småhus"	"2023K2"	35746	11
"5035 Stjørdal"	"Småhus"	"2023K3"	34472	15
"5035 Stjørdal"	"Blokkleiligheter"	"2006K1"	.	.
"5035 Stjørdal"	"Blokkleiligheter"	"2006K2"	.	.
"5035 Stjørdal"	"Blokkleiligheter"	"2006K3"	.	.
"5035 Stjørdal"	"Blokkleiligheter"	"2006K4"	.	.
"5035 Stjørdal"	"Blokkleiligheter"	"2007K1"	.	.
"5035 Stjørdal"	"Blokkleiligheter"	"2007K2"	.	.
"5035 Stjørdal"	"Blokkleiligheter"	"2007K3"	.	.
"5035 Stjørdal"	"Blokkleiligheter"	"2007K4"	.	.
"5035 Stjørdal"	"Blokkleiligheter"	"2008K1"	.	.
"5035 Stjørdal"	"Blokkleiligheter"	"2008K2"	.	.
"5035 Stjørdal"	"Blokkleiligheter"	"2008K3"	.	.
"5035 Stjørdal"	"Blokkleiligheter"	"2008K4"	.	.
"5035 Stjørdal"	"Blokkleiligheter"	"2009K1"	.	.
"5035 Stjørdal"	"Blokkleiligheter"	"2009K2"	.	.
"5035 Stjørdal"	"Blokkleiligheter"	"2009K3"	.	.
"5035 Stjørdal"	"Blokkleiligheter"	"2009K4"	.	.
"5035 Stjørdal"	"Blokkleiligheter"	"2010K1"	.	.
"5035 Stjørdal"	"Blokkleiligheter"	"2010K2"	.	.
"5035 Stjørdal"	"Blokkleiligheter"	"2010K3"	.	.
"5035 Stjørdal"	"Blokkleiligheter"	"2010K4"	.	.
"5035 Stjørdal"	"Blokkleiligheter"	"2011K1"	.	.
"5035 Stjørdal"	"Blokkleiligheter"	"2011K2"	.	.
"5035 Stjørdal"	"Blokkleiligheter"	"2011K3"	.	.
"5035 Stjørdal"	"Blokkleiligheter"	"2011K4"	.	.
"5035 Stjørdal"	"Blokkleiligheter"	"2012K1"	.	.
"5035 Stjørdal"	"Blokkleiligheter"	"2012K2"	.	.
"5035 Stjørdal"	"Blokkleiligheter"	"2012K3"	.	.
"5035 Stjørdal"	"Blokkleiligheter"	"2012K4"	.	.
"5035 Stjørdal"	"Blokkleiligheter"	"2013K1"	.	.
"5035 Stjørdal"	"Blokkleiligheter"	"2013K2"	.	.
"5035 Stjørdal"	"Blokkleiligheter"	"2013K3"	.	.
"5035 Stjørdal"	"Blokkleiligheter"	"2013K4"	.	.
"5035 Stjørdal"	"Blokkleiligheter"	"2014K1"	.	.
"5035 Stjørdal"	"Blokkleiligheter"	"2014K2"	.	.
"5035 Stjørdal"	"Blokkleiligheter"	"2014K3"	.	.
"5035 Stjørdal"	"Blokkleiligheter"	"2014K4"	.	.
"5035 Stjørdal"	"Blokkleiligheter"	"2015K1"	.	.
"5035 Stjørdal"	"Blokkleiligheter"	"2015K2"	.	.
"5035 Stjørdal"	"Blokkleiligheter"	"2015K3"	.	.
"5035 Stjørdal"	"Blokkleiligheter"	"2015K4"	.	.
"5035 Stjørdal"	"Blokkleiligheter"	"2016K1"	.	.
"5035 Stjørdal"	"Blokkleiligheter"	"2016K2"	.	.
"5035 Stjørdal"	"Blokkleiligheter"	"2016K3"	.	.
"5035 Stjørdal"	"Blokkleiligheter"	"2016K4"	.	.
"5035 Stjørdal"	"Blokkleiligheter"	"2017K1"	.	.
"5035 Stjørdal"	"Blokkleiligheter"	"2017K2"	.	.
"5035 Stjørdal"	"Blokkleiligheter"	"2017K3"	.	.
"5035 Stjørdal"	"Blokkleiligheter"	"2017K4"	.	.
"5035 Stjørdal"	"Blokkleiligheter"	"2018K1"	39478	30
"5035 Stjørdal"	"Blokkleiligheter"	"2018K2"	39271	31
"5035 Stjørdal"	"Blokkleiligheter"	"2018K3"	39942	29
"5035 Stjørdal"	"Blokkleiligheter"	"2018K4"	38217	14
"5035 Stjørdal"	"Blokkleiligheter"	"2019K1"	40711	32
"5035 Stjørdal"	"Blokkleiligheter"	"2019K2"	39219	31
"5035 Stjørdal"	"Blokkleiligheter"	"2019K3"	41152	41
"5035 Stjørdal"	"Blokkleiligheter"	"2019K4"	40128	25
"5035 Stjørdal"	"Blokkleiligheter"	"2020K1"	40827	30
"5035 Stjørdal"	"Blokkleiligheter"	"2020K2"	40239	27
"5035 Stjørdal"	"Blokkleiligheter"	"2020K3"	41141	28
"5035 Stjørdal"	"Blokkleiligheter"	"2020K4"	40702	23
"5035 Stjørdal"	"Blokkleiligheter"	"2021K1"	43236	38
"5035 Stjørdal"	"Blokkleiligheter"	"2021K2"	41226	33
"5035 Stjørdal"	"Blokkleiligheter"	"2021K3"	44317	44
"5035 Stjørdal"	"Blokkleiligheter"	"2021K4"	44221	20
"5035 Stjørdal"	"Blokkleiligheter"	"2022K1"	45530	28
"5035 Stjørdal"	"Blokkleiligheter"	"2022K2"	48082	48
"5035 Stjørdal"	"Blokkleiligheter"	"2022K3"	46647	41
"5035 Stjørdal"	"Blokkleiligheter"	"2022K4"	48052	16
"5035 Stjørdal"	"Blokkleiligheter"	"2023K1"	48864	43
"5035 Stjørdal"	"Blokkleiligheter"	"2023K2"	47310	37
"5035 Stjørdal"	"Blokkleiligheter"	"2023K3"	48415	29
"5037 Levanger"	"Eneboliger"	"2006K1"	.	.
"5037 Levanger"	"Eneboliger"	"2006K2"	.	.
"5037 Levanger"	"Eneboliger"	"2006K3"	.	.
"5037 Levanger"	"Eneboliger"	"2006K4"	.	.
"5037 Levanger"	"Eneboliger"	"2007K1"	.	.
"5037 Levanger"	"Eneboliger"	"2007K2"	.	.
"5037 Levanger"	"Eneboliger"	"2007K3"	.	.
"5037 Levanger"	"Eneboliger"	"2007K4"	.	.
"5037 Levanger"	"Eneboliger"	"2008K1"	.	.
"5037 Levanger"	"Eneboliger"	"2008K2"	.	.
"5037 Levanger"	"Eneboliger"	"2008K3"	.	.
"5037 Levanger"	"Eneboliger"	"2008K4"	.	.
"5037 Levanger"	"Eneboliger"	"2009K1"	.	.
"5037 Levanger"	"Eneboliger"	"2009K2"	.	.
"5037 Levanger"	"Eneboliger"	"2009K3"	.	.
"5037 Levanger"	"Eneboliger"	"2009K4"	.	.
"5037 Levanger"	"Eneboliger"	"2010K1"	.	.
"5037 Levanger"	"Eneboliger"	"2010K2"	.	.
"5037 Levanger"	"Eneboliger"	"2010K3"	.	.
"5037 Levanger"	"Eneboliger"	"2010K4"	.	.
"5037 Levanger"	"Eneboliger"	"2011K1"	.	.
"5037 Levanger"	"Eneboliger"	"2011K2"	.	.
"5037 Levanger"	"Eneboliger"	"2011K3"	.	.
"5037 Levanger"	"Eneboliger"	"2011K4"	.	.
"5037 Levanger"	"Eneboliger"	"2012K1"	.	.
"5037 Levanger"	"Eneboliger"	"2012K2"	.	.
"5037 Levanger"	"Eneboliger"	"2012K3"	.	.
"5037 Levanger"	"Eneboliger"	"2012K4"	.	.
"5037 Levanger"	"Eneboliger"	"2013K1"	.	.
"5037 Levanger"	"Eneboliger"	"2013K2"	.	.
"5037 Levanger"	"Eneboliger"	"2013K3"	.	.
"5037 Levanger"	"Eneboliger"	"2013K4"	.	.
"5037 Levanger"	"Eneboliger"	"2014K1"	.	.
"5037 Levanger"	"Eneboliger"	"2014K2"	.	.
"5037 Levanger"	"Eneboliger"	"2014K3"	.	.
"5037 Levanger"	"Eneboliger"	"2014K4"	.	.
"5037 Levanger"	"Eneboliger"	"2015K1"	.	.
"5037 Levanger"	"Eneboliger"	"2015K2"	.	.
"5037 Levanger"	"Eneboliger"	"2015K3"	.	.
"5037 Levanger"	"Eneboliger"	"2015K4"	.	.
"5037 Levanger"	"Eneboliger"	"2016K1"	.	.
"5037 Levanger"	"Eneboliger"	"2016K2"	.	.
"5037 Levanger"	"Eneboliger"	"2016K3"	.	.
"5037 Levanger"	"Eneboliger"	"2016K4"	.	.
"5037 Levanger"	"Eneboliger"	"2017K1"	.	.
"5037 Levanger"	"Eneboliger"	"2017K2"	.	.
"5037 Levanger"	"Eneboliger"	"2017K3"	.	.
"5037 Levanger"	"Eneboliger"	"2017K4"	.	.
"5037 Levanger"	"Eneboliger"	"2018K1"	17892	20
"5037 Levanger"	"Eneboliger"	"2018K2"	17359	39
"5037 Levanger"	"Eneboliger"	"2018K3"	18572	31
"5037 Levanger"	"Eneboliger"	"2018K4"	17976	21
"5037 Levanger"	"Eneboliger"	"2019K1"	19216	20
"5037 Levanger"	"Eneboliger"	"2019K2"	20254	38
"5037 Levanger"	"Eneboliger"	"2019K3"	18047	32
"5037 Levanger"	"Eneboliger"	"2019K4"	17297	22
"5037 Levanger"	"Eneboliger"	"2020K1"	19003	29
"5037 Levanger"	"Eneboliger"	"2020K2"	20074	35
"5037 Levanger"	"Eneboliger"	"2020K3"	20216	36
"5037 Levanger"	"Eneboliger"	"2020K4"	18136	33
"5037 Levanger"	"Eneboliger"	"2021K1"	22371	28
"5037 Levanger"	"Eneboliger"	"2021K2"	23739	48
"5037 Levanger"	"Eneboliger"	"2021K3"	22902	41
"5037 Levanger"	"Eneboliger"	"2021K4"	21979	32
"5037 Levanger"	"Eneboliger"	"2022K1"	20398	17
"5037 Levanger"	"Eneboliger"	"2022K2"	20546	34
"5037 Levanger"	"Eneboliger"	"2022K3"	21837	36
"5037 Levanger"	"Eneboliger"	"2022K4"	22957	28
"5037 Levanger"	"Eneboliger"	"2023K1"	20196	26
"5037 Levanger"	"Eneboliger"	"2023K2"	23610	36
"5037 Levanger"	"Eneboliger"	"2023K3"	23971	48
"5037 Levanger"	"Småhus"	"2006K1"	.	.
"5037 Levanger"	"Småhus"	"2006K2"	.	.
"5037 Levanger"	"Småhus"	"2006K3"	.	.
"5037 Levanger"	"Småhus"	"2006K4"	.	.
"5037 Levanger"	"Småhus"	"2007K1"	.	.
"5037 Levanger"	"Småhus"	"2007K2"	.	.
"5037 Levanger"	"Småhus"	"2007K3"	.	.
"5037 Levanger"	"Småhus"	"2007K4"	.	.
"5037 Levanger"	"Småhus"	"2008K1"	.	.
"5037 Levanger"	"Småhus"	"2008K2"	.	.
"5037 Levanger"	"Småhus"	"2008K3"	.	.
"5037 Levanger"	"Småhus"	"2008K4"	.	.
"5037 Levanger"	"Småhus"	"2009K1"	.	.
"5037 Levanger"	"Småhus"	"2009K2"	.	.
"5037 Levanger"	"Småhus"	"2009K3"	.	.
"5037 Levanger"	"Småhus"	"2009K4"	.	.
"5037 Levanger"	"Småhus"	"2010K1"	.	.
"5037 Levanger"	"Småhus"	"2010K2"	.	.
"5037 Levanger"	"Småhus"	"2010K3"	.	.
"5037 Levanger"	"Småhus"	"2010K4"	.	.
"5037 Levanger"	"Småhus"	"2011K1"	.	.
"5037 Levanger"	"Småhus"	"2011K2"	.	.
"5037 Levanger"	"Småhus"	"2011K3"	.	.
"5037 Levanger"	"Småhus"	"2011K4"	.	.
"5037 Levanger"	"Småhus"	"2012K1"	.	.
"5037 Levanger"	"Småhus"	"2012K2"	.	.
"5037 Levanger"	"Småhus"	"2012K3"	.	.
"5037 Levanger"	"Småhus"	"2012K4"	.	.
"5037 Levanger"	"Småhus"	"2013K1"	.	.
"5037 Levanger"	"Småhus"	"2013K2"	.	.
"5037 Levanger"	"Småhus"	"2013K3"	.	.
"5037 Levanger"	"Småhus"	"2013K4"	.	.
"5037 Levanger"	"Småhus"	"2014K1"	.	.
"5037 Levanger"	"Småhus"	"2014K2"	.	.
"5037 Levanger"	"Småhus"	"2014K3"	.	.
"5037 Levanger"	"Småhus"	"2014K4"	.	.
"5037 Levanger"	"Småhus"	"2015K1"	.	.
"5037 Levanger"	"Småhus"	"2015K2"	.	.
"5037 Levanger"	"Småhus"	"2015K3"	.	.
"5037 Levanger"	"Småhus"	"2015K4"	.	.
"5037 Levanger"	"Småhus"	"2016K1"	.	.
"5037 Levanger"	"Småhus"	"2016K2"	.	.
"5037 Levanger"	"Småhus"	"2016K3"	.	.
"5037 Levanger"	"Småhus"	"2016K4"	.	.
"5037 Levanger"	"Småhus"	"2017K1"	.	.
"5037 Levanger"	"Småhus"	"2017K2"	.	.
"5037 Levanger"	"Småhus"	"2017K3"	.	.
"5037 Levanger"	"Småhus"	"2017K4"	.	.
"5037 Levanger"	"Småhus"	"2018K1"	..	1
"5037 Levanger"	"Småhus"	"2018K2"	..	7
"5037 Levanger"	"Småhus"	"2018K3"	..	3
"5037 Levanger"	"Småhus"	"2018K4"	..	5
"5037 Levanger"	"Småhus"	"2019K1"	..	2
"5037 Levanger"	"Småhus"	"2019K2"	..	6
"5037 Levanger"	"Småhus"	"2019K3"	..	3
"5037 Levanger"	"Småhus"	"2019K4"	..	6
"5037 Levanger"	"Småhus"	"2020K1"	..	6
"5037 Levanger"	"Småhus"	"2020K2"	..	5
"5037 Levanger"	"Småhus"	"2020K3"	..	9
"5037 Levanger"	"Småhus"	"2020K4"	..	3
"5037 Levanger"	"Småhus"	"2021K1"	..	6
"5037 Levanger"	"Småhus"	"2021K2"	..	9
"5037 Levanger"	"Småhus"	"2021K3"	..	6
"5037 Levanger"	"Småhus"	"2021K4"	..	5
"5037 Levanger"	"Småhus"	"2022K1"	..	2
"5037 Levanger"	"Småhus"	"2022K2"	25758	10
"5037 Levanger"	"Småhus"	"2022K3"	..	4
"5037 Levanger"	"Småhus"	"2022K4"	..	5
"5037 Levanger"	"Småhus"	"2023K1"	..	7
"5037 Levanger"	"Småhus"	"2023K2"	..	7
"5037 Levanger"	"Småhus"	"2023K3"	..	6
"5037 Levanger"	"Blokkleiligheter"	"2006K1"	.	.
"5037 Levanger"	"Blokkleiligheter"	"2006K2"	.	.
"5037 Levanger"	"Blokkleiligheter"	"2006K3"	.	.
"5037 Levanger"	"Blokkleiligheter"	"2006K4"	.	.
"5037 Levanger"	"Blokkleiligheter"	"2007K1"	.	.
"5037 Levanger"	"Blokkleiligheter"	"2007K2"	.	.
"5037 Levanger"	"Blokkleiligheter"	"2007K3"	.	.
"5037 Levanger"	"Blokkleiligheter"	"2007K4"	.	.
"5037 Levanger"	"Blokkleiligheter"	"2008K1"	.	.
"5037 Levanger"	"Blokkleiligheter"	"2008K2"	.	.
"5037 Levanger"	"Blokkleiligheter"	"2008K3"	.	.
"5037 Levanger"	"Blokkleiligheter"	"2008K4"	.	.
"5037 Levanger"	"Blokkleiligheter"	"2009K1"	.	.
"5037 Levanger"	"Blokkleiligheter"	"2009K2"	.	.
"5037 Levanger"	"Blokkleiligheter"	"2009K3"	.	.
"5037 Levanger"	"Blokkleiligheter"	"2009K4"	.	.
"5037 Levanger"	"Blokkleiligheter"	"2010K1"	.	.
"5037 Levanger"	"Blokkleiligheter"	"2010K2"	.	.
"5037 Levanger"	"Blokkleiligheter"	"2010K3"	.	.
"5037 Levanger"	"Blokkleiligheter"	"2010K4"	.	.
"5037 Levanger"	"Blokkleiligheter"	"2011K1"	.	.
"5037 Levanger"	"Blokkleiligheter"	"2011K2"	.	.
"5037 Levanger"	"Blokkleiligheter"	"2011K3"	.	.
"5037 Levanger"	"Blokkleiligheter"	"2011K4"	.	.
"5037 Levanger"	"Blokkleiligheter"	"2012K1"	.	.
"5037 Levanger"	"Blokkleiligheter"	"2012K2"	.	.
"5037 Levanger"	"Blokkleiligheter"	"2012K3"	.	.
"5037 Levanger"	"Blokkleiligheter"	"2012K4"	.	.
"5037 Levanger"	"Blokkleiligheter"	"2013K1"	.	.
"5037 Levanger"	"Blokkleiligheter"	"2013K2"	.	.
"5037 Levanger"	"Blokkleiligheter"	"2013K3"	.	.
"5037 Levanger"	"Blokkleiligheter"	"2013K4"	.	.
"5037 Levanger"	"Blokkleiligheter"	"2014K1"	.	.
"5037 Levanger"	"Blokkleiligheter"	"2014K2"	.	.
"5037 Levanger"	"Blokkleiligheter"	"2014K3"	.	.
"5037 Levanger"	"Blokkleiligheter"	"2014K4"	.	.
"5037 Levanger"	"Blokkleiligheter"	"2015K1"	.	.
"5037 Levanger"	"Blokkleiligheter"	"2015K2"	.	.
"5037 Levanger"	"Blokkleiligheter"	"2015K3"	.	.
"5037 Levanger"	"Blokkleiligheter"	"2015K4"	.	.
"5037 Levanger"	"Blokkleiligheter"	"2016K1"	.	.
"5037 Levanger"	"Blokkleiligheter"	"2016K2"	.	.
"5037 Levanger"	"Blokkleiligheter"	"2016K3"	.	.
"5037 Levanger"	"Blokkleiligheter"	"2016K4"	.	.
"5037 Levanger"	"Blokkleiligheter"	"2017K1"	.	.
"5037 Levanger"	"Blokkleiligheter"	"2017K2"	.	.
"5037 Levanger"	"Blokkleiligheter"	"2017K3"	.	.
"5037 Levanger"	"Blokkleiligheter"	"2017K4"	.	.
"5037 Levanger"	"Blokkleiligheter"	"2018K1"	..	8
"5037 Levanger"	"Blokkleiligheter"	"2018K2"	29086	14
"5037 Levanger"	"Blokkleiligheter"	"2018K3"	32887	11
"5037 Levanger"	"Blokkleiligheter"	"2018K4"	..	5
"5037 Levanger"	"Blokkleiligheter"	"2019K1"	..	8
"5037 Levanger"	"Blokkleiligheter"	"2019K2"	..	2
"5037 Levanger"	"Blokkleiligheter"	"2019K3"	30520	10
"5037 Levanger"	"Blokkleiligheter"	"2019K4"	..	7
"5037 Levanger"	"Blokkleiligheter"	"2020K1"	30939	11
"5037 Levanger"	"Blokkleiligheter"	"2020K2"	..	8
"5037 Levanger"	"Blokkleiligheter"	"2020K3"	29397	13
"5037 Levanger"	"Blokkleiligheter"	"2020K4"	..	9
"5037 Levanger"	"Blokkleiligheter"	"2021K1"	38847	11
"5037 Levanger"	"Blokkleiligheter"	"2021K2"	33334	10
"5037 Levanger"	"Blokkleiligheter"	"2021K3"	33350	15
"5037 Levanger"	"Blokkleiligheter"	"2021K4"	..	9
"5037 Levanger"	"Blokkleiligheter"	"2022K1"	30886	12
"5037 Levanger"	"Blokkleiligheter"	"2022K2"	33224	12
"5037 Levanger"	"Blokkleiligheter"	"2022K3"	..	9
"5037 Levanger"	"Blokkleiligheter"	"2022K4"	30430	12
"5037 Levanger"	"Blokkleiligheter"	"2023K1"	..	6
"5037 Levanger"	"Blokkleiligheter"	"2023K2"	..	6
"5037 Levanger"	"Blokkleiligheter"	"2023K3"	..	8
"1601 Trondheim (-2017)"	"Eneboliger"	"2006K1"	18476	119
"1601 Trondheim (-2017)"	"Eneboliger"	"2006K2"	18898	166
"1601 Trondheim (-2017)"	"Eneboliger"	"2006K3"	19538	143
"1601 Trondheim (-2017)"	"Eneboliger"	"2006K4"	19242	132
"1601 Trondheim (-2017)"	"Eneboliger"	"2007K1"	20434	119
"1601 Trondheim (-2017)"	"Eneboliger"	"2007K2"	20672	163
"1601 Trondheim (-2017)"	"Eneboliger"	"2007K3"	20896	141
"1601 Trondheim (-2017)"	"Eneboliger"	"2007K4"	20301	105
"1601 Trondheim (-2017)"	"Eneboliger"	"2008K1"	20643	91
"1601 Trondheim (-2017)"	"Eneboliger"	"2008K2"	21056	154
"1601 Trondheim (-2017)"	"Eneboliger"	"2008K3"	20246	115
"1601 Trondheim (-2017)"	"Eneboliger"	"2008K4"	18827	66
"1601 Trondheim (-2017)"	"Eneboliger"	"2009K1"	19278	116
"1601 Trondheim (-2017)"	"Eneboliger"	"2009K2"	20498	155
"1601 Trondheim (-2017)"	"Eneboliger"	"2009K3"	20375	125
"1601 Trondheim (-2017)"	"Eneboliger"	"2009K4"	21038	115
"1601 Trondheim (-2017)"	"Eneboliger"	"2010K1"	22822	118
"1601 Trondheim (-2017)"	"Eneboliger"	"2010K2"	22596	178
"1601 Trondheim (-2017)"	"Eneboliger"	"2010K3"	22668	153
"1601 Trondheim (-2017)"	"Eneboliger"	"2010K4"	22596	140
"1601 Trondheim (-2017)"	"Eneboliger"	"2011K1"	23775	123
"1601 Trondheim (-2017)"	"Eneboliger"	"2011K2"	24363	165
"1601 Trondheim (-2017)"	"Eneboliger"	"2011K3"	25310	172
"1601 Trondheim (-2017)"	"Eneboliger"	"2011K4"	25306	135
"1601 Trondheim (-2017)"	"Eneboliger"	"2012K1"	24870	109
"1601 Trondheim (-2017)"	"Eneboliger"	"2012K2"	25624	194
"1601 Trondheim (-2017)"	"Eneboliger"	"2012K3"	26335	143
"1601 Trondheim (-2017)"	"Eneboliger"	"2012K4"	26503	134
"1601 Trondheim (-2017)"	"Eneboliger"	"2013K1"	28148	140
"1601 Trondheim (-2017)"	"Eneboliger"	"2013K2"	28226	214
"1601 Trondheim (-2017)"	"Eneboliger"	"2013K3"	27379	166
"1601 Trondheim (-2017)"	"Eneboliger"	"2013K4"	27107	116
"1601 Trondheim (-2017)"	"Eneboliger"	"2014K1"	27060	132
"1601 Trondheim (-2017)"	"Eneboliger"	"2014K2"	29130	184
"1601 Trondheim (-2017)"	"Eneboliger"	"2014K3"	28707	141
"1601 Trondheim (-2017)"	"Eneboliger"	"2014K4"	28226	111
"1601 Trondheim (-2017)"	"Eneboliger"	"2015K1"	29722	157
"1601 Trondheim (-2017)"	"Eneboliger"	"2015K2"	31053	185
"1601 Trondheim (-2017)"	"Eneboliger"	"2015K3"	32365	130
"1601 Trondheim (-2017)"	"Eneboliger"	"2015K4"	30778	96
"1601 Trondheim (-2017)"	"Eneboliger"	"2016K1"	31781	116
"1601 Trondheim (-2017)"	"Eneboliger"	"2016K2"	32595	217
"1601 Trondheim (-2017)"	"Eneboliger"	"2016K3"	34627	166
"1601 Trondheim (-2017)"	"Eneboliger"	"2016K4"	32022	96
"1601 Trondheim (-2017)"	"Eneboliger"	"2017K1"	33585	123
"1601 Trondheim (-2017)"	"Eneboliger"	"2017K2"	33914	200
"1601 Trondheim (-2017)"	"Eneboliger"	"2017K3"	34354	129
"1601 Trondheim (-2017)"	"Eneboliger"	"2017K4"	32821	91
"1601 Trondheim (-2017)"	"Eneboliger"	"2018K1"	.	.
"1601 Trondheim (-2017)"	"Eneboliger"	"2018K2"	.	.
"1601 Trondheim (-2017)"	"Eneboliger"	"2018K3"	.	.
"1601 Trondheim (-2017)"	"Eneboliger"	"2018K4"	.	.
"1601 Trondheim (-2017)"	"Eneboliger"	"2019K1"	.	.
"1601 Trondheim (-2017)"	"Eneboliger"	"2019K2"	.	.
"1601 Trondheim (-2017)"	"Eneboliger"	"2019K3"	.	.
"1601 Trondheim (-2017)"	"Eneboliger"	"2019K4"	.	.
"1601 Trondheim (-2017)"	"Eneboliger"	"2020K1"	.	.
"1601 Trondheim (-2017)"	"Eneboliger"	"2020K2"	.	.
"1601 Trondheim (-2017)"	"Eneboliger"	"2020K3"	.	.
"1601 Trondheim (-2017)"	"Eneboliger"	"2020K4"	.	.
"1601 Trondheim (-2017)"	"Eneboliger"	"2021K1"	.	.
"1601 Trondheim (-2017)"	"Eneboliger"	"2021K2"	.	.
"1601 Trondheim (-2017)"	"Eneboliger"	"2021K3"	.	.
"1601 Trondheim (-2017)"	"Eneboliger"	"2021K4"	.	.
"1601 Trondheim (-2017)"	"Eneboliger"	"2022K1"	.	.
"1601 Trondheim (-2017)"	"Eneboliger"	"2022K2"	.	.
"1601 Trondheim (-2017)"	"Eneboliger"	"2022K3"	.	.
"1601 Trondheim (-2017)"	"Eneboliger"	"2022K4"	.	.
"1601 Trondheim (-2017)"	"Eneboliger"	"2023K1"	.	.
"1601 Trondheim (-2017)"	"Eneboliger"	"2023K2"	.	.
"1601 Trondheim (-2017)"	"Eneboliger"	"2023K3"	.	.
"1601 Trondheim (-2017)"	"Småhus"	"2006K1"	19231	134
"1601 Trondheim (-2017)"	"Småhus"	"2006K2"	19794	171
"1601 Trondheim (-2017)"	"Småhus"	"2006K3"	18772	150
"1601 Trondheim (-2017)"	"Småhus"	"2006K4"	19170	111
"1601 Trondheim (-2017)"	"Småhus"	"2007K1"	20024	137
"1601 Trondheim (-2017)"	"Småhus"	"2007K2"	20971	150
"1601 Trondheim (-2017)"	"Småhus"	"2007K3"	20470	128
"1601 Trondheim (-2017)"	"Småhus"	"2007K4"	20013	144
"1601 Trondheim (-2017)"	"Småhus"	"2008K1"	20647	134
"1601 Trondheim (-2017)"	"Småhus"	"2008K2"	21060	183
"1601 Trondheim (-2017)"	"Småhus"	"2008K3"	19075	127
"1601 Trondheim (-2017)"	"Småhus"	"2008K4"	18913	76
"1601 Trondheim (-2017)"	"Småhus"	"2009K1"	20578	96
"1601 Trondheim (-2017)"	"Småhus"	"2009K2"	21563	116
"1601 Trondheim (-2017)"	"Småhus"	"2009K3"	22321	103
"1601 Trondheim (-2017)"	"Småhus"	"2009K4"	21981	82
"1601 Trondheim (-2017)"	"Småhus"	"2010K1"	23603	101
"1601 Trondheim (-2017)"	"Småhus"	"2010K2"	23789	153
"1601 Trondheim (-2017)"	"Småhus"	"2010K3"	24318	112
"1601 Trondheim (-2017)"	"Småhus"	"2010K4"	23489	85
"1601 Trondheim (-2017)"	"Småhus"	"2011K1"	25794	104
"1601 Trondheim (-2017)"	"Småhus"	"2011K2"	26051	141
"1601 Trondheim (-2017)"	"Småhus"	"2011K3"	25905	131
"1601 Trondheim (-2017)"	"Småhus"	"2011K4"	26285	134
"1601 Trondheim (-2017)"	"Småhus"	"2012K1"	27632	108
"1601 Trondheim (-2017)"	"Småhus"	"2012K2"	27280	156
"1601 Trondheim (-2017)"	"Småhus"	"2012K3"	27200	143
"1601 Trondheim (-2017)"	"Småhus"	"2012K4"	27752	123
"1601 Trondheim (-2017)"	"Småhus"	"2013K1"	28615	96
"1601 Trondheim (-2017)"	"Småhus"	"2013K2"	29583	170
"1601 Trondheim (-2017)"	"Småhus"	"2013K3"	28961	130
"1601 Trondheim (-2017)"	"Småhus"	"2013K4"	28347	115
"1601 Trondheim (-2017)"	"Småhus"	"2014K1"	29119	130
"1601 Trondheim (-2017)"	"Småhus"	"2014K2"	29736	162
"1601 Trondheim (-2017)"	"Småhus"	"2014K3"	30421	136
"1601 Trondheim (-2017)"	"Småhus"	"2014K4"	30569	110
"1601 Trondheim (-2017)"	"Småhus"	"2015K1"	32456	126
"1601 Trondheim (-2017)"	"Småhus"	"2015K2"	32205	165
"1601 Trondheim (-2017)"	"Småhus"	"2015K3"	33672	123
"1601 Trondheim (-2017)"	"Småhus"	"2015K4"	32997	93
"1601 Trondheim (-2017)"	"Småhus"	"2016K1"	33200	126
"1601 Trondheim (-2017)"	"Småhus"	"2016K2"	34338	195
"1601 Trondheim (-2017)"	"Småhus"	"2016K3"	34262	119
"1601 Trondheim (-2017)"	"Småhus"	"2016K4"	35747	103
"1601 Trondheim (-2017)"	"Småhus"	"2017K1"	36581	145
"1601 Trondheim (-2017)"	"Småhus"	"2017K2"	36887	164
"1601 Trondheim (-2017)"	"Småhus"	"2017K3"	35130	127
"1601 Trondheim (-2017)"	"Småhus"	"2017K4"	33837	88
"1601 Trondheim (-2017)"	"Småhus"	"2018K1"	.	.
"1601 Trondheim (-2017)"	"Småhus"	"2018K2"	.	.
"1601 Trondheim (-2017)"	"Småhus"	"2018K3"	.	.
"1601 Trondheim (-2017)"	"Småhus"	"2018K4"	.	.
"1601 Trondheim (-2017)"	"Småhus"	"2019K1"	.	.
"1601 Trondheim (-2017)"	"Småhus"	"2019K2"	.	.
"1601 Trondheim (-2017)"	"Småhus"	"2019K3"	.	.
"1601 Trondheim (-2017)"	"Småhus"	"2019K4"	.	.
"1601 Trondheim (-2017)"	"Småhus"	"2020K1"	.	.
"1601 Trondheim (-2017)"	"Småhus"	"2020K2"	.	.
"1601 Trondheim (-2017)"	"Småhus"	"2020K3"	.	.
"1601 Trondheim (-2017)"	"Småhus"	"2020K4"	.	.
"1601 Trondheim (-2017)"	"Småhus"	"2021K1"	.	.
"1601 Trondheim (-2017)"	"Småhus"	"2021K2"	.	.
"1601 Trondheim (-2017)"	"Småhus"	"2021K3"	.	.
"1601 Trondheim (-2017)"	"Småhus"	"2021K4"	.	.
"1601 Trondheim (-2017)"	"Småhus"	"2022K1"	.	.
"1601 Trondheim (-2017)"	"Småhus"	"2022K2"	.	.
"1601 Trondheim (-2017)"	"Småhus"	"2022K3"	.	.
"1601 Trondheim (-2017)"	"Småhus"	"2022K4"	.	.
"1601 Trondheim (-2017)"	"Småhus"	"2023K1"	.	.
"1601 Trondheim (-2017)"	"Småhus"	"2023K2"	.	.
"1601 Trondheim (-2017)"	"Småhus"	"2023K3"	.	.
"1601 Trondheim (-2017)"	"Blokkleiligheter"	"2006K1"	29010	283
"1601 Trondheim (-2017)"	"Blokkleiligheter"	"2006K2"	29851	376
"1601 Trondheim (-2017)"	"Blokkleiligheter"	"2006K3"	31363	293
"1601 Trondheim (-2017)"	"Blokkleiligheter"	"2006K4"	30516	232
"1601 Trondheim (-2017)"	"Blokkleiligheter"	"2007K1"	32996	218
"1601 Trondheim (-2017)"	"Blokkleiligheter"	"2007K2"	32254	335
"1601 Trondheim (-2017)"	"Blokkleiligheter"	"2007K3"	32391	322
"1601 Trondheim (-2017)"	"Blokkleiligheter"	"2007K4"	31225	223
"1601 Trondheim (-2017)"	"Blokkleiligheter"	"2008K1"	29815	235
"1601 Trondheim (-2017)"	"Blokkleiligheter"	"2008K2"	30356	360
"1601 Trondheim (-2017)"	"Blokkleiligheter"	"2008K3"	30107	242
"1601 Trondheim (-2017)"	"Blokkleiligheter"	"2008K4"	26857	126
"1601 Trondheim (-2017)"	"Blokkleiligheter"	"2009K1"	29376	216
"1601 Trondheim (-2017)"	"Blokkleiligheter"	"2009K2"	31767	289
"1601 Trondheim (-2017)"	"Blokkleiligheter"	"2009K3"	32662	309
"1601 Trondheim (-2017)"	"Blokkleiligheter"	"2009K4"	32557	218
"1601 Trondheim (-2017)"	"Blokkleiligheter"	"2010K1"	32986	260
"1601 Trondheim (-2017)"	"Blokkleiligheter"	"2010K2"	34317	353
"1601 Trondheim (-2017)"	"Blokkleiligheter"	"2010K3"	35567	354
"1601 Trondheim (-2017)"	"Blokkleiligheter"	"2010K4"	34274	240
"1601 Trondheim (-2017)"	"Blokkleiligheter"	"2011K1"	36752	261
"1601 Trondheim (-2017)"	"Blokkleiligheter"	"2011K2"	37909	373
"1601 Trondheim (-2017)"	"Blokkleiligheter"	"2011K3"	39545	332
"1601 Trondheim (-2017)"	"Blokkleiligheter"	"2011K4"	38706	233
"1601 Trondheim (-2017)"	"Blokkleiligheter"	"2012K1"	39735	287
"1601 Trondheim (-2017)"	"Blokkleiligheter"	"2012K2"	41824	341
"1601 Trondheim (-2017)"	"Blokkleiligheter"	"2012K3"	44517	372
"1601 Trondheim (-2017)"	"Blokkleiligheter"	"2012K4"	42406	244
"1601 Trondheim (-2017)"	"Blokkleiligheter"	"2013K1"	44707	289
"1601 Trondheim (-2017)"	"Blokkleiligheter"	"2013K2"	46197	391
"1601 Trondheim (-2017)"	"Blokkleiligheter"	"2013K3"	46204	357
"1601 Trondheim (-2017)"	"Blokkleiligheter"	"2013K4"	42552	211
"1601 Trondheim (-2017)"	"Blokkleiligheter"	"2014K1"	43600	318
"1601 Trondheim (-2017)"	"Blokkleiligheter"	"2014K2"	46286	416
"1601 Trondheim (-2017)"	"Blokkleiligheter"	"2014K3"	46857	412
"1601 Trondheim (-2017)"	"Blokkleiligheter"	"2014K4"	45661	250
"1601 Trondheim (-2017)"	"Blokkleiligheter"	"2015K1"	46970	357
"1601 Trondheim (-2017)"	"Blokkleiligheter"	"2015K2"	48608	503
"1601 Trondheim (-2017)"	"Blokkleiligheter"	"2015K3"	48646	408
"1601 Trondheim (-2017)"	"Blokkleiligheter"	"2015K4"	47004	229
"1601 Trondheim (-2017)"	"Blokkleiligheter"	"2016K1"	49052	363
"1601 Trondheim (-2017)"	"Blokkleiligheter"	"2016K2"	50880	459
"1601 Trondheim (-2017)"	"Blokkleiligheter"	"2016K3"	52093	416
"1601 Trondheim (-2017)"	"Blokkleiligheter"	"2016K4"	50569	222
"1601 Trondheim (-2017)"	"Blokkleiligheter"	"2017K1"	54078	377
"1601 Trondheim (-2017)"	"Blokkleiligheter"	"2017K2"	54248	467
"1601 Trondheim (-2017)"	"Blokkleiligheter"	"2017K3"	54548	393
"1601 Trondheim (-2017)"	"Blokkleiligheter"	"2017K4"	52991	242
"1601 Trondheim (-2017)"	"Blokkleiligheter"	"2018K1"	.	.
"1601 Trondheim (-2017)"	"Blokkleiligheter"	"2018K2"	.	.
"1601 Trondheim (-2017)"	"Blokkleiligheter"	"2018K3"	.	.
"1601 Trondheim (-2017)"	"Blokkleiligheter"	"2018K4"	.	.
"1601 Trondheim (-2017)"	"Blokkleiligheter"	"2019K1"	.	.
"1601 Trondheim (-2017)"	"Blokkleiligheter"	"2019K2"	.	.
"1601 Trondheim (-2017)"	"Blokkleiligheter"	"2019K3"	.	.
"1601 Trondheim (-2017)"	"Blokkleiligheter"	"2019K4"	.	.
"1601 Trondheim (-2017)"	"Blokkleiligheter"	"2020K1"	.	.
"1601 Trondheim (-2017)"	"Blokkleiligheter"	"2020K2"	.	.
"1601 Trondheim (-2017)"	"Blokkleiligheter"	"2020K3"	.	.
"1601 Trondheim (-2017)"	"Blokkleiligheter"	"2020K4"	.	.
"1601 Trondheim (-2017)"	"Blokkleiligheter"	"2021K1"	.	.
"1601 Trondheim (-2017)"	"Blokkleiligheter"	"2021K2"	.	.
"1601 Trondheim (-2017)"	"Blokkleiligheter"	"2021K3"	.	.
"1601 Trondheim (-2017)"	"Blokkleiligheter"	"2021K4"	.	.
"1601 Trondheim (-2017)"	"Blokkleiligheter"	"2022K1"	.	.
"1601 Trondheim (-2017)"	"Blokkleiligheter"	"2022K2"	.	.
"1601 Trondheim (-2017)"	"Blokkleiligheter"	"2022K3"	.	.
"1601 Trondheim (-2017)"	"Blokkleiligheter"	"2022K4"	.	.
"1601 Trondheim (-2017)"	"Blokkleiligheter"	"2023K1"	.	.
"1601 Trondheim (-2017)"	"Blokkleiligheter"	"2023K2"	.	.
"1601 Trondheim (-2017)"	"Blokkleiligheter"	"2023K3"	.	.
"1702 Steinkjer (-2017)"	"Eneboliger"	"2006K1"	7353	32
"1702 Steinkjer (-2017)"	"Eneboliger"	"2006K2"	7306	48
"1702 Steinkjer (-2017)"	"Eneboliger"	"2006K3"	7836	52
"1702 Steinkjer (-2017)"	"Eneboliger"	"2006K4"	8088	50
"1702 Steinkjer (-2017)"	"Eneboliger"	"2007K1"	7638	33
"1702 Steinkjer (-2017)"	"Eneboliger"	"2007K2"	8173	50
"1702 Steinkjer (-2017)"	"Eneboliger"	"2007K3"	8330	38
"1702 Steinkjer (-2017)"	"Eneboliger"	"2007K4"	9043	34
"1702 Steinkjer (-2017)"	"Eneboliger"	"2008K1"	8182	25
"1702 Steinkjer (-2017)"	"Eneboliger"	"2008K2"	9065	34
"1702 Steinkjer (-2017)"	"Eneboliger"	"2008K3"	10589	47
"1702 Steinkjer (-2017)"	"Eneboliger"	"2008K4"	7120	19
"1702 Steinkjer (-2017)"	"Eneboliger"	"2009K1"	9810	17
"1702 Steinkjer (-2017)"	"Eneboliger"	"2009K2"	9923	29
"1702 Steinkjer (-2017)"	"Eneboliger"	"2009K3"	10618	33
"1702 Steinkjer (-2017)"	"Eneboliger"	"2009K4"	10160	31
"1702 Steinkjer (-2017)"	"Eneboliger"	"2010K1"	10462	24
"1702 Steinkjer (-2017)"	"Eneboliger"	"2010K2"	10325	50
"1702 Steinkjer (-2017)"	"Eneboliger"	"2010K3"	9623	48
"1702 Steinkjer (-2017)"	"Eneboliger"	"2010K4"	12354	29
"1702 Steinkjer (-2017)"	"Eneboliger"	"2011K1"	11007	25
"1702 Steinkjer (-2017)"	"Eneboliger"	"2011K2"	12719	41
"1702 Steinkjer (-2017)"	"Eneboliger"	"2011K3"	12864	63
"1702 Steinkjer (-2017)"	"Eneboliger"	"2011K4"	11479	29
"1702 Steinkjer (-2017)"	"Eneboliger"	"2012K1"	13112	26
"1702 Steinkjer (-2017)"	"Eneboliger"	"2012K2"	13826	54
"1702 Steinkjer (-2017)"	"Eneboliger"	"2012K3"	11272	37
"1702 Steinkjer (-2017)"	"Eneboliger"	"2012K4"	13416	39
"1702 Steinkjer (-2017)"	"Eneboliger"	"2013K1"	12402	26
"1702 Steinkjer (-2017)"	"Eneboliger"	"2013K2"	14906	43
"1702 Steinkjer (-2017)"	"Eneboliger"	"2013K3"	13298	40
"1702 Steinkjer (-2017)"	"Eneboliger"	"2013K4"	13177	30
"1702 Steinkjer (-2017)"	"Eneboliger"	"2014K1"	13139	29
"1702 Steinkjer (-2017)"	"Eneboliger"	"2014K2"	13981	56
"1702 Steinkjer (-2017)"	"Eneboliger"	"2014K3"	12665	40
"1702 Steinkjer (-2017)"	"Eneboliger"	"2014K4"	12547	26
"1702 Steinkjer (-2017)"	"Eneboliger"	"2015K1"	13423	42
"1702 Steinkjer (-2017)"	"Eneboliger"	"2015K2"	13782	53
"1702 Steinkjer (-2017)"	"Eneboliger"	"2015K3"	14483	52
"1702 Steinkjer (-2017)"	"Eneboliger"	"2015K4"	14523	54
"1702 Steinkjer (-2017)"	"Eneboliger"	"2016K1"	14575	36
"1702 Steinkjer (-2017)"	"Eneboliger"	"2016K2"	15410	53
"1702 Steinkjer (-2017)"	"Eneboliger"	"2016K3"	13921	46
"1702 Steinkjer (-2017)"	"Eneboliger"	"2016K4"	15335	55
"1702 Steinkjer (-2017)"	"Eneboliger"	"2017K1"	14826	34
"1702 Steinkjer (-2017)"	"Eneboliger"	"2017K2"	15990	54
"1702 Steinkjer (-2017)"	"Eneboliger"	"2017K3"	14506	48
"1702 Steinkjer (-2017)"	"Eneboliger"	"2017K4"	15449	39
"1702 Steinkjer (-2017)"	"Eneboliger"	"2018K1"	.	.
"1702 Steinkjer (-2017)"	"Eneboliger"	"2018K2"	.	.
"1702 Steinkjer (-2017)"	"Eneboliger"	"2018K3"	.	.
"1702 Steinkjer (-2017)"	"Eneboliger"	"2018K4"	.	.
"1702 Steinkjer (-2017)"	"Eneboliger"	"2019K1"	.	.
"1702 Steinkjer (-2017)"	"Eneboliger"	"2019K2"	.	.
"1702 Steinkjer (-2017)"	"Eneboliger"	"2019K3"	.	.
"1702 Steinkjer (-2017)"	"Eneboliger"	"2019K4"	.	.
"1702 Steinkjer (-2017)"	"Eneboliger"	"2020K1"	.	.
"1702 Steinkjer (-2017)"	"Eneboliger"	"2020K2"	.	.
"1702 Steinkjer (-2017)"	"Eneboliger"	"2020K3"	.	.
"1702 Steinkjer (-2017)"	"Eneboliger"	"2020K4"	.	.
"1702 Steinkjer (-2017)"	"Eneboliger"	"2021K1"	.	.
"1702 Steinkjer (-2017)"	"Eneboliger"	"2021K2"	.	.
"1702 Steinkjer (-2017)"	"Eneboliger"	"2021K3"	.	.
"1702 Steinkjer (-2017)"	"Eneboliger"	"2021K4"	.	.
"1702 Steinkjer (-2017)"	"Eneboliger"	"2022K1"	.	.
"1702 Steinkjer (-2017)"	"Eneboliger"	"2022K2"	.	.
"1702 Steinkjer (-2017)"	"Eneboliger"	"2022K3"	.	.
"1702 Steinkjer (-2017)"	"Eneboliger"	"2022K4"	.	.
"1702 Steinkjer (-2017)"	"Eneboliger"	"2023K1"	.	.
"1702 Steinkjer (-2017)"	"Eneboliger"	"2023K2"	.	.
"1702 Steinkjer (-2017)"	"Eneboliger"	"2023K3"	.	.
"1702 Steinkjer (-2017)"	"Småhus"	"2006K1"	..	8
"1702 Steinkjer (-2017)"	"Småhus"	"2006K2"	..	9
"1702 Steinkjer (-2017)"	"Småhus"	"2006K3"	9035	11
"1702 Steinkjer (-2017)"	"Småhus"	"2006K4"	9644	11
"1702 Steinkjer (-2017)"	"Småhus"	"2007K1"	..	8
"1702 Steinkjer (-2017)"	"Småhus"	"2007K2"	10019	10
"1702 Steinkjer (-2017)"	"Småhus"	"2007K3"	..	9
"1702 Steinkjer (-2017)"	"Småhus"	"2007K4"	..	9
"1702 Steinkjer (-2017)"	"Småhus"	"2008K1"	..	4
"1702 Steinkjer (-2017)"	"Småhus"	"2008K2"	10608	13
"1702 Steinkjer (-2017)"	"Småhus"	"2008K3"	10320	17
"1702 Steinkjer (-2017)"	"Småhus"	"2008K4"	..	6
"1702 Steinkjer (-2017)"	"Småhus"	"2009K1"	..	9
"1702 Steinkjer (-2017)"	"Småhus"	"2009K2"	12183	13
"1702 Steinkjer (-2017)"	"Småhus"	"2009K3"	12061	12
"1702 Steinkjer (-2017)"	"Småhus"	"2009K4"	..	9
"1702 Steinkjer (-2017)"	"Småhus"	"2010K1"	..	8
"1702 Steinkjer (-2017)"	"Småhus"	"2010K2"	12134	15
"1702 Steinkjer (-2017)"	"Småhus"	"2010K3"	13307	16
"1702 Steinkjer (-2017)"	"Småhus"	"2010K4"	..	2
"1702 Steinkjer (-2017)"	"Småhus"	"2011K1"	..	6
"1702 Steinkjer (-2017)"	"Småhus"	"2011K2"	15481	11
"1702 Steinkjer (-2017)"	"Småhus"	"2011K3"	17416	11
"1702 Steinkjer (-2017)"	"Småhus"	"2011K4"	..	7
"1702 Steinkjer (-2017)"	"Småhus"	"2012K1"	..	7
"1702 Steinkjer (-2017)"	"Småhus"	"2012K2"	18374	13
"1702 Steinkjer (-2017)"	"Småhus"	"2012K3"	..	7
"1702 Steinkjer (-2017)"	"Småhus"	"2012K4"	..	6
"1702 Steinkjer (-2017)"	"Småhus"	"2013K1"	..	5
"1702 Steinkjer (-2017)"	"Småhus"	"2013K2"	..	8
"1702 Steinkjer (-2017)"	"Småhus"	"2013K3"	..	9
"1702 Steinkjer (-2017)"	"Småhus"	"2013K4"	..	9
"1702 Steinkjer (-2017)"	"Småhus"	"2014K1"	..	9
"1702 Steinkjer (-2017)"	"Småhus"	"2014K2"	17167	14
"1702 Steinkjer (-2017)"	"Småhus"	"2014K3"	17282	13
"1702 Steinkjer (-2017)"	"Småhus"	"2014K4"	..	5
"1702 Steinkjer (-2017)"	"Småhus"	"2015K1"	..	6
"1702 Steinkjer (-2017)"	"Småhus"	"2015K2"	..	7
"1702 Steinkjer (-2017)"	"Småhus"	"2015K3"	..	9
"1702 Steinkjer (-2017)"	"Småhus"	"2015K4"	17538	10
"1702 Steinkjer (-2017)"	"Småhus"	"2016K1"	..	8
"1702 Steinkjer (-2017)"	"Småhus"	"2016K2"	17625	13
"1702 Steinkjer (-2017)"	"Småhus"	"2016K3"	..	8
"1702 Steinkjer (-2017)"	"Småhus"	"2016K4"	..	6
"1702 Steinkjer (-2017)"	"Småhus"	"2017K1"	..	4
"1702 Steinkjer (-2017)"	"Småhus"	"2017K2"	19941	11
"1702 Steinkjer (-2017)"	"Småhus"	"2017K3"	..	5
"1702 Steinkjer (-2017)"	"Småhus"	"2017K4"	..	8
"1702 Steinkjer (-2017)"	"Småhus"	"2018K1"	.	.
"1702 Steinkjer (-2017)"	"Småhus"	"2018K2"	.	.
"1702 Steinkjer (-2017)"	"Småhus"	"2018K3"	.	.
"1702 Steinkjer (-2017)"	"Småhus"	"2018K4"	.	.
"1702 Steinkjer (-2017)"	"Småhus"	"2019K1"	.	.
"1702 Steinkjer (-2017)"	"Småhus"	"2019K2"	.	.
"1702 Steinkjer (-2017)"	"Småhus"	"2019K3"	.	.
"1702 Steinkjer (-2017)"	"Småhus"	"2019K4"	.	.
"1702 Steinkjer (-2017)"	"Småhus"	"2020K1"	.	.
"1702 Steinkjer (-2017)"	"Småhus"	"2020K2"	.	.
"1702 Steinkjer (-2017)"	"Småhus"	"2020K3"	.	.
"1702 Steinkjer (-2017)"	"Småhus"	"2020K4"	.	.
"1702 Steinkjer (-2017)"	"Småhus"	"2021K1"	.	.
"1702 Steinkjer (-2017)"	"Småhus"	"2021K2"	.	.
"1702 Steinkjer (-2017)"	"Småhus"	"2021K3"	.	.
"1702 Steinkjer (-2017)"	"Småhus"	"2021K4"	.	.
"1702 Steinkjer (-2017)"	"Småhus"	"2022K1"	.	.
"1702 Steinkjer (-2017)"	"Småhus"	"2022K2"	.	.
"1702 Steinkjer (-2017)"	"Småhus"	"2022K3"	.	.
"1702 Steinkjer (-2017)"	"Småhus"	"2022K4"	.	.
"1702 Steinkjer (-2017)"	"Småhus"	"2023K1"	.	.
"1702 Steinkjer (-2017)"	"Småhus"	"2023K2"	.	.
"1702 Steinkjer (-2017)"	"Småhus"	"2023K3"	.	.
"1702 Steinkjer (-2017)"	"Blokkleiligheter"	"2006K1"	14576	11
"1702 Steinkjer (-2017)"	"Blokkleiligheter"	"2006K2"	12097	10
"1702 Steinkjer (-2017)"	"Blokkleiligheter"	"2006K3"	..	8
"1702 Steinkjer (-2017)"	"Blokkleiligheter"	"2006K4"	13317	16
"1702 Steinkjer (-2017)"	"Blokkleiligheter"	"2007K1"	..	6
"1702 Steinkjer (-2017)"	"Blokkleiligheter"	"2007K2"	12772	15
"1702 Steinkjer (-2017)"	"Blokkleiligheter"	"2007K3"	13402	13
"1702 Steinkjer (-2017)"	"Blokkleiligheter"	"2007K4"	16706	10
"1702 Steinkjer (-2017)"	"Blokkleiligheter"	"2008K1"	..	6
"1702 Steinkjer (-2017)"	"Blokkleiligheter"	"2008K2"	14338	10
"1702 Steinkjer (-2017)"	"Blokkleiligheter"	"2008K3"	..	7
"1702 Steinkjer (-2017)"	"Blokkleiligheter"	"2008K4"	..	2
"1702 Steinkjer (-2017)"	"Blokkleiligheter"	"2009K1"	15458	11
"1702 Steinkjer (-2017)"	"Blokkleiligheter"	"2009K2"	17643	11
"1702 Steinkjer (-2017)"	"Blokkleiligheter"	"2009K3"	15908	10
"1702 Steinkjer (-2017)"	"Blokkleiligheter"	"2009K4"	18257	11
"1702 Steinkjer (-2017)"	"Blokkleiligheter"	"2010K1"	..	9
"1702 Steinkjer (-2017)"	"Blokkleiligheter"	"2010K2"	20029	13
"1702 Steinkjer (-2017)"	"Blokkleiligheter"	"2010K3"	19594	12
"1702 Steinkjer (-2017)"	"Blokkleiligheter"	"2010K4"	20012	11
"1702 Steinkjer (-2017)"	"Blokkleiligheter"	"2011K1"	..	7
"1702 Steinkjer (-2017)"	"Blokkleiligheter"	"2011K2"	17415	10
"1702 Steinkjer (-2017)"	"Blokkleiligheter"	"2011K3"	20261	10
"1702 Steinkjer (-2017)"	"Blokkleiligheter"	"2011K4"	24168	16
"1702 Steinkjer (-2017)"	"Blokkleiligheter"	"2012K1"	24531	12
"1702 Steinkjer (-2017)"	"Blokkleiligheter"	"2012K2"	22648	17
"1702 Steinkjer (-2017)"	"Blokkleiligheter"	"2012K3"	..	8
"1702 Steinkjer (-2017)"	"Blokkleiligheter"	"2012K4"	23080	11
"1702 Steinkjer (-2017)"	"Blokkleiligheter"	"2013K1"	26608	17
"1702 Steinkjer (-2017)"	"Blokkleiligheter"	"2013K2"	22425	16
"1702 Steinkjer (-2017)"	"Blokkleiligheter"	"2013K3"	..	5
"1702 Steinkjer (-2017)"	"Blokkleiligheter"	"2013K4"	..	8
"1702 Steinkjer (-2017)"	"Blokkleiligheter"	"2014K1"	24225	13
"1702 Steinkjer (-2017)"	"Blokkleiligheter"	"2014K2"	25622	15
"1702 Steinkjer (-2017)"	"Blokkleiligheter"	"2014K3"	26356	13
"1702 Steinkjer (-2017)"	"Blokkleiligheter"	"2014K4"	25150	12
"1702 Steinkjer (-2017)"	"Blokkleiligheter"	"2015K1"	23399	17
"1702 Steinkjer (-2017)"	"Blokkleiligheter"	"2015K2"	27016	14
"1702 Steinkjer (-2017)"	"Blokkleiligheter"	"2015K3"	..	8
"1702 Steinkjer (-2017)"	"Blokkleiligheter"	"2015K4"	23055	11
"1702 Steinkjer (-2017)"	"Blokkleiligheter"	"2016K1"	23172	16
"1702 Steinkjer (-2017)"	"Blokkleiligheter"	"2016K2"	26635	18
"1702 Steinkjer (-2017)"	"Blokkleiligheter"	"2016K3"	27315	18
"1702 Steinkjer (-2017)"	"Blokkleiligheter"	"2016K4"	27328	13
"1702 Steinkjer (-2017)"	"Blokkleiligheter"	"2017K1"	28895	21
"1702 Steinkjer (-2017)"	"Blokkleiligheter"	"2017K2"	28690	15
"1702 Steinkjer (-2017)"	"Blokkleiligheter"	"2017K3"	23940	15
"1702 Steinkjer (-2017)"	"Blokkleiligheter"	"2017K4"	..	5
"1702 Steinkjer (-2017)"	"Blokkleiligheter"	"2018K1"	.	.
"1702 Steinkjer (-2017)"	"Blokkleiligheter"	"2018K2"	.	.
"1702 Steinkjer (-2017)"	"Blokkleiligheter"	"2018K3"	.	.
"1702 Steinkjer (-2017)"	"Blokkleiligheter"	"2018K4"	.	.
"1702 Steinkjer (-2017)"	"Blokkleiligheter"	"2019K1"	.	.
"1702 Steinkjer (-2017)"	"Blokkleiligheter"	"2019K2"	.	.
"1702 Steinkjer (-2017)"	"Blokkleiligheter"	"2019K3"	.	.
"1702 Steinkjer (-2017)"	"Blokkleiligheter"	"2019K4"	.	.
"1702 Steinkjer (-2017)"	"Blokkleiligheter"	"2020K1"	.	.
"1702 Steinkjer (-2017)"	"Blokkleiligheter"	"2020K2"	.	.
"1702 Steinkjer (-2017)"	"Blokkleiligheter"	"2020K3"	.	.
"1702 Steinkjer (-2017)"	"Blokkleiligheter"	"2020K4"	.	.
"1702 Steinkjer (-2017)"	"Blokkleiligheter"	"2021K1"	.	.
"1702 Steinkjer (-2017)"	"Blokkleiligheter"	"2021K2"	.	.
"1702 Steinkjer (-2017)"	"Blokkleiligheter"	"2021K3"	.	.
"1702 Steinkjer (-2017)"	"Blokkleiligheter"	"2021K4"	.	.
"1702 Steinkjer (-2017)"	"Blokkleiligheter"	"2022K1"	.	.
"1702 Steinkjer (-2017)"	"Blokkleiligheter"	"2022K2"	.	.
"1702 Steinkjer (-2017)"	"Blokkleiligheter"	"2022K3"	.	.
"1702 Steinkjer (-2017)"	"Blokkleiligheter"	"2022K4"	.	.
"1702 Steinkjer (-2017)"	"Blokkleiligheter"	"2023K1"	.	.
"1702 Steinkjer (-2017)"	"Blokkleiligheter"	"2023K2"	.	.
"1702 Steinkjer (-2017)"	"Blokkleiligheter"	"2023K3"	.	.
"1714 Stjørdal (-2017)"	"Eneboliger"	"2006K1"	.	.
"1714 Stjørdal (-2017)"	"Eneboliger"	"2006K2"	.	.
"1714 Stjørdal (-2017)"	"Eneboliger"	"2006K3"	.	.
"1714 Stjørdal (-2017)"	"Eneboliger"	"2006K4"	.	.
"1714 Stjørdal (-2017)"	"Eneboliger"	"2007K1"	.	.
"1714 Stjørdal (-2017)"	"Eneboliger"	"2007K2"	.	.
"1714 Stjørdal (-2017)"	"Eneboliger"	"2007K3"	.	.
"1714 Stjørdal (-2017)"	"Eneboliger"	"2007K4"	.	.
"1714 Stjørdal (-2017)"	"Eneboliger"	"2008K1"	.	.
"1714 Stjørdal (-2017)"	"Eneboliger"	"2008K2"	.	.
"1714 Stjørdal (-2017)"	"Eneboliger"	"2008K3"	.	.
"1714 Stjørdal (-2017)"	"Eneboliger"	"2008K4"	.	.
"1714 Stjørdal (-2017)"	"Eneboliger"	"2009K1"	.	.
"1714 Stjørdal (-2017)"	"Eneboliger"	"2009K2"	.	.
"1714 Stjørdal (-2017)"	"Eneboliger"	"2009K3"	.	.
"1714 Stjørdal (-2017)"	"Eneboliger"	"2009K4"	.	.
"1714 Stjørdal (-2017)"	"Eneboliger"	"2010K1"	16214	22
"1714 Stjørdal (-2017)"	"Eneboliger"	"2010K2"	17776	31
"1714 Stjørdal (-2017)"	"Eneboliger"	"2010K3"	17195	32
"1714 Stjørdal (-2017)"	"Eneboliger"	"2010K4"	17186	19
"1714 Stjørdal (-2017)"	"Eneboliger"	"2011K1"	16894	29
"1714 Stjørdal (-2017)"	"Eneboliger"	"2011K2"	18792	35
"1714 Stjørdal (-2017)"	"Eneboliger"	"2011K3"	18276	38
"1714 Stjørdal (-2017)"	"Eneboliger"	"2011K4"	19222	23
"1714 Stjørdal (-2017)"	"Eneboliger"	"2012K1"	18059	33
"1714 Stjørdal (-2017)"	"Eneboliger"	"2012K2"	18274	37
"1714 Stjørdal (-2017)"	"Eneboliger"	"2012K3"	18476	31
"1714 Stjørdal (-2017)"	"Eneboliger"	"2012K4"	18623	29
"1714 Stjørdal (-2017)"	"Eneboliger"	"2013K1"	18786	19
"1714 Stjørdal (-2017)"	"Eneboliger"	"2013K2"	19058	49
"1714 Stjørdal (-2017)"	"Eneboliger"	"2013K3"	20123	30
"1714 Stjørdal (-2017)"	"Eneboliger"	"2013K4"	18720	25
"1714 Stjørdal (-2017)"	"Eneboliger"	"2014K1"	20318	35
"1714 Stjørdal (-2017)"	"Eneboliger"	"2014K2"	20086	37
"1714 Stjørdal (-2017)"	"Eneboliger"	"2014K3"	19622	39
"1714 Stjørdal (-2017)"	"Eneboliger"	"2014K4"	21438	37
"1714 Stjørdal (-2017)"	"Eneboliger"	"2015K1"	19545	29
"1714 Stjørdal (-2017)"	"Eneboliger"	"2015K2"	20426	41
"1714 Stjørdal (-2017)"	"Eneboliger"	"2015K3"	19449	37
"1714 Stjørdal (-2017)"	"Eneboliger"	"2015K4"	20080	25
"1714 Stjørdal (-2017)"	"Eneboliger"	"2016K1"	21158	26
"1714 Stjørdal (-2017)"	"Eneboliger"	"2016K2"	22556	43
"1714 Stjørdal (-2017)"	"Eneboliger"	"2016K3"	23075	38
"1714 Stjørdal (-2017)"	"Eneboliger"	"2016K4"	20684	32
"1714 Stjørdal (-2017)"	"Eneboliger"	"2017K1"	23574	38
"1714 Stjørdal (-2017)"	"Eneboliger"	"2017K2"	23136	40
"1714 Stjørdal (-2017)"	"Eneboliger"	"2017K3"	22448	37
"1714 Stjørdal (-2017)"	"Eneboliger"	"2017K4"	23209	23
"1714 Stjørdal (-2017)"	"Eneboliger"	"2018K1"	.	.
"1714 Stjørdal (-2017)"	"Eneboliger"	"2018K2"	.	.
"1714 Stjørdal (-2017)"	"Eneboliger"	"2018K3"	.	.
"1714 Stjørdal (-2017)"	"Eneboliger"	"2018K4"	.	.
"1714 Stjørdal (-2017)"	"Eneboliger"	"2019K1"	.	.
"1714 Stjørdal (-2017)"	"Eneboliger"	"2019K2"	.	.
"1714 Stjørdal (-2017)"	"Eneboliger"	"2019K3"	.	.
"1714 Stjørdal (-2017)"	"Eneboliger"	"2019K4"	.	.
"1714 Stjørdal (-2017)"	"Eneboliger"	"2020K1"	.	.
"1714 Stjørdal (-2017)"	"Eneboliger"	"2020K2"	.	.
"1714 Stjørdal (-2017)"	"Eneboliger"	"2020K3"	.	.
"1714 Stjørdal (-2017)"	"Eneboliger"	"2020K4"	.	.
"1714 Stjørdal (-2017)"	"Eneboliger"	"2021K1"	.	.
"1714 Stjørdal (-2017)"	"Eneboliger"	"2021K2"	.	.
"1714 Stjørdal (-2017)"	"Eneboliger"	"2021K3"	.	.
"1714 Stjørdal (-2017)"	"Eneboliger"	"2021K4"	.	.
"1714 Stjørdal (-2017)"	"Eneboliger"	"2022K1"	.	.
"1714 Stjørdal (-2017)"	"Eneboliger"	"2022K2"	.	.
"1714 Stjørdal (-2017)"	"Eneboliger"	"2022K3"	.	.
"1714 Stjørdal (-2017)"	"Eneboliger"	"2022K4"	.	.
"1714 Stjørdal (-2017)"	"Eneboliger"	"2023K1"	.	.
"1714 Stjørdal (-2017)"	"Eneboliger"	"2023K2"	.	.
"1714 Stjørdal (-2017)"	"Eneboliger"	"2023K3"	.	.
"1714 Stjørdal (-2017)"	"Småhus"	"2006K1"	.	.
"1714 Stjørdal (-2017)"	"Småhus"	"2006K2"	.	.
"1714 Stjørdal (-2017)"	"Småhus"	"2006K3"	.	.
"1714 Stjørdal (-2017)"	"Småhus"	"2006K4"	.	.
"1714 Stjørdal (-2017)"	"Småhus"	"2007K1"	.	.
"1714 Stjørdal (-2017)"	"Småhus"	"2007K2"	.	.
"1714 Stjørdal (-2017)"	"Småhus"	"2007K3"	.	.
"1714 Stjørdal (-2017)"	"Småhus"	"2007K4"	.	.
"1714 Stjørdal (-2017)"	"Småhus"	"2008K1"	.	.
"1714 Stjørdal (-2017)"	"Småhus"	"2008K2"	.	.
"1714 Stjørdal (-2017)"	"Småhus"	"2008K3"	.	.
"1714 Stjørdal (-2017)"	"Småhus"	"2008K4"	.	.
"1714 Stjørdal (-2017)"	"Småhus"	"2009K1"	.	.
"1714 Stjørdal (-2017)"	"Småhus"	"2009K2"	.	.
"1714 Stjørdal (-2017)"	"Småhus"	"2009K3"	.	.
"1714 Stjørdal (-2017)"	"Småhus"	"2009K4"	.	.
"1714 Stjørdal (-2017)"	"Småhus"	"2010K1"	..	7
"1714 Stjørdal (-2017)"	"Småhus"	"2010K2"	..	9
"1714 Stjørdal (-2017)"	"Småhus"	"2010K3"	17958	10
"1714 Stjørdal (-2017)"	"Småhus"	"2010K4"	..	8
"1714 Stjørdal (-2017)"	"Småhus"	"2011K1"	19339	10
"1714 Stjørdal (-2017)"	"Småhus"	"2011K2"	20959	11
"1714 Stjørdal (-2017)"	"Småhus"	"2011K3"	..	9
"1714 Stjørdal (-2017)"	"Småhus"	"2011K4"	..	5
"1714 Stjørdal (-2017)"	"Småhus"	"2012K1"	22809	13
"1714 Stjørdal (-2017)"	"Småhus"	"2012K2"	..	6
"1714 Stjørdal (-2017)"	"Småhus"	"2012K3"	21059	15
"1714 Stjørdal (-2017)"	"Småhus"	"2012K4"	..	9
"1714 Stjørdal (-2017)"	"Småhus"	"2013K1"	24728	12
"1714 Stjørdal (-2017)"	"Småhus"	"2013K2"	23870	12
"1714 Stjørdal (-2017)"	"Småhus"	"2013K3"	20428	11
"1714 Stjørdal (-2017)"	"Småhus"	"2013K4"	..	9
"1714 Stjørdal (-2017)"	"Småhus"	"2014K1"	25178	12
"1714 Stjørdal (-2017)"	"Småhus"	"2014K2"	23916	13
"1714 Stjørdal (-2017)"	"Småhus"	"2014K3"	..	6
"1714 Stjørdal (-2017)"	"Småhus"	"2014K4"	..	9
"1714 Stjørdal (-2017)"	"Småhus"	"2015K1"	23751	19
"1714 Stjørdal (-2017)"	"Småhus"	"2015K2"	26283	12
"1714 Stjørdal (-2017)"	"Småhus"	"2015K3"	26813	13
"1714 Stjørdal (-2017)"	"Småhus"	"2015K4"	..	8
"1714 Stjørdal (-2017)"	"Småhus"	"2016K1"	25518	14
"1714 Stjørdal (-2017)"	"Småhus"	"2016K2"	28570	23
"1714 Stjørdal (-2017)"	"Småhus"	"2016K3"	24367	10
"1714 Stjørdal (-2017)"	"Småhus"	"2016K4"	28008	11
"1714 Stjørdal (-2017)"	"Småhus"	"2017K1"	26880	15
"1714 Stjørdal (-2017)"	"Småhus"	"2017K2"	28067	18
"1714 Stjørdal (-2017)"	"Småhus"	"2017K3"	28320	12
"1714 Stjørdal (-2017)"	"Småhus"	"2017K4"	31220	12
"1714 Stjørdal (-2017)"	"Småhus"	"2018K1"	.	.
"1714 Stjørdal (-2017)"	"Småhus"	"2018K2"	.	.
"1714 Stjørdal (-2017)"	"Småhus"	"2018K3"	.	.
"1714 Stjørdal (-2017)"	"Småhus"	"2018K4"	.	.
"1714 Stjørdal (-2017)"	"Småhus"	"2019K1"	.	.
"1714 Stjørdal (-2017)"	"Småhus"	"2019K2"	.	.
"1714 Stjørdal (-2017)"	"Småhus"	"2019K3"	.	.
"1714 Stjørdal (-2017)"	"Småhus"	"2019K4"	.	.
"1714 Stjørdal (-2017)"	"Småhus"	"2020K1"	.	.
"1714 Stjørdal (-2017)"	"Småhus"	"2020K2"	.	.
"1714 Stjørdal (-2017)"	"Småhus"	"2020K3"	.	.
"1714 Stjørdal (-2017)"	"Småhus"	"2020K4"	.	.
"1714 Stjørdal (-2017)"	"Småhus"	"2021K1"	.	.
"1714 Stjørdal (-2017)"	"Småhus"	"2021K2"	.	.
"1714 Stjørdal (-2017)"	"Småhus"	"2021K3"	.	.
"1714 Stjørdal (-2017)"	"Småhus"	"2021K4"	.	.
"1714 Stjørdal (-2017)"	"Småhus"	"2022K1"	.	.
"1714 Stjørdal (-2017)"	"Småhus"	"2022K2"	.	.
"1714 Stjørdal (-2017)"	"Småhus"	"2022K3"	.	.
"1714 Stjørdal (-2017)"	"Småhus"	"2022K4"	.	.
"1714 Stjørdal (-2017)"	"Småhus"	"2023K1"	.	.
"1714 Stjørdal (-2017)"	"Småhus"	"2023K2"	.	.
"1714 Stjørdal (-2017)"	"Småhus"	"2023K3"	.	.
"1714 Stjørdal (-2017)"	"Blokkleiligheter"	"2006K1"	.	.
"1714 Stjørdal (-2017)"	"Blokkleiligheter"	"2006K2"	.	.
"1714 Stjørdal (-2017)"	"Blokkleiligheter"	"2006K3"	.	.
"1714 Stjørdal (-2017)"	"Blokkleiligheter"	"2006K4"	.	.
"1714 Stjørdal (-2017)"	"Blokkleiligheter"	"2007K1"	.	.
"1714 Stjørdal (-2017)"	"Blokkleiligheter"	"2007K2"	.	.
"1714 Stjørdal (-2017)"	"Blokkleiligheter"	"2007K3"	.	.
"1714 Stjørdal (-2017)"	"Blokkleiligheter"	"2007K4"	.	.
"1714 Stjørdal (-2017)"	"Blokkleiligheter"	"2008K1"	.	.
"1714 Stjørdal (-2017)"	"Blokkleiligheter"	"2008K2"	.	.
"1714 Stjørdal (-2017)"	"Blokkleiligheter"	"2008K3"	.	.
"1714 Stjørdal (-2017)"	"Blokkleiligheter"	"2008K4"	.	.
"1714 Stjørdal (-2017)"	"Blokkleiligheter"	"2009K1"	.	.
"1714 Stjørdal (-2017)"	"Blokkleiligheter"	"2009K2"	.	.
"1714 Stjørdal (-2017)"	"Blokkleiligheter"	"2009K3"	.	.
"1714 Stjørdal (-2017)"	"Blokkleiligheter"	"2009K4"	.	.
"1714 Stjørdal (-2017)"	"Blokkleiligheter"	"2010K1"	28040	35
"1714 Stjørdal (-2017)"	"Blokkleiligheter"	"2010K2"	27983	26
"1714 Stjørdal (-2017)"	"Blokkleiligheter"	"2010K3"	29476	37
"1714 Stjørdal (-2017)"	"Blokkleiligheter"	"2010K4"	28573	24
"1714 Stjørdal (-2017)"	"Blokkleiligheter"	"2011K1"	29049	40
"1714 Stjørdal (-2017)"	"Blokkleiligheter"	"2011K2"	31524	21
"1714 Stjørdal (-2017)"	"Blokkleiligheter"	"2011K3"	30830	31
"1714 Stjørdal (-2017)"	"Blokkleiligheter"	"2011K4"	31511	20
"1714 Stjørdal (-2017)"	"Blokkleiligheter"	"2012K1"	32543	31
"1714 Stjørdal (-2017)"	"Blokkleiligheter"	"2012K2"	31911	26
"1714 Stjørdal (-2017)"	"Blokkleiligheter"	"2012K3"	31911	29
"1714 Stjørdal (-2017)"	"Blokkleiligheter"	"2012K4"	31281	19
"1714 Stjørdal (-2017)"	"Blokkleiligheter"	"2013K1"	34183	29
"1714 Stjørdal (-2017)"	"Blokkleiligheter"	"2013K2"	31527	28
"1714 Stjørdal (-2017)"	"Blokkleiligheter"	"2013K3"	33598	22
"1714 Stjørdal (-2017)"	"Blokkleiligheter"	"2013K4"	33347	26
"1714 Stjørdal (-2017)"	"Blokkleiligheter"	"2014K1"	33726	44
"1714 Stjørdal (-2017)"	"Blokkleiligheter"	"2014K2"	33765	24
"1714 Stjørdal (-2017)"	"Blokkleiligheter"	"2014K3"	34910	27
"1714 Stjørdal (-2017)"	"Blokkleiligheter"	"2014K4"	32578	25
"1714 Stjørdal (-2017)"	"Blokkleiligheter"	"2015K1"	34635	46
"1714 Stjørdal (-2017)"	"Blokkleiligheter"	"2015K2"	34367	31
"1714 Stjørdal (-2017)"	"Blokkleiligheter"	"2015K3"	37286	28
"1714 Stjørdal (-2017)"	"Blokkleiligheter"	"2015K4"	32848	24
"1714 Stjørdal (-2017)"	"Blokkleiligheter"	"2016K1"	37809	30
"1714 Stjørdal (-2017)"	"Blokkleiligheter"	"2016K2"	35398	34
"1714 Stjørdal (-2017)"	"Blokkleiligheter"	"2016K3"	37513	21
"1714 Stjørdal (-2017)"	"Blokkleiligheter"	"2016K4"	37644	22
"1714 Stjørdal (-2017)"	"Blokkleiligheter"	"2017K1"	34901	32
"1714 Stjørdal (-2017)"	"Blokkleiligheter"	"2017K2"	37190	29
"1714 Stjørdal (-2017)"	"Blokkleiligheter"	"2017K3"	38160	26
"1714 Stjørdal (-2017)"	"Blokkleiligheter"	"2017K4"	38325	21
"1714 Stjørdal (-2017)"	"Blokkleiligheter"	"2018K1"	.	.
"1714 Stjørdal (-2017)"	"Blokkleiligheter"	"2018K2"	.	.
"1714 Stjørdal (-2017)"	"Blokkleiligheter"	"2018K3"	.	.
"1714 Stjørdal (-2017)"	"Blokkleiligheter"	"2018K4"	.	.
"1714 Stjørdal (-2017)"	"Blokkleiligheter"	"2019K1"	.	.
"1714 Stjørdal (-2017)"	"Blokkleiligheter"	"2019K2"	.	.
"1714 Stjørdal (-2017)"	"Blokkleiligheter"	"2019K3"	.	.
"1714 Stjørdal (-2017)"	"Blokkleiligheter"	"2019K4"	.	.
"1714 Stjørdal (-2017)"	"Blokkleiligheter"	"2020K1"	.	.
"1714 Stjørdal (-2017)"	"Blokkleiligheter"	"2020K2"	.	.
"1714 Stjørdal (-2017)"	"Blokkleiligheter"	"2020K3"	.	.
"1714 Stjørdal (-2017)"	"Blokkleiligheter"	"2020K4"	.	.
"1714 Stjørdal (-2017)"	"Blokkleiligheter"	"2021K1"	.	.
"1714 Stjørdal (-2017)"	"Blokkleiligheter"	"2021K2"	.	.
"1714 Stjørdal (-2017)"	"Blokkleiligheter"	"2021K3"	.	.
"1714 Stjørdal (-2017)"	"Blokkleiligheter"	"2021K4"	.	.
"1714 Stjørdal (-2017)"	"Blokkleiligheter"	"2022K1"	.	.
"1714 Stjørdal (-2017)"	"Blokkleiligheter"	"2022K2"	.	.
"1714 Stjørdal (-2017)"	"Blokkleiligheter"	"2022K3"	.	.
"1714 Stjørdal (-2017)"	"Blokkleiligheter"	"2022K4"	.	.
"1714 Stjørdal (-2017)"	"Blokkleiligheter"	"2023K1"	.	.
"1714 Stjørdal (-2017)"	"Blokkleiligheter"	"2023K2"	.	.
"1714 Stjørdal (-2017)"	"Blokkleiligheter"	"2023K3"	.	.
"1804 Bodø"	"Eneboliger"	"2006K1"	16579	43
"1804 Bodø"	"Eneboliger"	"2006K2"	16113	83
"1804 Bodø"	"Eneboliger"	"2006K3"	18636	41
"1804 Bodø"	"Eneboliger"	"2006K4"	17870	39
"1804 Bodø"	"Eneboliger"	"2007K1"	19287	45
"1804 Bodø"	"Eneboliger"	"2007K2"	21456	55
"1804 Bodø"	"Eneboliger"	"2007K3"	21552	44
"1804 Bodø"	"Eneboliger"	"2007K4"	18967	49
"1804 Bodø"	"Eneboliger"	"2008K1"	18767	42
"1804 Bodø"	"Eneboliger"	"2008K2"	19993	71
"1804 Bodø"	"Eneboliger"	"2008K3"	18793	40
"1804 Bodø"	"Eneboliger"	"2008K4"	16658	30
"1804 Bodø"	"Eneboliger"	"2009K1"	17023	51
"1804 Bodø"	"Eneboliger"	"2009K2"	18528	58
"1804 Bodø"	"Eneboliger"	"2009K3"	18901	74
"1804 Bodø"	"Eneboliger"	"2009K4"	19123	40
"1804 Bodø"	"Eneboliger"	"2010K1"	20412	41
"1804 Bodø"	"Eneboliger"	"2010K2"	20403	84
"1804 Bodø"	"Eneboliger"	"2010K3"	20308	66
"1804 Bodø"	"Eneboliger"	"2010K4"	20412	32
"1804 Bodø"	"Eneboliger"	"2011K1"	21744	52
"1804 Bodø"	"Eneboliger"	"2011K2"	20637	64
"1804 Bodø"	"Eneboliger"	"2011K3"	20885	69
"1804 Bodø"	"Eneboliger"	"2011K4"	20972	36
"1804 Bodø"	"Eneboliger"	"2012K1"	23574	52
"1804 Bodø"	"Eneboliger"	"2012K2"	22062	65
"1804 Bodø"	"Eneboliger"	"2012K3"	22730	54
"1804 Bodø"	"Eneboliger"	"2012K4"	22660	39
"1804 Bodø"	"Eneboliger"	"2013K1"	25068	34
"1804 Bodø"	"Eneboliger"	"2013K2"	24932	60
"1804 Bodø"	"Eneboliger"	"2013K3"	25141	49
"1804 Bodø"	"Eneboliger"	"2013K4"	23898	31
"1804 Bodø"	"Eneboliger"	"2014K1"	24436	57
"1804 Bodø"	"Eneboliger"	"2014K2"	24289	73
"1804 Bodø"	"Eneboliger"	"2014K3"	25604	58
"1804 Bodø"	"Eneboliger"	"2014K4"	24765	48
"1804 Bodø"	"Eneboliger"	"2015K1"	26860	49
"1804 Bodø"	"Eneboliger"	"2015K2"	27234	95
"1804 Bodø"	"Eneboliger"	"2015K3"	28146	60
"1804 Bodø"	"Eneboliger"	"2015K4"	26215	32
"1804 Bodø"	"Eneboliger"	"2016K1"	28079	38
"1804 Bodø"	"Eneboliger"	"2016K2"	29388	71
"1804 Bodø"	"Eneboliger"	"2016K3"	25215	57
"1804 Bodø"	"Eneboliger"	"2016K4"	27317	47
"1804 Bodø"	"Eneboliger"	"2017K1"	29808	56
"1804 Bodø"	"Eneboliger"	"2017K2"	29479	68
"1804 Bodø"	"Eneboliger"	"2017K3"	29781	54
"1804 Bodø"	"Eneboliger"	"2017K4"	29022	52
"1804 Bodø"	"Eneboliger"	"2018K1"	28757	41
"1804 Bodø"	"Eneboliger"	"2018K2"	29995	86
"1804 Bodø"	"Eneboliger"	"2018K3"	29998	65
"1804 Bodø"	"Eneboliger"	"2018K4"	28791	44
"1804 Bodø"	"Eneboliger"	"2019K1"	31419	46
"1804 Bodø"	"Eneboliger"	"2019K2"	30554	88
"1804 Bodø"	"Eneboliger"	"2019K3"	29917	58
"1804 Bodø"	"Eneboliger"	"2019K4"	31201	50
"1804 Bodø"	"Eneboliger"	"2020K1"	33228	39
"1804 Bodø"	"Eneboliger"	"2020K2"	32067	79
"1804 Bodø"	"Eneboliger"	"2020K3"	32548	64
"1804 Bodø"	"Eneboliger"	"2020K4"	34069	49
"1804 Bodø"	"Eneboliger"	"2021K1"	35341	51
"1804 Bodø"	"Eneboliger"	"2021K2"	37562	83
"1804 Bodø"	"Eneboliger"	"2021K3"	39571	58
"1804 Bodø"	"Eneboliger"	"2021K4"	37208	51
"1804 Bodø"	"Eneboliger"	"2022K1"	42022	40
"1804 Bodø"	"Eneboliger"	"2022K2"	41377	74
"1804 Bodø"	"Eneboliger"	"2022K3"	38427	57
"1804 Bodø"	"Eneboliger"	"2022K4"	38164	39
"1804 Bodø"	"Eneboliger"	"2023K1"	40426	36
"1804 Bodø"	"Eneboliger"	"2023K2"	39779	70
"1804 Bodø"	"Eneboliger"	"2023K3"	34627	44
"1804 Bodø"	"Småhus"	"2006K1"	16907	25
"1804 Bodø"	"Småhus"	"2006K2"	18036	33
"1804 Bodø"	"Småhus"	"2006K3"	19477	32
"1804 Bodø"	"Småhus"	"2006K4"	21750	30
"1804 Bodø"	"Småhus"	"2007K1"	20397	46
"1804 Bodø"	"Småhus"	"2007K2"	20767	45
"1804 Bodø"	"Småhus"	"2007K3"	22420	18
"1804 Bodø"	"Småhus"	"2007K4"	21860	23
"1804 Bodø"	"Småhus"	"2008K1"	21103	13
"1804 Bodø"	"Småhus"	"2008K2"	20268	31
"1804 Bodø"	"Småhus"	"2008K3"	19209	20
"1804 Bodø"	"Småhus"	"2008K4"	18974	20
"1804 Bodø"	"Småhus"	"2009K1"	18387	12
"1804 Bodø"	"Småhus"	"2009K2"	20061	20
"1804 Bodø"	"Småhus"	"2009K3"	19317	28
"1804 Bodø"	"Småhus"	"2009K4"	20745	26
"1804 Bodø"	"Småhus"	"2010K1"	21548	15
"1804 Bodø"	"Småhus"	"2010K2"	20274	46
"1804 Bodø"	"Småhus"	"2010K3"	20448	19
"1804 Bodø"	"Småhus"	"2010K4"	21278	18
"1804 Bodø"	"Småhus"	"2011K1"	22983	26
"1804 Bodø"	"Småhus"	"2011K2"	22339	27
"1804 Bodø"	"Småhus"	"2011K3"	21899	23
"1804 Bodø"	"Småhus"	"2011K4"	23394	19
"1804 Bodø"	"Småhus"	"2012K1"	23482	25
"1804 Bodø"	"Småhus"	"2012K2"	24216	31
"1804 Bodø"	"Småhus"	"2012K3"	24391	29
"1804 Bodø"	"Småhus"	"2012K4"	25155	18
"1804 Bodø"	"Småhus"	"2013K1"	26671	13
"1804 Bodø"	"Småhus"	"2013K2"	26701	26
"1804 Bodø"	"Småhus"	"2013K3"	25374	23
"1804 Bodø"	"Småhus"	"2013K4"	26021	11
"1804 Bodø"	"Småhus"	"2014K1"	28371	26
"1804 Bodø"	"Småhus"	"2014K2"	26991	19
"1804 Bodø"	"Småhus"	"2014K3"	27735	26
"1804 Bodø"	"Småhus"	"2014K4"	28545	18
"1804 Bodø"	"Småhus"	"2015K1"	28057	24
"1804 Bodø"	"Småhus"	"2015K2"	29610	21
"1804 Bodø"	"Småhus"	"2015K3"	29654	23
"1804 Bodø"	"Småhus"	"2015K4"	29392	10
"1804 Bodø"	"Småhus"	"2016K1"	29471	21
"1804 Bodø"	"Småhus"	"2016K2"	30710	31
"1804 Bodø"	"Småhus"	"2016K3"	29797	24
"1804 Bodø"	"Småhus"	"2016K4"	32098	19
"1804 Bodø"	"Småhus"	"2017K1"	31995	27
"1804 Bodø"	"Småhus"	"2017K2"	32176	33
"1804 Bodø"	"Småhus"	"2017K3"	30759	38
"1804 Bodø"	"Småhus"	"2017K4"	31967	28
"1804 Bodø"	"Småhus"	"2018K1"	30837	18
"1804 Bodø"	"Småhus"	"2018K2"	32555	32
"1804 Bodø"	"Småhus"	"2018K3"	32813	25
"1804 Bodø"	"Småhus"	"2018K4"	33277	24
"1804 Bodø"	"Småhus"	"2019K1"	34215	24
"1804 Bodø"	"Småhus"	"2019K2"	34351	39
"1804 Bodø"	"Småhus"	"2019K3"	34044	35
"1804 Bodø"	"Småhus"	"2019K4"	33149	18
"1804 Bodø"	"Småhus"	"2020K1"	34943	26
"1804 Bodø"	"Småhus"	"2020K2"	35004	36
"1804 Bodø"	"Småhus"	"2020K3"	34580	45
"1804 Bodø"	"Småhus"	"2020K4"	34981	34
"1804 Bodø"	"Småhus"	"2021K1"	40181	41
"1804 Bodø"	"Småhus"	"2021K2"	41851	44
"1804 Bodø"	"Småhus"	"2021K3"	43379	34
"1804 Bodø"	"Småhus"	"2021K4"	41341	23
"1804 Bodø"	"Småhus"	"2022K1"	43535	34
"1804 Bodø"	"Småhus"	"2022K2"	41834	48
"1804 Bodø"	"Småhus"	"2022K3"	41554	28
"1804 Bodø"	"Småhus"	"2022K4"	40984	25
"1804 Bodø"	"Småhus"	"2023K1"	43339	25
"1804 Bodø"	"Småhus"	"2023K2"	43370	38
"1804 Bodø"	"Småhus"	"2023K3"	40026	25
"1804 Bodø"	"Blokkleiligheter"	"2006K1"	20363	40
"1804 Bodø"	"Blokkleiligheter"	"2006K2"	21939	62
"1804 Bodø"	"Blokkleiligheter"	"2006K3"	22891	63
"1804 Bodø"	"Blokkleiligheter"	"2006K4"	23039	54
"1804 Bodø"	"Blokkleiligheter"	"2007K1"	23555	50
"1804 Bodø"	"Blokkleiligheter"	"2007K2"	24060	58
"1804 Bodø"	"Blokkleiligheter"	"2007K3"	24737	40
"1804 Bodø"	"Blokkleiligheter"	"2007K4"	24508	37
"1804 Bodø"	"Blokkleiligheter"	"2008K1"	24136	33
"1804 Bodø"	"Blokkleiligheter"	"2008K2"	24774	53
"1804 Bodø"	"Blokkleiligheter"	"2008K3"	22713	25
"1804 Bodø"	"Blokkleiligheter"	"2008K4"	22973	15
"1804 Bodø"	"Blokkleiligheter"	"2009K1"	22753	40
"1804 Bodø"	"Blokkleiligheter"	"2009K2"	22384	50
"1804 Bodø"	"Blokkleiligheter"	"2009K3"	23201	53
"1804 Bodø"	"Blokkleiligheter"	"2009K4"	23604	37
"1804 Bodø"	"Blokkleiligheter"	"2010K1"	23765	45
"1804 Bodø"	"Blokkleiligheter"	"2010K2"	23505	46
"1804 Bodø"	"Blokkleiligheter"	"2010K3"	25234	57
"1804 Bodø"	"Blokkleiligheter"	"2010K4"	24811	47
"1804 Bodø"	"Blokkleiligheter"	"2011K1"	25374	44
"1804 Bodø"	"Blokkleiligheter"	"2011K2"	27148	62
"1804 Bodø"	"Blokkleiligheter"	"2011K3"	27940	50
"1804 Bodø"	"Blokkleiligheter"	"2011K4"	28505	63
"1804 Bodø"	"Blokkleiligheter"	"2012K1"	30500	56
"1804 Bodø"	"Blokkleiligheter"	"2012K2"	29044	60
"1804 Bodø"	"Blokkleiligheter"	"2012K3"	29606	66
"1804 Bodø"	"Blokkleiligheter"	"2012K4"	29443	42
"1804 Bodø"	"Blokkleiligheter"	"2013K1"	30377	42
"1804 Bodø"	"Blokkleiligheter"	"2013K2"	32165	66
"1804 Bodø"	"Blokkleiligheter"	"2013K3"	30679	66
"1804 Bodø"	"Blokkleiligheter"	"2013K4"	30452	41
"1804 Bodø"	"Blokkleiligheter"	"2014K1"	32789	57
"1804 Bodø"	"Blokkleiligheter"	"2014K2"	32776	64
"1804 Bodø"	"Blokkleiligheter"	"2014K3"	34202	64
"1804 Bodø"	"Blokkleiligheter"	"2014K4"	32239	45
"1804 Bodø"	"Blokkleiligheter"	"2015K1"	35394	46
"1804 Bodø"	"Blokkleiligheter"	"2015K2"	35765	77
"1804 Bodø"	"Blokkleiligheter"	"2015K3"	36883	51
"1804 Bodø"	"Blokkleiligheter"	"2015K4"	34226	51
"1804 Bodø"	"Blokkleiligheter"	"2016K1"	36628	58
"1804 Bodø"	"Blokkleiligheter"	"2016K2"	37521	86
"1804 Bodø"	"Blokkleiligheter"	"2016K3"	39749	52
"1804 Bodø"	"Blokkleiligheter"	"2016K4"	37491	44
"1804 Bodø"	"Blokkleiligheter"	"2017K1"	41271	62
"1804 Bodø"	"Blokkleiligheter"	"2017K2"	39478	77
"1804 Bodø"	"Blokkleiligheter"	"2017K3"	40125	59
"1804 Bodø"	"Blokkleiligheter"	"2017K4"	40143	50
"1804 Bodø"	"Blokkleiligheter"	"2018K1"	40142	46
"1804 Bodø"	"Blokkleiligheter"	"2018K2"	40972	95
"1804 Bodø"	"Blokkleiligheter"	"2018K3"	41226	70
"1804 Bodø"	"Blokkleiligheter"	"2018K4"	41162	43
"1804 Bodø"	"Blokkleiligheter"	"2019K1"	44761	71
"1804 Bodø"	"Blokkleiligheter"	"2019K2"	43093	100
"1804 Bodø"	"Blokkleiligheter"	"2019K3"	46406	60
"1804 Bodø"	"Blokkleiligheter"	"2019K4"	45989	53
"1804 Bodø"	"Blokkleiligheter"	"2020K1"	45879	53
"1804 Bodø"	"Blokkleiligheter"	"2020K2"	46235	94
"1804 Bodø"	"Blokkleiligheter"	"2020K3"	48901	75
"1804 Bodø"	"Blokkleiligheter"	"2020K4"	48714	49
"1804 Bodø"	"Blokkleiligheter"	"2021K1"	56567	86
"1804 Bodø"	"Blokkleiligheter"	"2021K2"	54002	105
"1804 Bodø"	"Blokkleiligheter"	"2021K3"	55397	92
"1804 Bodø"	"Blokkleiligheter"	"2021K4"	58432	58
"1804 Bodø"	"Blokkleiligheter"	"2022K1"	60029	61
"1804 Bodø"	"Blokkleiligheter"	"2022K2"	57874	103
"1804 Bodø"	"Blokkleiligheter"	"2022K3"	60089	78
"1804 Bodø"	"Blokkleiligheter"	"2022K4"	60748	51
"1804 Bodø"	"Blokkleiligheter"	"2023K1"	61632	76
"1804 Bodø"	"Blokkleiligheter"	"2023K2"	59920	80
"1804 Bodø"	"Blokkleiligheter"	"2023K3"	56300	56
"1833 Rana"	"Eneboliger"	"2006K1"	9838	26
"1833 Rana"	"Eneboliger"	"2006K2"	10600	44
"1833 Rana"	"Eneboliger"	"2006K3"	10971	48
"1833 Rana"	"Eneboliger"	"2006K4"	11141	31
"1833 Rana"	"Eneboliger"	"2007K1"	11042	23
"1833 Rana"	"Eneboliger"	"2007K2"	13382	62
"1833 Rana"	"Eneboliger"	"2007K3"	12044	47
"1833 Rana"	"Eneboliger"	"2007K4"	13244	29
"1833 Rana"	"Eneboliger"	"2008K1"	12523	26
"1833 Rana"	"Eneboliger"	"2008K2"	13000	36
"1833 Rana"	"Eneboliger"	"2008K3"	12426	33
"1833 Rana"	"Eneboliger"	"2008K4"	13460	26
"1833 Rana"	"Eneboliger"	"2009K1"	13723	27
"1833 Rana"	"Eneboliger"	"2009K2"	13033	39
"1833 Rana"	"Eneboliger"	"2009K3"	12936	53
"1833 Rana"	"Eneboliger"	"2009K4"	13554	28
"1833 Rana"	"Eneboliger"	"2010K1"	13609	41
"1833 Rana"	"Eneboliger"	"2010K2"	15830	38
"1833 Rana"	"Eneboliger"	"2010K3"	15009	59
"1833 Rana"	"Eneboliger"	"2010K4"	14323	55
"1833 Rana"	"Eneboliger"	"2011K1"	15298	23
"1833 Rana"	"Eneboliger"	"2011K2"	15956	52
"1833 Rana"	"Eneboliger"	"2011K3"	15460	63
"1833 Rana"	"Eneboliger"	"2011K4"	14705	51
"1833 Rana"	"Eneboliger"	"2012K1"	15144	33
"1833 Rana"	"Eneboliger"	"2012K2"	15531	64
"1833 Rana"	"Eneboliger"	"2012K3"	16943	54
"1833 Rana"	"Eneboliger"	"2012K4"	15719	42
"1833 Rana"	"Eneboliger"	"2013K1"	17865	24
"1833 Rana"	"Eneboliger"	"2013K2"	17090	46
"1833 Rana"	"Eneboliger"	"2013K3"	17721	42
"1833 Rana"	"Eneboliger"	"2013K4"	16591	26
"1833 Rana"	"Eneboliger"	"2014K1"	17298	32
"1833 Rana"	"Eneboliger"	"2014K2"	18216	62
"1833 Rana"	"Eneboliger"	"2014K3"	17725	49
"1833 Rana"	"Eneboliger"	"2014K4"	19428	43
"1833 Rana"	"Eneboliger"	"2015K1"	18025	18
"1833 Rana"	"Eneboliger"	"2015K2"	20590	51
"1833 Rana"	"Eneboliger"	"2015K3"	19941	38
"1833 Rana"	"Eneboliger"	"2015K4"	19309	46
"1833 Rana"	"Eneboliger"	"2016K1"	20699	28
"1833 Rana"	"Eneboliger"	"2016K2"	20449	82
"1833 Rana"	"Eneboliger"	"2016K3"	20642	55
"1833 Rana"	"Eneboliger"	"2016K4"	20471	35
"1833 Rana"	"Eneboliger"	"2017K1"	20577	29
"1833 Rana"	"Eneboliger"	"2017K2"	20485	52
"1833 Rana"	"Eneboliger"	"2017K3"	21556	52
"1833 Rana"	"Eneboliger"	"2017K4"	20839	43
"1833 Rana"	"Eneboliger"	"2018K1"	20081	24
"1833 Rana"	"Eneboliger"	"2018K2"	21236	62
"1833 Rana"	"Eneboliger"	"2018K3"	21132	52
"1833 Rana"	"Eneboliger"	"2018K4"	21054	36
"1833 Rana"	"Eneboliger"	"2019K1"	21225	32
"1833 Rana"	"Eneboliger"	"2019K2"	21649	51
"1833 Rana"	"Eneboliger"	"2019K3"	21846	46
"1833 Rana"	"Eneboliger"	"2019K4"	21591	41
"1833 Rana"	"Eneboliger"	"2020K1"	23339	33
"1833 Rana"	"Eneboliger"	"2020K2"	23199	48
"1833 Rana"	"Eneboliger"	"2020K3"	20685	57
"1833 Rana"	"Eneboliger"	"2020K4"	22322	52
"1833 Rana"	"Eneboliger"	"2021K1"	22957	39
"1833 Rana"	"Eneboliger"	"2021K2"	24778	68
"1833 Rana"	"Eneboliger"	"2021K3"	24471	44
"1833 Rana"	"Eneboliger"	"2021K4"	24749	47
"1833 Rana"	"Eneboliger"	"2022K1"	28282	23
"1833 Rana"	"Eneboliger"	"2022K2"	29837	46
"1833 Rana"	"Eneboliger"	"2022K3"	25943	52
"1833 Rana"	"Eneboliger"	"2022K4"	28024	31
"1833 Rana"	"Eneboliger"	"2023K1"	26102	38
"1833 Rana"	"Eneboliger"	"2023K2"	28458	54
"1833 Rana"	"Eneboliger"	"2023K3"	26355	41
"1833 Rana"	"Småhus"	"2006K1"	10684	15
"1833 Rana"	"Småhus"	"2006K2"	..	7
"1833 Rana"	"Småhus"	"2006K3"	12140	12
"1833 Rana"	"Småhus"	"2006K4"	10182	13
"1833 Rana"	"Småhus"	"2007K1"	11153	12
"1833 Rana"	"Småhus"	"2007K2"	14106	24
"1833 Rana"	"Småhus"	"2007K3"	13659	11
"1833 Rana"	"Småhus"	"2007K4"	14467	14
"1833 Rana"	"Småhus"	"2008K1"	15065	10
"1833 Rana"	"Småhus"	"2008K2"	14188	19
"1833 Rana"	"Småhus"	"2008K3"	13156	16
"1833 Rana"	"Småhus"	"2008K4"	11698	10
"1833 Rana"	"Småhus"	"2009K1"	13380	11
"1833 Rana"	"Småhus"	"2009K2"	..	8
"1833 Rana"	"Småhus"	"2009K3"	..	7
"1833 Rana"	"Småhus"	"2009K4"	..	6
"1833 Rana"	"Småhus"	"2010K1"	..	8
"1833 Rana"	"Småhus"	"2010K2"	15275	13
"1833 Rana"	"Småhus"	"2010K3"	15402	10
"1833 Rana"	"Småhus"	"2010K4"	..	3
"1833 Rana"	"Småhus"	"2011K1"	..	9
"1833 Rana"	"Småhus"	"2011K2"	16593	13
"1833 Rana"	"Småhus"	"2011K3"	16756	12
"1833 Rana"	"Småhus"	"2011K4"	17181	10
"1833 Rana"	"Småhus"	"2012K1"	..	5
"1833 Rana"	"Småhus"	"2012K2"	16392	11
"1833 Rana"	"Småhus"	"2012K3"	..	7
"1833 Rana"	"Småhus"	"2012K4"	18492	16
"1833 Rana"	"Småhus"	"2013K1"	..	4
"1833 Rana"	"Småhus"	"2013K2"	19538	14
"1833 Rana"	"Småhus"	"2013K3"	21931	12
"1833 Rana"	"Småhus"	"2013K4"	..	9
"1833 Rana"	"Småhus"	"2014K1"	..	9
"1833 Rana"	"Småhus"	"2014K2"	20539	11
"1833 Rana"	"Småhus"	"2014K3"	18574	13
"1833 Rana"	"Småhus"	"2014K4"	..	9
"1833 Rana"	"Småhus"	"2015K1"	..	3
"1833 Rana"	"Småhus"	"2015K2"	21170	12
"1833 Rana"	"Småhus"	"2015K3"	..	6
"1833 Rana"	"Småhus"	"2015K4"	..	8
"1833 Rana"	"Småhus"	"2016K1"	..	8
"1833 Rana"	"Småhus"	"2016K2"	21192	12
"1833 Rana"	"Småhus"	"2016K3"	25340	13
"1833 Rana"	"Småhus"	"2016K4"	18802	13
"1833 Rana"	"Småhus"	"2017K1"	..	7
"1833 Rana"	"Småhus"	"2017K2"	21894	11
"1833 Rana"	"Småhus"	"2017K3"	..	6
"1833 Rana"	"Småhus"	"2017K4"	..	8
"1833 Rana"	"Småhus"	"2018K1"	..	6
"1833 Rana"	"Småhus"	"2018K2"	25107	16
"1833 Rana"	"Småhus"	"2018K3"	..	9
"1833 Rana"	"Småhus"	"2018K4"	..	4
"1833 Rana"	"Småhus"	"2019K1"	22192	12
"1833 Rana"	"Småhus"	"2019K2"	21693	15
"1833 Rana"	"Småhus"	"2019K3"	24290	16
"1833 Rana"	"Småhus"	"2019K4"	..	7
"1833 Rana"	"Småhus"	"2020K1"	..	7
"1833 Rana"	"Småhus"	"2020K2"	..	9
"1833 Rana"	"Småhus"	"2020K3"	23617	14
"1833 Rana"	"Småhus"	"2020K4"	21715	15
"1833 Rana"	"Småhus"	"2021K1"	24391	13
"1833 Rana"	"Småhus"	"2021K2"	27819	11
"1833 Rana"	"Småhus"	"2021K3"	28775	14
"1833 Rana"	"Småhus"	"2021K4"	30899	11
"1833 Rana"	"Småhus"	"2022K1"	..	6
"1833 Rana"	"Småhus"	"2022K2"	32158	13
"1833 Rana"	"Småhus"	"2022K3"	29188	12
"1833 Rana"	"Småhus"	"2022K4"	25485	10
"1833 Rana"	"Småhus"	"2023K1"	25272	10
"1833 Rana"	"Småhus"	"2023K2"	..	7
"1833 Rana"	"Småhus"	"2023K3"	..	4
"1833 Rana"	"Blokkleiligheter"	"2006K1"	..	7
"1833 Rana"	"Blokkleiligheter"	"2006K2"	..	9
"1833 Rana"	"Blokkleiligheter"	"2006K3"	..	3
"1833 Rana"	"Blokkleiligheter"	"2006K4"	..	5
"1833 Rana"	"Blokkleiligheter"	"2007K1"	..	5
"1833 Rana"	"Blokkleiligheter"	"2007K2"	..	3
"1833 Rana"	"Blokkleiligheter"	"2007K3"	17655	11
"1833 Rana"	"Blokkleiligheter"	"2007K4"	..	6
"1833 Rana"	"Blokkleiligheter"	"2008K1"	..	7
"1833 Rana"	"Blokkleiligheter"	"2008K2"	..	3
"1833 Rana"	"Blokkleiligheter"	"2008K3"	..	7
"1833 Rana"	"Blokkleiligheter"	"2008K4"	..	3
"1833 Rana"	"Blokkleiligheter"	"2009K1"	..	5
"1833 Rana"	"Blokkleiligheter"	"2009K2"	17999	15
"1833 Rana"	"Blokkleiligheter"	"2009K3"	17861	13
"1833 Rana"	"Blokkleiligheter"	"2009K4"	..	5
"1833 Rana"	"Blokkleiligheter"	"2010K1"	..	7
"1833 Rana"	"Blokkleiligheter"	"2010K2"	..	6
"1833 Rana"	"Blokkleiligheter"	"2010K3"	..	7
"1833 Rana"	"Blokkleiligheter"	"2010K4"	..	6
"1833 Rana"	"Blokkleiligheter"	"2011K1"	..	8
"1833 Rana"	"Blokkleiligheter"	"2011K2"	..	8
"1833 Rana"	"Blokkleiligheter"	"2011K3"	26526	10
"1833 Rana"	"Blokkleiligheter"	"2011K4"	..	9
"1833 Rana"	"Blokkleiligheter"	"2012K1"	..	5
"1833 Rana"	"Blokkleiligheter"	"2012K2"	..	8
"1833 Rana"	"Blokkleiligheter"	"2012K3"	..	7
"1833 Rana"	"Blokkleiligheter"	"2012K4"	..	7
"1833 Rana"	"Blokkleiligheter"	"2013K1"	22641	10
"1833 Rana"	"Blokkleiligheter"	"2013K2"	25731	13
"1833 Rana"	"Blokkleiligheter"	"2013K3"	..	7
"1833 Rana"	"Blokkleiligheter"	"2013K4"	..	2
"1833 Rana"	"Blokkleiligheter"	"2014K1"	..	6
"1833 Rana"	"Blokkleiligheter"	"2014K2"	..	9
"1833 Rana"	"Blokkleiligheter"	"2014K3"	27203	9
"1833 Rana"	"Blokkleiligheter"	"2014K4"	..	4
"1833 Rana"	"Blokkleiligheter"	"2015K1"	..	7
"1833 Rana"	"Blokkleiligheter"	"2015K2"	..	9
"1833 Rana"	"Blokkleiligheter"	"2015K3"	..	7
"1833 Rana"	"Blokkleiligheter"	"2015K4"	..	7
"1833 Rana"	"Blokkleiligheter"	"2016K1"	..	6
"1833 Rana"	"Blokkleiligheter"	"2016K2"	31532	11
"1833 Rana"	"Blokkleiligheter"	"2016K3"	..	4
"1833 Rana"	"Blokkleiligheter"	"2016K4"	..	7
"1833 Rana"	"Blokkleiligheter"	"2017K1"	..	8
"1833 Rana"	"Blokkleiligheter"	"2017K2"	28545	12
"1833 Rana"	"Blokkleiligheter"	"2017K3"	31924	11
"1833 Rana"	"Blokkleiligheter"	"2017K4"	..	8
"1833 Rana"	"Blokkleiligheter"	"2018K1"	..	6
"1833 Rana"	"Blokkleiligheter"	"2018K2"	..	8
"1833 Rana"	"Blokkleiligheter"	"2018K3"	31730	11
"1833 Rana"	"Blokkleiligheter"	"2018K4"	..	6
"1833 Rana"	"Blokkleiligheter"	"2019K1"	..	6
"1833 Rana"	"Blokkleiligheter"	"2019K2"	..	8
"1833 Rana"	"Blokkleiligheter"	"2019K3"	..	6
"1833 Rana"	"Blokkleiligheter"	"2019K4"	..	6
"1833 Rana"	"Blokkleiligheter"	"2020K1"	..	8
"1833 Rana"	"Blokkleiligheter"	"2020K2"	33543	10
"1833 Rana"	"Blokkleiligheter"	"2020K3"	..	4
"1833 Rana"	"Blokkleiligheter"	"2020K4"	..	4
"1833 Rana"	"Blokkleiligheter"	"2021K1"	..	8
"1833 Rana"	"Blokkleiligheter"	"2021K2"	..	6
"1833 Rana"	"Blokkleiligheter"	"2021K3"	..	9
"1833 Rana"	"Blokkleiligheter"	"2021K4"	..	6
"1833 Rana"	"Blokkleiligheter"	"2022K1"	..	4
"1833 Rana"	"Blokkleiligheter"	"2022K2"	..	6
"1833 Rana"	"Blokkleiligheter"	"2022K3"	..	7
"1833 Rana"	"Blokkleiligheter"	"2022K4"	..	3
"1833 Rana"	"Blokkleiligheter"	"2023K1"	..	4
"1833 Rana"	"Blokkleiligheter"	"2023K2"	..	7
"1833 Rana"	"Blokkleiligheter"	"2023K3"	..	2
"5401 Tromsø"	"Eneboliger"	"2006K1"	.	.
"5401 Tromsø"	"Eneboliger"	"2006K2"	.	.
"5401 Tromsø"	"Eneboliger"	"2006K3"	.	.
"5401 Tromsø"	"Eneboliger"	"2006K4"	.	.
"5401 Tromsø"	"Eneboliger"	"2007K1"	.	.
"5401 Tromsø"	"Eneboliger"	"2007K2"	.	.
"5401 Tromsø"	"Eneboliger"	"2007K3"	.	.
"5401 Tromsø"	"Eneboliger"	"2007K4"	.	.
"5401 Tromsø"	"Eneboliger"	"2008K1"	.	.
"5401 Tromsø"	"Eneboliger"	"2008K2"	.	.
"5401 Tromsø"	"Eneboliger"	"2008K3"	.	.
"5401 Tromsø"	"Eneboliger"	"2008K4"	.	.
"5401 Tromsø"	"Eneboliger"	"2009K1"	.	.
"5401 Tromsø"	"Eneboliger"	"2009K2"	.	.
"5401 Tromsø"	"Eneboliger"	"2009K3"	.	.
"5401 Tromsø"	"Eneboliger"	"2009K4"	.	.
"5401 Tromsø"	"Eneboliger"	"2010K1"	.	.
"5401 Tromsø"	"Eneboliger"	"2010K2"	.	.
"5401 Tromsø"	"Eneboliger"	"2010K3"	.	.
"5401 Tromsø"	"Eneboliger"	"2010K4"	.	.
"5401 Tromsø"	"Eneboliger"	"2011K1"	.	.
"5401 Tromsø"	"Eneboliger"	"2011K2"	.	.
"5401 Tromsø"	"Eneboliger"	"2011K3"	.	.
"5401 Tromsø"	"Eneboliger"	"2011K4"	.	.
"5401 Tromsø"	"Eneboliger"	"2012K1"	.	.
"5401 Tromsø"	"Eneboliger"	"2012K2"	.	.
"5401 Tromsø"	"Eneboliger"	"2012K3"	.	.
"5401 Tromsø"	"Eneboliger"	"2012K4"	.	.
"5401 Tromsø"	"Eneboliger"	"2013K1"	.	.
"5401 Tromsø"	"Eneboliger"	"2013K2"	.	.
"5401 Tromsø"	"Eneboliger"	"2013K3"	.	.
"5401 Tromsø"	"Eneboliger"	"2013K4"	.	.
"5401 Tromsø"	"Eneboliger"	"2014K1"	.	.
"5401 Tromsø"	"Eneboliger"	"2014K2"	.	.
"5401 Tromsø"	"Eneboliger"	"2014K3"	.	.
"5401 Tromsø"	"Eneboliger"	"2014K4"	.	.
"5401 Tromsø"	"Eneboliger"	"2015K1"	.	.
"5401 Tromsø"	"Eneboliger"	"2015K2"	.	.
"5401 Tromsø"	"Eneboliger"	"2015K3"	.	.
"5401 Tromsø"	"Eneboliger"	"2015K4"	.	.
"5401 Tromsø"	"Eneboliger"	"2016K1"	.	.
"5401 Tromsø"	"Eneboliger"	"2016K2"	.	.
"5401 Tromsø"	"Eneboliger"	"2016K3"	.	.
"5401 Tromsø"	"Eneboliger"	"2016K4"	.	.
"5401 Tromsø"	"Eneboliger"	"2017K1"	.	.
"5401 Tromsø"	"Eneboliger"	"2017K2"	.	.
"5401 Tromsø"	"Eneboliger"	"2017K3"	.	.
"5401 Tromsø"	"Eneboliger"	"2017K4"	.	.
"5401 Tromsø"	"Eneboliger"	"2018K1"	.	.
"5401 Tromsø"	"Eneboliger"	"2018K2"	.	.
"5401 Tromsø"	"Eneboliger"	"2018K3"	.	.
"5401 Tromsø"	"Eneboliger"	"2018K4"	.	.
"5401 Tromsø"	"Eneboliger"	"2019K1"	.	.
"5401 Tromsø"	"Eneboliger"	"2019K2"	.	.
"5401 Tromsø"	"Eneboliger"	"2019K3"	.	.
"5401 Tromsø"	"Eneboliger"	"2019K4"	.	.
"5401 Tromsø"	"Eneboliger"	"2020K1"	33556	54
"5401 Tromsø"	"Eneboliger"	"2020K2"	37430	101
"5401 Tromsø"	"Eneboliger"	"2020K3"	37195	125
"5401 Tromsø"	"Eneboliger"	"2020K4"	34699	83
"5401 Tromsø"	"Eneboliger"	"2021K1"	36571	83
"5401 Tromsø"	"Eneboliger"	"2021K2"	38839	107
"5401 Tromsø"	"Eneboliger"	"2021K3"	39156	93
"5401 Tromsø"	"Eneboliger"	"2021K4"	38449	84
"5401 Tromsø"	"Eneboliger"	"2022K1"	43546	40
"5401 Tromsø"	"Eneboliger"	"2022K2"	38796	101
"5401 Tromsø"	"Eneboliger"	"2022K3"	39935	77
"5401 Tromsø"	"Eneboliger"	"2022K4"	38858	47
"5401 Tromsø"	"Eneboliger"	"2023K1"	39134	62
"5401 Tromsø"	"Eneboliger"	"2023K2"	40507	71
"5401 Tromsø"	"Eneboliger"	"2023K3"	38111	74
"5401 Tromsø"	"Småhus"	"2006K1"	.	.
"5401 Tromsø"	"Småhus"	"2006K2"	.	.
"5401 Tromsø"	"Småhus"	"2006K3"	.	.
"5401 Tromsø"	"Småhus"	"2006K4"	.	.
"5401 Tromsø"	"Småhus"	"2007K1"	.	.
"5401 Tromsø"	"Småhus"	"2007K2"	.	.
"5401 Tromsø"	"Småhus"	"2007K3"	.	.
"5401 Tromsø"	"Småhus"	"2007K4"	.	.
"5401 Tromsø"	"Småhus"	"2008K1"	.	.
"5401 Tromsø"	"Småhus"	"2008K2"	.	.
"5401 Tromsø"	"Småhus"	"2008K3"	.	.
"5401 Tromsø"	"Småhus"	"2008K4"	.	.
"5401 Tromsø"	"Småhus"	"2009K1"	.	.
"5401 Tromsø"	"Småhus"	"2009K2"	.	.
"5401 Tromsø"	"Småhus"	"2009K3"	.	.
"5401 Tromsø"	"Småhus"	"2009K4"	.	.
"5401 Tromsø"	"Småhus"	"2010K1"	.	.
"5401 Tromsø"	"Småhus"	"2010K2"	.	.
"5401 Tromsø"	"Småhus"	"2010K3"	.	.
"5401 Tromsø"	"Småhus"	"2010K4"	.	.
"5401 Tromsø"	"Småhus"	"2011K1"	.	.
"5401 Tromsø"	"Småhus"	"2011K2"	.	.
"5401 Tromsø"	"Småhus"	"2011K3"	.	.
"5401 Tromsø"	"Småhus"	"2011K4"	.	.
"5401 Tromsø"	"Småhus"	"2012K1"	.	.
"5401 Tromsø"	"Småhus"	"2012K2"	.	.
"5401 Tromsø"	"Småhus"	"2012K3"	.	.
"5401 Tromsø"	"Småhus"	"2012K4"	.	.
"5401 Tromsø"	"Småhus"	"2013K1"	.	.
"5401 Tromsø"	"Småhus"	"2013K2"	.	.
"5401 Tromsø"	"Småhus"	"2013K3"	.	.
"5401 Tromsø"	"Småhus"	"2013K4"	.	.
"5401 Tromsø"	"Småhus"	"2014K1"	.	.
"5401 Tromsø"	"Småhus"	"2014K2"	.	.
"5401 Tromsø"	"Småhus"	"2014K3"	.	.
"5401 Tromsø"	"Småhus"	"2014K4"	.	.
"5401 Tromsø"	"Småhus"	"2015K1"	.	.
"5401 Tromsø"	"Småhus"	"2015K2"	.	.
"5401 Tromsø"	"Småhus"	"2015K3"	.	.
"5401 Tromsø"	"Småhus"	"2015K4"	.	.
"5401 Tromsø"	"Småhus"	"2016K1"	.	.
"5401 Tromsø"	"Småhus"	"2016K2"	.	.
"5401 Tromsø"	"Småhus"	"2016K3"	.	.
"5401 Tromsø"	"Småhus"	"2016K4"	.	.
"5401 Tromsø"	"Småhus"	"2017K1"	.	.
"5401 Tromsø"	"Småhus"	"2017K2"	.	.
"5401 Tromsø"	"Småhus"	"2017K3"	.	.
"5401 Tromsø"	"Småhus"	"2017K4"	.	.
"5401 Tromsø"	"Småhus"	"2018K1"	.	.
"5401 Tromsø"	"Småhus"	"2018K2"	.	.
"5401 Tromsø"	"Småhus"	"2018K3"	.	.
"5401 Tromsø"	"Småhus"	"2018K4"	.	.
"5401 Tromsø"	"Småhus"	"2019K1"	.	.
"5401 Tromsø"	"Småhus"	"2019K2"	.	.
"5401 Tromsø"	"Småhus"	"2019K3"	.	.
"5401 Tromsø"	"Småhus"	"2019K4"	.	.
"5401 Tromsø"	"Småhus"	"2020K1"	42515	38
"5401 Tromsø"	"Småhus"	"2020K2"	43636	40
"5401 Tromsø"	"Småhus"	"2020K3"	44591	54
"5401 Tromsø"	"Småhus"	"2020K4"	44073	43
"5401 Tromsø"	"Småhus"	"2021K1"	43969	39
"5401 Tromsø"	"Småhus"	"2021K2"	45800	62
"5401 Tromsø"	"Småhus"	"2021K3"	46259	51
"5401 Tromsø"	"Småhus"	"2021K4"	44322	37
"5401 Tromsø"	"Småhus"	"2022K1"	46788	47
"5401 Tromsø"	"Småhus"	"2022K2"	48184	49
"5401 Tromsø"	"Småhus"	"2022K3"	47983	43
"5401 Tromsø"	"Småhus"	"2022K4"	47474	35
"5401 Tromsø"	"Småhus"	"2023K1"	45872	33
"5401 Tromsø"	"Småhus"	"2023K2"	46394	50
"5401 Tromsø"	"Småhus"	"2023K3"	47438	26
"5401 Tromsø"	"Blokkleiligheter"	"2006K1"	.	.
"5401 Tromsø"	"Blokkleiligheter"	"2006K2"	.	.
"5401 Tromsø"	"Blokkleiligheter"	"2006K3"	.	.
"5401 Tromsø"	"Blokkleiligheter"	"2006K4"	.	.
"5401 Tromsø"	"Blokkleiligheter"	"2007K1"	.	.
"5401 Tromsø"	"Blokkleiligheter"	"2007K2"	.	.
"5401 Tromsø"	"Blokkleiligheter"	"2007K3"	.	.
"5401 Tromsø"	"Blokkleiligheter"	"2007K4"	.	.
"5401 Tromsø"	"Blokkleiligheter"	"2008K1"	.	.
"5401 Tromsø"	"Blokkleiligheter"	"2008K2"	.	.
"5401 Tromsø"	"Blokkleiligheter"	"2008K3"	.	.
"5401 Tromsø"	"Blokkleiligheter"	"2008K4"	.	.
"5401 Tromsø"	"Blokkleiligheter"	"2009K1"	.	.
"5401 Tromsø"	"Blokkleiligheter"	"2009K2"	.	.
"5401 Tromsø"	"Blokkleiligheter"	"2009K3"	.	.
"5401 Tromsø"	"Blokkleiligheter"	"2009K4"	.	.
"5401 Tromsø"	"Blokkleiligheter"	"2010K1"	.	.
"5401 Tromsø"	"Blokkleiligheter"	"2010K2"	.	.
"5401 Tromsø"	"Blokkleiligheter"	"2010K3"	.	.
"5401 Tromsø"	"Blokkleiligheter"	"2010K4"	.	.
"5401 Tromsø"	"Blokkleiligheter"	"2011K1"	.	.
"5401 Tromsø"	"Blokkleiligheter"	"2011K2"	.	.
"5401 Tromsø"	"Blokkleiligheter"	"2011K3"	.	.
"5401 Tromsø"	"Blokkleiligheter"	"2011K4"	.	.
"5401 Tromsø"	"Blokkleiligheter"	"2012K1"	.	.
"5401 Tromsø"	"Blokkleiligheter"	"2012K2"	.	.
"5401 Tromsø"	"Blokkleiligheter"	"2012K3"	.	.
"5401 Tromsø"	"Blokkleiligheter"	"2012K4"	.	.
"5401 Tromsø"	"Blokkleiligheter"	"2013K1"	.	.
"5401 Tromsø"	"Blokkleiligheter"	"2013K2"	.	.
"5401 Tromsø"	"Blokkleiligheter"	"2013K3"	.	.
"5401 Tromsø"	"Blokkleiligheter"	"2013K4"	.	.
"5401 Tromsø"	"Blokkleiligheter"	"2014K1"	.	.
"5401 Tromsø"	"Blokkleiligheter"	"2014K2"	.	.
"5401 Tromsø"	"Blokkleiligheter"	"2014K3"	.	.
"5401 Tromsø"	"Blokkleiligheter"	"2014K4"	.	.
"5401 Tromsø"	"Blokkleiligheter"	"2015K1"	.	.
"5401 Tromsø"	"Blokkleiligheter"	"2015K2"	.	.
"5401 Tromsø"	"Blokkleiligheter"	"2015K3"	.	.
"5401 Tromsø"	"Blokkleiligheter"	"2015K4"	.	.
"5401 Tromsø"	"Blokkleiligheter"	"2016K1"	.	.
"5401 Tromsø"	"Blokkleiligheter"	"2016K2"	.	.
"5401 Tromsø"	"Blokkleiligheter"	"2016K3"	.	.
"5401 Tromsø"	"Blokkleiligheter"	"2016K4"	.	.
"5401 Tromsø"	"Blokkleiligheter"	"2017K1"	.	.
"5401 Tromsø"	"Blokkleiligheter"	"2017K2"	.	.
"5401 Tromsø"	"Blokkleiligheter"	"2017K3"	.	.
"5401 Tromsø"	"Blokkleiligheter"	"2017K4"	.	.
"5401 Tromsø"	"Blokkleiligheter"	"2018K1"	.	.
"5401 Tromsø"	"Blokkleiligheter"	"2018K2"	.	.
"5401 Tromsø"	"Blokkleiligheter"	"2018K3"	.	.
"5401 Tromsø"	"Blokkleiligheter"	"2018K4"	.	.
"5401 Tromsø"	"Blokkleiligheter"	"2019K1"	.	.
"5401 Tromsø"	"Blokkleiligheter"	"2019K2"	.	.
"5401 Tromsø"	"Blokkleiligheter"	"2019K3"	.	.
"5401 Tromsø"	"Blokkleiligheter"	"2019K4"	.	.
"5401 Tromsø"	"Blokkleiligheter"	"2020K1"	58336	105
"5401 Tromsø"	"Blokkleiligheter"	"2020K2"	57083	160
"5401 Tromsø"	"Blokkleiligheter"	"2020K3"	57927	212
"5401 Tromsø"	"Blokkleiligheter"	"2020K4"	57322	142
"5401 Tromsø"	"Blokkleiligheter"	"2021K1"	60168	143
"5401 Tromsø"	"Blokkleiligheter"	"2021K2"	61220	204
"5401 Tromsø"	"Blokkleiligheter"	"2021K3"	62353	194
"5401 Tromsø"	"Blokkleiligheter"	"2021K4"	61372	113
"5401 Tromsø"	"Blokkleiligheter"	"2022K1"	64053	127
"5401 Tromsø"	"Blokkleiligheter"	"2022K2"	67734	165
"5401 Tromsø"	"Blokkleiligheter"	"2022K3"	66123	176
"5401 Tromsø"	"Blokkleiligheter"	"2022K4"	63161	97
"5401 Tromsø"	"Blokkleiligheter"	"2023K1"	63459	135
"5401 Tromsø"	"Blokkleiligheter"	"2023K2"	65580	160
"5401 Tromsø"	"Blokkleiligheter"	"2023K3"	63976	135
"5402 Harstad"	"Eneboliger"	"2006K1"	.	.
"5402 Harstad"	"Eneboliger"	"2006K2"	.	.
"5402 Harstad"	"Eneboliger"	"2006K3"	.	.
"5402 Harstad"	"Eneboliger"	"2006K4"	.	.
"5402 Harstad"	"Eneboliger"	"2007K1"	.	.
"5402 Harstad"	"Eneboliger"	"2007K2"	.	.
"5402 Harstad"	"Eneboliger"	"2007K3"	.	.
"5402 Harstad"	"Eneboliger"	"2007K4"	.	.
"5402 Harstad"	"Eneboliger"	"2008K1"	.	.
"5402 Harstad"	"Eneboliger"	"2008K2"	.	.
"5402 Harstad"	"Eneboliger"	"2008K3"	.	.
"5402 Harstad"	"Eneboliger"	"2008K4"	.	.
"5402 Harstad"	"Eneboliger"	"2009K1"	.	.
"5402 Harstad"	"Eneboliger"	"2009K2"	.	.
"5402 Harstad"	"Eneboliger"	"2009K3"	.	.
"5402 Harstad"	"Eneboliger"	"2009K4"	.	.
"5402 Harstad"	"Eneboliger"	"2010K1"	.	.
"5402 Harstad"	"Eneboliger"	"2010K2"	.	.
"5402 Harstad"	"Eneboliger"	"2010K3"	.	.
"5402 Harstad"	"Eneboliger"	"2010K4"	.	.
"5402 Harstad"	"Eneboliger"	"2011K1"	.	.
"5402 Harstad"	"Eneboliger"	"2011K2"	.	.
"5402 Harstad"	"Eneboliger"	"2011K3"	.	.
"5402 Harstad"	"Eneboliger"	"2011K4"	.	.
"5402 Harstad"	"Eneboliger"	"2012K1"	.	.
"5402 Harstad"	"Eneboliger"	"2012K2"	.	.
"5402 Harstad"	"Eneboliger"	"2012K3"	.	.
"5402 Harstad"	"Eneboliger"	"2012K4"	.	.
"5402 Harstad"	"Eneboliger"	"2013K1"	.	.
"5402 Harstad"	"Eneboliger"	"2013K2"	.	.
"5402 Harstad"	"Eneboliger"	"2013K3"	.	.
"5402 Harstad"	"Eneboliger"	"2013K4"	.	.
"5402 Harstad"	"Eneboliger"	"2014K1"	.	.
"5402 Harstad"	"Eneboliger"	"2014K2"	.	.
"5402 Harstad"	"Eneboliger"	"2014K3"	.	.
"5402 Harstad"	"Eneboliger"	"2014K4"	.	.
"5402 Harstad"	"Eneboliger"	"2015K1"	.	.
"5402 Harstad"	"Eneboliger"	"2015K2"	.	.
"5402 Harstad"	"Eneboliger"	"2015K3"	.	.
"5402 Harstad"	"Eneboliger"	"2015K4"	.	.
"5402 Harstad"	"Eneboliger"	"2016K1"	.	.
"5402 Harstad"	"Eneboliger"	"2016K2"	.	.
"5402 Harstad"	"Eneboliger"	"2016K3"	.	.
"5402 Harstad"	"Eneboliger"	"2016K4"	.	.
"5402 Harstad"	"Eneboliger"	"2017K1"	.	.
"5402 Harstad"	"Eneboliger"	"2017K2"	.	.
"5402 Harstad"	"Eneboliger"	"2017K3"	.	.
"5402 Harstad"	"Eneboliger"	"2017K4"	.	.
"5402 Harstad"	"Eneboliger"	"2018K1"	.	.
"5402 Harstad"	"Eneboliger"	"2018K2"	.	.
"5402 Harstad"	"Eneboliger"	"2018K3"	.	.
"5402 Harstad"	"Eneboliger"	"2018K4"	.	.
"5402 Harstad"	"Eneboliger"	"2019K1"	.	.
"5402 Harstad"	"Eneboliger"	"2019K2"	.	.
"5402 Harstad"	"Eneboliger"	"2019K3"	.	.
"5402 Harstad"	"Eneboliger"	"2019K4"	.	.
"5402 Harstad"	"Eneboliger"	"2020K1"	22158	40
"5402 Harstad"	"Eneboliger"	"2020K2"	22895	47
"5402 Harstad"	"Eneboliger"	"2020K3"	21120	58
"5402 Harstad"	"Eneboliger"	"2020K4"	20065	41
"5402 Harstad"	"Eneboliger"	"2021K1"	22946	42
"5402 Harstad"	"Eneboliger"	"2021K2"	22279	67
"5402 Harstad"	"Eneboliger"	"2021K3"	23097	41
"5402 Harstad"	"Eneboliger"	"2021K4"	21502	37
"5402 Harstad"	"Eneboliger"	"2022K1"	25468	29
"5402 Harstad"	"Eneboliger"	"2022K2"	25550	58
"5402 Harstad"	"Eneboliger"	"2022K3"	24030	58
"5402 Harstad"	"Eneboliger"	"2022K4"	24665	37
"5402 Harstad"	"Eneboliger"	"2023K1"	26012	26
"5402 Harstad"	"Eneboliger"	"2023K2"	24578	60
"5402 Harstad"	"Eneboliger"	"2023K3"	23580	43
"5402 Harstad"	"Småhus"	"2006K1"	.	.
"5402 Harstad"	"Småhus"	"2006K2"	.	.
"5402 Harstad"	"Småhus"	"2006K3"	.	.
"5402 Harstad"	"Småhus"	"2006K4"	.	.
"5402 Harstad"	"Småhus"	"2007K1"	.	.
"5402 Harstad"	"Småhus"	"2007K2"	.	.
"5402 Harstad"	"Småhus"	"2007K3"	.	.
"5402 Harstad"	"Småhus"	"2007K4"	.	.
"5402 Harstad"	"Småhus"	"2008K1"	.	.
"5402 Harstad"	"Småhus"	"2008K2"	.	.
"5402 Harstad"	"Småhus"	"2008K3"	.	.
"5402 Harstad"	"Småhus"	"2008K4"	.	.
"5402 Harstad"	"Småhus"	"2009K1"	.	.
"5402 Harstad"	"Småhus"	"2009K2"	.	.
"5402 Harstad"	"Småhus"	"2009K3"	.	.
"5402 Harstad"	"Småhus"	"2009K4"	.	.
"5402 Harstad"	"Småhus"	"2010K1"	.	.
"5402 Harstad"	"Småhus"	"2010K2"	.	.
"5402 Harstad"	"Småhus"	"2010K3"	.	.
"5402 Harstad"	"Småhus"	"2010K4"	.	.
"5402 Harstad"	"Småhus"	"2011K1"	.	.
"5402 Harstad"	"Småhus"	"2011K2"	.	.
"5402 Harstad"	"Småhus"	"2011K3"	.	.
"5402 Harstad"	"Småhus"	"2011K4"	.	.
"5402 Harstad"	"Småhus"	"2012K1"	.	.
"5402 Harstad"	"Småhus"	"2012K2"	.	.
"5402 Harstad"	"Småhus"	"2012K3"	.	.
"5402 Harstad"	"Småhus"	"2012K4"	.	.
"5402 Harstad"	"Småhus"	"2013K1"	.	.
"5402 Harstad"	"Småhus"	"2013K2"	.	.
"5402 Harstad"	"Småhus"	"2013K3"	.	.
"5402 Harstad"	"Småhus"	"2013K4"	.	.
"5402 Harstad"	"Småhus"	"2014K1"	.	.
"5402 Harstad"	"Småhus"	"2014K2"	.	.
"5402 Harstad"	"Småhus"	"2014K3"	.	.
"5402 Harstad"	"Småhus"	"2014K4"	.	.
"5402 Harstad"	"Småhus"	"2015K1"	.	.
"5402 Harstad"	"Småhus"	"2015K2"	.	.
"5402 Harstad"	"Småhus"	"2015K3"	.	.
"5402 Harstad"	"Småhus"	"2015K4"	.	.
"5402 Harstad"	"Småhus"	"2016K1"	.	.
"5402 Harstad"	"Småhus"	"2016K2"	.	.
"5402 Harstad"	"Småhus"	"2016K3"	.	.
"5402 Harstad"	"Småhus"	"2016K4"	.	.
"5402 Harstad"	"Småhus"	"2017K1"	.	.
"5402 Harstad"	"Småhus"	"2017K2"	.	.
"5402 Harstad"	"Småhus"	"2017K3"	.	.
"5402 Harstad"	"Småhus"	"2017K4"	.	.
"5402 Harstad"	"Småhus"	"2018K1"	.	.
"5402 Harstad"	"Småhus"	"2018K2"	.	.
"5402 Harstad"	"Småhus"	"2018K3"	.	.
"5402 Harstad"	"Småhus"	"2018K4"	.	.
"5402 Harstad"	"Småhus"	"2019K1"	.	.
"5402 Harstad"	"Småhus"	"2019K2"	.	.
"5402 Harstad"	"Småhus"	"2019K3"	.	.
"5402 Harstad"	"Småhus"	"2019K4"	.	.
"5402 Harstad"	"Småhus"	"2020K1"	20574	11
"5402 Harstad"	"Småhus"	"2020K2"	24680	12
"5402 Harstad"	"Småhus"	"2020K3"	..	9
"5402 Harstad"	"Småhus"	"2020K4"	19059	13
"5402 Harstad"	"Småhus"	"2021K1"	22867	11
"5402 Harstad"	"Småhus"	"2021K2"	..	7
"5402 Harstad"	"Småhus"	"2021K3"	27422	16
"5402 Harstad"	"Småhus"	"2021K4"	..	9
"5402 Harstad"	"Småhus"	"2022K1"	27580	10
"5402 Harstad"	"Småhus"	"2022K2"	..	8
"5402 Harstad"	"Småhus"	"2022K3"	25359	12
"5402 Harstad"	"Småhus"	"2022K4"	23588	10
"5402 Harstad"	"Småhus"	"2023K1"	..	6
"5402 Harstad"	"Småhus"	"2023K2"	28080	13
"5402 Harstad"	"Småhus"	"2023K3"	..	8
"5402 Harstad"	"Blokkleiligheter"	"2006K1"	.	.
"5402 Harstad"	"Blokkleiligheter"	"2006K2"	.	.
"5402 Harstad"	"Blokkleiligheter"	"2006K3"	.	.
"5402 Harstad"	"Blokkleiligheter"	"2006K4"	.	.
"5402 Harstad"	"Blokkleiligheter"	"2007K1"	.	.
"5402 Harstad"	"Blokkleiligheter"	"2007K2"	.	.
"5402 Harstad"	"Blokkleiligheter"	"2007K3"	.	.
"5402 Harstad"	"Blokkleiligheter"	"2007K4"	.	.
"5402 Harstad"	"Blokkleiligheter"	"2008K1"	.	.
"5402 Harstad"	"Blokkleiligheter"	"2008K2"	.	.
"5402 Harstad"	"Blokkleiligheter"	"2008K3"	.	.
"5402 Harstad"	"Blokkleiligheter"	"2008K4"	.	.
"5402 Harstad"	"Blokkleiligheter"	"2009K1"	.	.
"5402 Harstad"	"Blokkleiligheter"	"2009K2"	.	.
"5402 Harstad"	"Blokkleiligheter"	"2009K3"	.	.
"5402 Harstad"	"Blokkleiligheter"	"2009K4"	.	.
"5402 Harstad"	"Blokkleiligheter"	"2010K1"	.	.
"5402 Harstad"	"Blokkleiligheter"	"2010K2"	.	.
"5402 Harstad"	"Blokkleiligheter"	"2010K3"	.	.
"5402 Harstad"	"Blokkleiligheter"	"2010K4"	.	.
"5402 Harstad"	"Blokkleiligheter"	"2011K1"	.	.
"5402 Harstad"	"Blokkleiligheter"	"2011K2"	.	.
"5402 Harstad"	"Blokkleiligheter"	"2011K3"	.	.
"5402 Harstad"	"Blokkleiligheter"	"2011K4"	.	.
"5402 Harstad"	"Blokkleiligheter"	"2012K1"	.	.
"5402 Harstad"	"Blokkleiligheter"	"2012K2"	.	.
"5402 Harstad"	"Blokkleiligheter"	"2012K3"	.	.
"5402 Harstad"	"Blokkleiligheter"	"2012K4"	.	.
"5402 Harstad"	"Blokkleiligheter"	"2013K1"	.	.
"5402 Harstad"	"Blokkleiligheter"	"2013K2"	.	.
"5402 Harstad"	"Blokkleiligheter"	"2013K3"	.	.
"5402 Harstad"	"Blokkleiligheter"	"2013K4"	.	.
"5402 Harstad"	"Blokkleiligheter"	"2014K1"	.	.
"5402 Harstad"	"Blokkleiligheter"	"2014K2"	.	.
"5402 Harstad"	"Blokkleiligheter"	"2014K3"	.	.
"5402 Harstad"	"Blokkleiligheter"	"2014K4"	.	.
"5402 Harstad"	"Blokkleiligheter"	"2015K1"	.	.
"5402 Harstad"	"Blokkleiligheter"	"2015K2"	.	.
"5402 Harstad"	"Blokkleiligheter"	"2015K3"	.	.
"5402 Harstad"	"Blokkleiligheter"	"2015K4"	.	.
"5402 Harstad"	"Blokkleiligheter"	"2016K1"	.	.
"5402 Harstad"	"Blokkleiligheter"	"2016K2"	.	.
"5402 Harstad"	"Blokkleiligheter"	"2016K3"	.	.
"5402 Harstad"	"Blokkleiligheter"	"2016K4"	.	.
"5402 Harstad"	"Blokkleiligheter"	"2017K1"	.	.
"5402 Harstad"	"Blokkleiligheter"	"2017K2"	.	.
"5402 Harstad"	"Blokkleiligheter"	"2017K3"	.	.
"5402 Harstad"	"Blokkleiligheter"	"2017K4"	.	.
"5402 Harstad"	"Blokkleiligheter"	"2018K1"	.	.
"5402 Harstad"	"Blokkleiligheter"	"2018K2"	.	.
"5402 Harstad"	"Blokkleiligheter"	"2018K3"	.	.
"5402 Harstad"	"Blokkleiligheter"	"2018K4"	.	.
"5402 Harstad"	"Blokkleiligheter"	"2019K1"	.	.
"5402 Harstad"	"Blokkleiligheter"	"2019K2"	.	.
"5402 Harstad"	"Blokkleiligheter"	"2019K3"	.	.
"5402 Harstad"	"Blokkleiligheter"	"2019K4"	.	.
"5402 Harstad"	"Blokkleiligheter"	"2020K1"	31935	10
"5402 Harstad"	"Blokkleiligheter"	"2020K2"	34062	14
"5402 Harstad"	"Blokkleiligheter"	"2020K3"	31620	21
"5402 Harstad"	"Blokkleiligheter"	"2020K4"	31515	16
"5402 Harstad"	"Blokkleiligheter"	"2021K1"	31627	21
"5402 Harstad"	"Blokkleiligheter"	"2021K2"	38258	34
"5402 Harstad"	"Blokkleiligheter"	"2021K3"	38292	25
"5402 Harstad"	"Blokkleiligheter"	"2021K4"	35247	13
"5402 Harstad"	"Blokkleiligheter"	"2022K1"	37520	13
"5402 Harstad"	"Blokkleiligheter"	"2022K2"	39561	15
"5402 Harstad"	"Blokkleiligheter"	"2022K3"	36473	29
"5402 Harstad"	"Blokkleiligheter"	"2022K4"	..	8
"5402 Harstad"	"Blokkleiligheter"	"2023K1"	34162	23
"5402 Harstad"	"Blokkleiligheter"	"2023K2"	40907	16
"5402 Harstad"	"Blokkleiligheter"	"2023K3"	33727	10
"5403 Alta"	"Eneboliger"	"2006K1"	.	.
"5403 Alta"	"Eneboliger"	"2006K2"	.	.
"5403 Alta"	"Eneboliger"	"2006K3"	.	.
"5403 Alta"	"Eneboliger"	"2006K4"	.	.
"5403 Alta"	"Eneboliger"	"2007K1"	.	.
"5403 Alta"	"Eneboliger"	"2007K2"	.	.
"5403 Alta"	"Eneboliger"	"2007K3"	.	.
"5403 Alta"	"Eneboliger"	"2007K4"	.	.
"5403 Alta"	"Eneboliger"	"2008K1"	.	.
"5403 Alta"	"Eneboliger"	"2008K2"	.	.
"5403 Alta"	"Eneboliger"	"2008K3"	.	.
"5403 Alta"	"Eneboliger"	"2008K4"	.	.
"5403 Alta"	"Eneboliger"	"2009K1"	.	.
"5403 Alta"	"Eneboliger"	"2009K2"	.	.
"5403 Alta"	"Eneboliger"	"2009K3"	.	.
"5403 Alta"	"Eneboliger"	"2009K4"	.	.
"5403 Alta"	"Eneboliger"	"2010K1"	.	.
"5403 Alta"	"Eneboliger"	"2010K2"	.	.
"5403 Alta"	"Eneboliger"	"2010K3"	.	.
"5403 Alta"	"Eneboliger"	"2010K4"	.	.
"5403 Alta"	"Eneboliger"	"2011K1"	.	.
"5403 Alta"	"Eneboliger"	"2011K2"	.	.
"5403 Alta"	"Eneboliger"	"2011K3"	.	.
"5403 Alta"	"Eneboliger"	"2011K4"	.	.
"5403 Alta"	"Eneboliger"	"2012K1"	.	.
"5403 Alta"	"Eneboliger"	"2012K2"	.	.
"5403 Alta"	"Eneboliger"	"2012K3"	.	.
"5403 Alta"	"Eneboliger"	"2012K4"	.	.
"5403 Alta"	"Eneboliger"	"2013K1"	.	.
"5403 Alta"	"Eneboliger"	"2013K2"	.	.
"5403 Alta"	"Eneboliger"	"2013K3"	.	.
"5403 Alta"	"Eneboliger"	"2013K4"	.	.
"5403 Alta"	"Eneboliger"	"2014K1"	.	.
"5403 Alta"	"Eneboliger"	"2014K2"	.	.
"5403 Alta"	"Eneboliger"	"2014K3"	.	.
"5403 Alta"	"Eneboliger"	"2014K4"	.	.
"5403 Alta"	"Eneboliger"	"2015K1"	.	.
"5403 Alta"	"Eneboliger"	"2015K2"	.	.
"5403 Alta"	"Eneboliger"	"2015K3"	.	.
"5403 Alta"	"Eneboliger"	"2015K4"	.	.
"5403 Alta"	"Eneboliger"	"2016K1"	.	.
"5403 Alta"	"Eneboliger"	"2016K2"	.	.
"5403 Alta"	"Eneboliger"	"2016K3"	.	.
"5403 Alta"	"Eneboliger"	"2016K4"	.	.
"5403 Alta"	"Eneboliger"	"2017K1"	.	.
"5403 Alta"	"Eneboliger"	"2017K2"	.	.
"5403 Alta"	"Eneboliger"	"2017K3"	.	.
"5403 Alta"	"Eneboliger"	"2017K4"	.	.
"5403 Alta"	"Eneboliger"	"2018K1"	.	.
"5403 Alta"	"Eneboliger"	"2018K2"	.	.
"5403 Alta"	"Eneboliger"	"2018K3"	.	.
"5403 Alta"	"Eneboliger"	"2018K4"	.	.
"5403 Alta"	"Eneboliger"	"2019K1"	.	.
"5403 Alta"	"Eneboliger"	"2019K2"	.	.
"5403 Alta"	"Eneboliger"	"2019K3"	.	.
"5403 Alta"	"Eneboliger"	"2019K4"	.	.
"5403 Alta"	"Eneboliger"	"2020K1"	25832	22
"5403 Alta"	"Eneboliger"	"2020K2"	26943	39
"5403 Alta"	"Eneboliger"	"2020K3"	26111	35
"5403 Alta"	"Eneboliger"	"2020K4"	27758	33
"5403 Alta"	"Eneboliger"	"2021K1"	30056	22
"5403 Alta"	"Eneboliger"	"2021K2"	29517	35
"5403 Alta"	"Eneboliger"	"2021K3"	28873	33
"5403 Alta"	"Eneboliger"	"2021K4"	31065	29
"5403 Alta"	"Eneboliger"	"2022K1"	26810	23
"5403 Alta"	"Eneboliger"	"2022K2"	30253	37
"5403 Alta"	"Eneboliger"	"2022K3"	32706	33
"5403 Alta"	"Eneboliger"	"2022K4"	30307	17
"5403 Alta"	"Eneboliger"	"2023K1"	30127	28
"5403 Alta"	"Eneboliger"	"2023K2"	32764	37
"5403 Alta"	"Eneboliger"	"2023K3"	33775	28
"5403 Alta"	"Småhus"	"2006K1"	.	.
"5403 Alta"	"Småhus"	"2006K2"	.	.
"5403 Alta"	"Småhus"	"2006K3"	.	.
"5403 Alta"	"Småhus"	"2006K4"	.	.
"5403 Alta"	"Småhus"	"2007K1"	.	.
"5403 Alta"	"Småhus"	"2007K2"	.	.
"5403 Alta"	"Småhus"	"2007K3"	.	.
"5403 Alta"	"Småhus"	"2007K4"	.	.
"5403 Alta"	"Småhus"	"2008K1"	.	.
"5403 Alta"	"Småhus"	"2008K2"	.	.
"5403 Alta"	"Småhus"	"2008K3"	.	.
"5403 Alta"	"Småhus"	"2008K4"	.	.
"5403 Alta"	"Småhus"	"2009K1"	.	.
"5403 Alta"	"Småhus"	"2009K2"	.	.
"5403 Alta"	"Småhus"	"2009K3"	.	.
"5403 Alta"	"Småhus"	"2009K4"	.	.
"5403 Alta"	"Småhus"	"2010K1"	.	.
"5403 Alta"	"Småhus"	"2010K2"	.	.
"5403 Alta"	"Småhus"	"2010K3"	.	.
"5403 Alta"	"Småhus"	"2010K4"	.	.
"5403 Alta"	"Småhus"	"2011K1"	.	.
"5403 Alta"	"Småhus"	"2011K2"	.	.
"5403 Alta"	"Småhus"	"2011K3"	.	.
"5403 Alta"	"Småhus"	"2011K4"	.	.
"5403 Alta"	"Småhus"	"2012K1"	.	.
"5403 Alta"	"Småhus"	"2012K2"	.	.
"5403 Alta"	"Småhus"	"2012K3"	.	.
"5403 Alta"	"Småhus"	"2012K4"	.	.
"5403 Alta"	"Småhus"	"2013K1"	.	.
"5403 Alta"	"Småhus"	"2013K2"	.	.
"5403 Alta"	"Småhus"	"2013K3"	.	.
"5403 Alta"	"Småhus"	"2013K4"	.	.
"5403 Alta"	"Småhus"	"2014K1"	.	.
"5403 Alta"	"Småhus"	"2014K2"	.	.
"5403 Alta"	"Småhus"	"2014K3"	.	.
"5403 Alta"	"Småhus"	"2014K4"	.	.
"5403 Alta"	"Småhus"	"2015K1"	.	.
"5403 Alta"	"Småhus"	"2015K2"	.	.
"5403 Alta"	"Småhus"	"2015K3"	.	.
"5403 Alta"	"Småhus"	"2015K4"	.	.
"5403 Alta"	"Småhus"	"2016K1"	.	.
"5403 Alta"	"Småhus"	"2016K2"	.	.
"5403 Alta"	"Småhus"	"2016K3"	.	.
"5403 Alta"	"Småhus"	"2016K4"	.	.
"5403 Alta"	"Småhus"	"2017K1"	.	.
"5403 Alta"	"Småhus"	"2017K2"	.	.
"5403 Alta"	"Småhus"	"2017K3"	.	.
"5403 Alta"	"Småhus"	"2017K4"	.	.
"5403 Alta"	"Småhus"	"2018K1"	.	.
"5403 Alta"	"Småhus"	"2018K2"	.	.
"5403 Alta"	"Småhus"	"2018K3"	.	.
"5403 Alta"	"Småhus"	"2018K4"	.	.
"5403 Alta"	"Småhus"	"2019K1"	.	.
"5403 Alta"	"Småhus"	"2019K2"	.	.
"5403 Alta"	"Småhus"	"2019K3"	.	.
"5403 Alta"	"Småhus"	"2019K4"	.	.
"5403 Alta"	"Småhus"	"2020K1"	..	2
"5403 Alta"	"Småhus"	"2020K2"	..	4
"5403 Alta"	"Småhus"	"2020K3"	..	7
"5403 Alta"	"Småhus"	"2020K4"	..	4
"5403 Alta"	"Småhus"	"2021K1"	..	7
"5403 Alta"	"Småhus"	"2021K2"	33796	10
"5403 Alta"	"Småhus"	"2021K3"	..	6
"5403 Alta"	"Småhus"	"2021K4"	..	3
"5403 Alta"	"Småhus"	"2022K1"	..	5
"5403 Alta"	"Småhus"	"2022K2"	..	6
"5403 Alta"	"Småhus"	"2022K3"	..	9
"5403 Alta"	"Småhus"	"2022K4"	..	3
"5403 Alta"	"Småhus"	"2023K1"	..	3
"5403 Alta"	"Småhus"	"2023K2"	..	4
"5403 Alta"	"Småhus"	"2023K3"	..	5
"5403 Alta"	"Blokkleiligheter"	"2006K1"	.	.
"5403 Alta"	"Blokkleiligheter"	"2006K2"	.	.
"5403 Alta"	"Blokkleiligheter"	"2006K3"	.	.
"5403 Alta"	"Blokkleiligheter"	"2006K4"	.	.
"5403 Alta"	"Blokkleiligheter"	"2007K1"	.	.
"5403 Alta"	"Blokkleiligheter"	"2007K2"	.	.
"5403 Alta"	"Blokkleiligheter"	"2007K3"	.	.
"5403 Alta"	"Blokkleiligheter"	"2007K4"	.	.
"5403 Alta"	"Blokkleiligheter"	"2008K1"	.	.
"5403 Alta"	"Blokkleiligheter"	"2008K2"	.	.
"5403 Alta"	"Blokkleiligheter"	"2008K3"	.	.
"5403 Alta"	"Blokkleiligheter"	"2008K4"	.	.
"5403 Alta"	"Blokkleiligheter"	"2009K1"	.	.
"5403 Alta"	"Blokkleiligheter"	"2009K2"	.	.
"5403 Alta"	"Blokkleiligheter"	"2009K3"	.	.
"5403 Alta"	"Blokkleiligheter"	"2009K4"	.	.
"5403 Alta"	"Blokkleiligheter"	"2010K1"	.	.
"5403 Alta"	"Blokkleiligheter"	"2010K2"	.	.
"5403 Alta"	"Blokkleiligheter"	"2010K3"	.	.
"5403 Alta"	"Blokkleiligheter"	"2010K4"	.	.
"5403 Alta"	"Blokkleiligheter"	"2011K1"	.	.
"5403 Alta"	"Blokkleiligheter"	"2011K2"	.	.
"5403 Alta"	"Blokkleiligheter"	"2011K3"	.	.
"5403 Alta"	"Blokkleiligheter"	"2011K4"	.	.
"5403 Alta"	"Blokkleiligheter"	"2012K1"	.	.
"5403 Alta"	"Blokkleiligheter"	"2012K2"	.	.
"5403 Alta"	"Blokkleiligheter"	"2012K3"	.	.
"5403 Alta"	"Blokkleiligheter"	"2012K4"	.	.
"5403 Alta"	"Blokkleiligheter"	"2013K1"	.	.
"5403 Alta"	"Blokkleiligheter"	"2013K2"	.	.
"5403 Alta"	"Blokkleiligheter"	"2013K3"	.	.
"5403 Alta"	"Blokkleiligheter"	"2013K4"	.	.
"5403 Alta"	"Blokkleiligheter"	"2014K1"	.	.
"5403 Alta"	"Blokkleiligheter"	"2014K2"	.	.
"5403 Alta"	"Blokkleiligheter"	"2014K3"	.	.
"5403 Alta"	"Blokkleiligheter"	"2014K4"	.	.
"5403 Alta"	"Blokkleiligheter"	"2015K1"	.	.
"5403 Alta"	"Blokkleiligheter"	"2015K2"	.	.
"5403 Alta"	"Blokkleiligheter"	"2015K3"	.	.
"5403 Alta"	"Blokkleiligheter"	"2015K4"	.	.
"5403 Alta"	"Blokkleiligheter"	"2016K1"	.	.
"5403 Alta"	"Blokkleiligheter"	"2016K2"	.	.
"5403 Alta"	"Blokkleiligheter"	"2016K3"	.	.
"5403 Alta"	"Blokkleiligheter"	"2016K4"	.	.
"5403 Alta"	"Blokkleiligheter"	"2017K1"	.	.
"5403 Alta"	"Blokkleiligheter"	"2017K2"	.	.
"5403 Alta"	"Blokkleiligheter"	"2017K3"	.	.
"5403 Alta"	"Blokkleiligheter"	"2017K4"	.	.
"5403 Alta"	"Blokkleiligheter"	"2018K1"	.	.
"5403 Alta"	"Blokkleiligheter"	"2018K2"	.	.
"5403 Alta"	"Blokkleiligheter"	"2018K3"	.	.
"5403 Alta"	"Blokkleiligheter"	"2018K4"	.	.
"5403 Alta"	"Blokkleiligheter"	"2019K1"	.	.
"5403 Alta"	"Blokkleiligheter"	"2019K2"	.	.
"5403 Alta"	"Blokkleiligheter"	"2019K3"	.	.
"5403 Alta"	"Blokkleiligheter"	"2019K4"	.	.
"5403 Alta"	"Blokkleiligheter"	"2020K1"	..	9
"5403 Alta"	"Blokkleiligheter"	"2020K2"	44092	13
"5403 Alta"	"Blokkleiligheter"	"2020K3"	43391	32
"5403 Alta"	"Blokkleiligheter"	"2020K4"	45524	26
"5403 Alta"	"Blokkleiligheter"	"2021K1"	47682	26
"5403 Alta"	"Blokkleiligheter"	"2021K2"	44990	28
"5403 Alta"	"Blokkleiligheter"	"2021K3"	49903	21
"5403 Alta"	"Blokkleiligheter"	"2021K4"	46360	21
"5403 Alta"	"Blokkleiligheter"	"2022K1"	47926	17
"5403 Alta"	"Blokkleiligheter"	"2022K2"	50347	28
"5403 Alta"	"Blokkleiligheter"	"2022K3"	53473	24
"5403 Alta"	"Blokkleiligheter"	"2022K4"	49486	18
"5403 Alta"	"Blokkleiligheter"	"2023K1"	53216	23
"5403 Alta"	"Blokkleiligheter"	"2023K2"	51666	21
"5403 Alta"	"Blokkleiligheter"	"2023K3"	49716	25
"1901 Harstad (-2012)"	"Eneboliger"	"2006K1"	11116	22
"1901 Harstad (-2012)"	"Eneboliger"	"2006K2"	12287	55
"1901 Harstad (-2012)"	"Eneboliger"	"2006K3"	12241	27
"1901 Harstad (-2012)"	"Eneboliger"	"2006K4"	13070	42
"1901 Harstad (-2012)"	"Eneboliger"	"2007K1"	16077	16
"1901 Harstad (-2012)"	"Eneboliger"	"2007K2"	13376	46
"1901 Harstad (-2012)"	"Eneboliger"	"2007K3"	11707	32
"1901 Harstad (-2012)"	"Eneboliger"	"2007K4"	12976	48
"1901 Harstad (-2012)"	"Eneboliger"	"2008K1"	13272	39
"1901 Harstad (-2012)"	"Eneboliger"	"2008K2"	13377	49
"1901 Harstad (-2012)"	"Eneboliger"	"2008K3"	13384	36
"1901 Harstad (-2012)"	"Eneboliger"	"2008K4"	13196	15
"1901 Harstad (-2012)"	"Eneboliger"	"2009K1"	11411	17
"1901 Harstad (-2012)"	"Eneboliger"	"2009K2"	13578	34
"1901 Harstad (-2012)"	"Eneboliger"	"2009K3"	12824	32
"1901 Harstad (-2012)"	"Eneboliger"	"2009K4"	12499	26
"1901 Harstad (-2012)"	"Eneboliger"	"2010K1"	13856	26
"1901 Harstad (-2012)"	"Eneboliger"	"2010K2"	13705	34
"1901 Harstad (-2012)"	"Eneboliger"	"2010K3"	13125	40
"1901 Harstad (-2012)"	"Eneboliger"	"2010K4"	13211	32
"1901 Harstad (-2012)"	"Eneboliger"	"2011K1"	13671	31
"1901 Harstad (-2012)"	"Eneboliger"	"2011K2"	13336	36
"1901 Harstad (-2012)"	"Eneboliger"	"2011K3"	14556	49
"1901 Harstad (-2012)"	"Eneboliger"	"2011K4"	15334	33
"1901 Harstad (-2012)"	"Eneboliger"	"2012K1"	15057	33
"1901 Harstad (-2012)"	"Eneboliger"	"2012K2"	16226	48
"1901 Harstad (-2012)"	"Eneboliger"	"2012K3"	15308	46
"1901 Harstad (-2012)"	"Eneboliger"	"2012K4"	15853	35
"1901 Harstad (-2012)"	"Eneboliger"	"2013K1"	.	.
"1901 Harstad (-2012)"	"Eneboliger"	"2013K2"	.	.
"1901 Harstad (-2012)"	"Eneboliger"	"2013K3"	.	.
"1901 Harstad (-2012)"	"Eneboliger"	"2013K4"	.	.
"1901 Harstad (-2012)"	"Eneboliger"	"2014K1"	.	.
"1901 Harstad (-2012)"	"Eneboliger"	"2014K2"	.	.
"1901 Harstad (-2012)"	"Eneboliger"	"2014K3"	.	.
"1901 Harstad (-2012)"	"Eneboliger"	"2014K4"	.	.
"1901 Harstad (-2012)"	"Eneboliger"	"2015K1"	.	.
"1901 Harstad (-2012)"	"Eneboliger"	"2015K2"	.	.
"1901 Harstad (-2012)"	"Eneboliger"	"2015K3"	.	.
"1901 Harstad (-2012)"	"Eneboliger"	"2015K4"	.	.
"1901 Harstad (-2012)"	"Eneboliger"	"2016K1"	.	.
"1901 Harstad (-2012)"	"Eneboliger"	"2016K2"	.	.
"1901 Harstad (-2012)"	"Eneboliger"	"2016K3"	.	.
"1901 Harstad (-2012)"	"Eneboliger"	"2016K4"	.	.
"1901 Harstad (-2012)"	"Eneboliger"	"2017K1"	.	.
"1901 Harstad (-2012)"	"Eneboliger"	"2017K2"	.	.
"1901 Harstad (-2012)"	"Eneboliger"	"2017K3"	.	.
"1901 Harstad (-2012)"	"Eneboliger"	"2017K4"	.	.
"1901 Harstad (-2012)"	"Eneboliger"	"2018K1"	.	.
"1901 Harstad (-2012)"	"Eneboliger"	"2018K2"	.	.
"1901 Harstad (-2012)"	"Eneboliger"	"2018K3"	.	.
"1901 Harstad (-2012)"	"Eneboliger"	"2018K4"	.	.
"1901 Harstad (-2012)"	"Eneboliger"	"2019K1"	.	.
"1901 Harstad (-2012)"	"Eneboliger"	"2019K2"	.	.
"1901 Harstad (-2012)"	"Eneboliger"	"2019K3"	.	.
"1901 Harstad (-2012)"	"Eneboliger"	"2019K4"	.	.
"1901 Harstad (-2012)"	"Eneboliger"	"2020K1"	.	.
"1901 Harstad (-2012)"	"Eneboliger"	"2020K2"	.	.
"1901 Harstad (-2012)"	"Eneboliger"	"2020K3"	.	.
"1901 Harstad (-2012)"	"Eneboliger"	"2020K4"	.	.
"1901 Harstad (-2012)"	"Eneboliger"	"2021K1"	.	.
"1901 Harstad (-2012)"	"Eneboliger"	"2021K2"	.	.
"1901 Harstad (-2012)"	"Eneboliger"	"2021K3"	.	.
"1901 Harstad (-2012)"	"Eneboliger"	"2021K4"	.	.
"1901 Harstad (-2012)"	"Eneboliger"	"2022K1"	.	.
"1901 Harstad (-2012)"	"Eneboliger"	"2022K2"	.	.
"1901 Harstad (-2012)"	"Eneboliger"	"2022K3"	.	.
"1901 Harstad (-2012)"	"Eneboliger"	"2022K4"	.	.
"1901 Harstad (-2012)"	"Eneboliger"	"2023K1"	.	.
"1901 Harstad (-2012)"	"Eneboliger"	"2023K2"	.	.
"1901 Harstad (-2012)"	"Eneboliger"	"2023K3"	.	.
"1901 Harstad (-2012)"	"Småhus"	"2006K1"	..	4
"1901 Harstad (-2012)"	"Småhus"	"2006K2"	..	5
"1901 Harstad (-2012)"	"Småhus"	"2006K3"	..	8
"1901 Harstad (-2012)"	"Småhus"	"2006K4"	14086	15
"1901 Harstad (-2012)"	"Småhus"	"2007K1"	..	9
"1901 Harstad (-2012)"	"Småhus"	"2007K2"	13893	17
"1901 Harstad (-2012)"	"Småhus"	"2007K3"	16159	13
"1901 Harstad (-2012)"	"Småhus"	"2007K4"	14724	19
"1901 Harstad (-2012)"	"Småhus"	"2008K1"	..	3
"1901 Harstad (-2012)"	"Småhus"	"2008K2"	14442	10
"1901 Harstad (-2012)"	"Småhus"	"2008K3"	..	5
"1901 Harstad (-2012)"	"Småhus"	"2008K4"	..	5
"1901 Harstad (-2012)"	"Småhus"	"2009K1"	..	..
"1901 Harstad (-2012)"	"Småhus"	"2009K2"	..	4
"1901 Harstad (-2012)"	"Småhus"	"2009K3"	..	2
"1901 Harstad (-2012)"	"Småhus"	"2009K4"	..	4
"1901 Harstad (-2012)"	"Småhus"	"2010K1"	..	6
"1901 Harstad (-2012)"	"Småhus"	"2010K2"	..	2
"1901 Harstad (-2012)"	"Småhus"	"2010K3"	..	5
"1901 Harstad (-2012)"	"Småhus"	"2010K4"	..	2
"1901 Harstad (-2012)"	"Småhus"	"2011K1"	..	4
"1901 Harstad (-2012)"	"Småhus"	"2011K2"	..	7
"1901 Harstad (-2012)"	"Småhus"	"2011K3"	..	5
"1901 Harstad (-2012)"	"Småhus"	"2011K4"	..	2
"1901 Harstad (-2012)"	"Småhus"	"2012K1"	..	3
"1901 Harstad (-2012)"	"Småhus"	"2012K2"	..	6
"1901 Harstad (-2012)"	"Småhus"	"2012K3"	..	2
"1901 Harstad (-2012)"	"Småhus"	"2012K4"	..	4
"1901 Harstad (-2012)"	"Småhus"	"2013K1"	.	.
"1901 Harstad (-2012)"	"Småhus"	"2013K2"	.	.
"1901 Harstad (-2012)"	"Småhus"	"2013K3"	.	.
"1901 Harstad (-2012)"	"Småhus"	"2013K4"	.	.
"1901 Harstad (-2012)"	"Småhus"	"2014K1"	.	.
"1901 Harstad (-2012)"	"Småhus"	"2014K2"	.	.
"1901 Harstad (-2012)"	"Småhus"	"2014K3"	.	.
"1901 Harstad (-2012)"	"Småhus"	"2014K4"	.	.
"1901 Harstad (-2012)"	"Småhus"	"2015K1"	.	.
"1901 Harstad (-2012)"	"Småhus"	"2015K2"	.	.
"1901 Harstad (-2012)"	"Småhus"	"2015K3"	.	.
"1901 Harstad (-2012)"	"Småhus"	"2015K4"	.	.
"1901 Harstad (-2012)"	"Småhus"	"2016K1"	.	.
"1901 Harstad (-2012)"	"Småhus"	"2016K2"	.	.
"1901 Harstad (-2012)"	"Småhus"	"2016K3"	.	.
"1901 Harstad (-2012)"	"Småhus"	"2016K4"	.	.
"1901 Harstad (-2012)"	"Småhus"	"2017K1"	.	.
"1901 Harstad (-2012)"	"Småhus"	"2017K2"	.	.
"1901 Harstad (-2012)"	"Småhus"	"2017K3"	.	.
"1901 Harstad (-2012)"	"Småhus"	"2017K4"	.	.
"1901 Harstad (-2012)"	"Småhus"	"2018K1"	.	.
"1901 Harstad (-2012)"	"Småhus"	"2018K2"	.	.
"1901 Harstad (-2012)"	"Småhus"	"2018K3"	.	.
"1901 Harstad (-2012)"	"Småhus"	"2018K4"	.	.
"1901 Harstad (-2012)"	"Småhus"	"2019K1"	.	.
"1901 Harstad (-2012)"	"Småhus"	"2019K2"	.	.
"1901 Harstad (-2012)"	"Småhus"	"2019K3"	.	.
"1901 Harstad (-2012)"	"Småhus"	"2019K4"	.	.
"1901 Harstad (-2012)"	"Småhus"	"2020K1"	.	.
"1901 Harstad (-2012)"	"Småhus"	"2020K2"	.	.
"1901 Harstad (-2012)"	"Småhus"	"2020K3"	.	.
"1901 Harstad (-2012)"	"Småhus"	"2020K4"	.	.
"1901 Harstad (-2012)"	"Småhus"	"2021K1"	.	.
"1901 Harstad (-2012)"	"Småhus"	"2021K2"	.	.
"1901 Harstad (-2012)"	"Småhus"	"2021K3"	.	.
"1901 Harstad (-2012)"	"Småhus"	"2021K4"	.	.
"1901 Harstad (-2012)"	"Småhus"	"2022K1"	.	.
"1901 Harstad (-2012)"	"Småhus"	"2022K2"	.	.
"1901 Harstad (-2012)"	"Småhus"	"2022K3"	.	.
"1901 Harstad (-2012)"	"Småhus"	"2022K4"	.	.
"1901 Harstad (-2012)"	"Småhus"	"2023K1"	.	.
"1901 Harstad (-2012)"	"Småhus"	"2023K2"	.	.
"1901 Harstad (-2012)"	"Småhus"	"2023K3"	.	.
"1901 Harstad (-2012)"	"Blokkleiligheter"	"2006K1"	..	9
"1901 Harstad (-2012)"	"Blokkleiligheter"	"2006K2"	..	7
"1901 Harstad (-2012)"	"Blokkleiligheter"	"2006K3"	..	9
"1901 Harstad (-2012)"	"Blokkleiligheter"	"2006K4"	19371	10
"1901 Harstad (-2012)"	"Blokkleiligheter"	"2007K1"	..	7
"1901 Harstad (-2012)"	"Blokkleiligheter"	"2007K2"	..	9
"1901 Harstad (-2012)"	"Blokkleiligheter"	"2007K3"	19950	11
"1901 Harstad (-2012)"	"Blokkleiligheter"	"2007K4"	19259	11
"1901 Harstad (-2012)"	"Blokkleiligheter"	"2008K1"	..	7
"1901 Harstad (-2012)"	"Blokkleiligheter"	"2008K2"	17410	12
"1901 Harstad (-2012)"	"Blokkleiligheter"	"2008K3"	..	7
"1901 Harstad (-2012)"	"Blokkleiligheter"	"2008K4"	..	1
"1901 Harstad (-2012)"	"Blokkleiligheter"	"2009K1"	..	3
"1901 Harstad (-2012)"	"Blokkleiligheter"	"2009K2"	..	6
"1901 Harstad (-2012)"	"Blokkleiligheter"	"2009K3"	..	4
"1901 Harstad (-2012)"	"Blokkleiligheter"	"2009K4"	18138	10
"1901 Harstad (-2012)"	"Blokkleiligheter"	"2010K1"	19482	11
"1901 Harstad (-2012)"	"Blokkleiligheter"	"2010K2"	..	9
"1901 Harstad (-2012)"	"Blokkleiligheter"	"2010K3"	..	8
"1901 Harstad (-2012)"	"Blokkleiligheter"	"2010K4"	..	9
"1901 Harstad (-2012)"	"Blokkleiligheter"	"2011K1"	18324	13
"1901 Harstad (-2012)"	"Blokkleiligheter"	"2011K2"	..	7
"1901 Harstad (-2012)"	"Blokkleiligheter"	"2011K3"	..	7
"1901 Harstad (-2012)"	"Blokkleiligheter"	"2011K4"	..	9
"1901 Harstad (-2012)"	"Blokkleiligheter"	"2012K1"	24935	14
"1901 Harstad (-2012)"	"Blokkleiligheter"	"2012K2"	..	6
"1901 Harstad (-2012)"	"Blokkleiligheter"	"2012K3"	27949	18
"1901 Harstad (-2012)"	"Blokkleiligheter"	"2012K4"	21558	10
"1901 Harstad (-2012)"	"Blokkleiligheter"	"2013K1"	.	.
"1901 Harstad (-2012)"	"Blokkleiligheter"	"2013K2"	.	.
"1901 Harstad (-2012)"	"Blokkleiligheter"	"2013K3"	.	.
"1901 Harstad (-2012)"	"Blokkleiligheter"	"2013K4"	.	.
"1901 Harstad (-2012)"	"Blokkleiligheter"	"2014K1"	.	.
"1901 Harstad (-2012)"	"Blokkleiligheter"	"2014K2"	.	.
"1901 Harstad (-2012)"	"Blokkleiligheter"	"2014K3"	.	.
"1901 Harstad (-2012)"	"Blokkleiligheter"	"2014K4"	.	.
"1901 Harstad (-2012)"	"Blokkleiligheter"	"2015K1"	.	.
"1901 Harstad (-2012)"	"Blokkleiligheter"	"2015K2"	.	.
"1901 Harstad (-2012)"	"Blokkleiligheter"	"2015K3"	.	.
"1901 Harstad (-2012)"	"Blokkleiligheter"	"2015K4"	.	.
"1901 Harstad (-2012)"	"Blokkleiligheter"	"2016K1"	.	.
"1901 Harstad (-2012)"	"Blokkleiligheter"	"2016K2"	.	.
"1901 Harstad (-2012)"	"Blokkleiligheter"	"2016K3"	.	.
"1901 Harstad (-2012)"	"Blokkleiligheter"	"2016K4"	.	.
"1901 Harstad (-2012)"	"Blokkleiligheter"	"2017K1"	.	.
"1901 Harstad (-2012)"	"Blokkleiligheter"	"2017K2"	.	.
"1901 Harstad (-2012)"	"Blokkleiligheter"	"2017K3"	.	.
"1901 Harstad (-2012)"	"Blokkleiligheter"	"2017K4"	.	.
"1901 Harstad (-2012)"	"Blokkleiligheter"	"2018K1"	.	.
"1901 Harstad (-2012)"	"Blokkleiligheter"	"2018K2"	.	.
"1901 Harstad (-2012)"	"Blokkleiligheter"	"2018K3"	.	.
"1901 Harstad (-2012)"	"Blokkleiligheter"	"2018K4"	.	.
"1901 Harstad (-2012)"	"Blokkleiligheter"	"2019K1"	.	.
"1901 Harstad (-2012)"	"Blokkleiligheter"	"2019K2"	.	.
"1901 Harstad (-2012)"	"Blokkleiligheter"	"2019K3"	.	.
"1901 Harstad (-2012)"	"Blokkleiligheter"	"2019K4"	.	.
"1901 Harstad (-2012)"	"Blokkleiligheter"	"2020K1"	.	.
"1901 Harstad (-2012)"	"Blokkleiligheter"	"2020K2"	.	.
"1901 Harstad (-2012)"	"Blokkleiligheter"	"2020K3"	.	.
"1901 Harstad (-2012)"	"Blokkleiligheter"	"2020K4"	.	.
"1901 Harstad (-2012)"	"Blokkleiligheter"	"2021K1"	.	.
"1901 Harstad (-2012)"	"Blokkleiligheter"	"2021K2"	.	.
"1901 Harstad (-2012)"	"Blokkleiligheter"	"2021K3"	.	.
"1901 Harstad (-2012)"	"Blokkleiligheter"	"2021K4"	.	.
"1901 Harstad (-2012)"	"Blokkleiligheter"	"2022K1"	.	.
"1901 Harstad (-2012)"	"Blokkleiligheter"	"2022K2"	.	.
"1901 Harstad (-2012)"	"Blokkleiligheter"	"2022K3"	.	.
"1901 Harstad (-2012)"	"Blokkleiligheter"	"2022K4"	.	.
"1901 Harstad (-2012)"	"Blokkleiligheter"	"2023K1"	.	.
"1901 Harstad (-2012)"	"Blokkleiligheter"	"2023K2"	.	.
"1901 Harstad (-2012)"	"Blokkleiligheter"	"2023K3"	.	.
"1902 Tromsø (-2019)"	"Eneboliger"	"2006K1"	20064	83
"1902 Tromsø (-2019)"	"Eneboliger"	"2006K2"	20677	115
"1902 Tromsø (-2019)"	"Eneboliger"	"2006K3"	20228	102
"1902 Tromsø (-2019)"	"Eneboliger"	"2006K4"	21983	66
"1902 Tromsø (-2019)"	"Eneboliger"	"2007K1"	22761	73
"1902 Tromsø (-2019)"	"Eneboliger"	"2007K2"	23196	100
"1902 Tromsø (-2019)"	"Eneboliger"	"2007K3"	22419	85
"1902 Tromsø (-2019)"	"Eneboliger"	"2007K4"	22106	52
"1902 Tromsø (-2019)"	"Eneboliger"	"2008K1"	21646	42
"1902 Tromsø (-2019)"	"Eneboliger"	"2008K2"	21643	48
"1902 Tromsø (-2019)"	"Eneboliger"	"2008K3"	20976	49
"1902 Tromsø (-2019)"	"Eneboliger"	"2008K4"	20441	42
"1902 Tromsø (-2019)"	"Eneboliger"	"2009K1"	19972	43
"1902 Tromsø (-2019)"	"Eneboliger"	"2009K2"	20080	75
"1902 Tromsø (-2019)"	"Eneboliger"	"2009K3"	20269	84
"1902 Tromsø (-2019)"	"Eneboliger"	"2009K4"	20235	63
"1902 Tromsø (-2019)"	"Eneboliger"	"2010K1"	22960	51
"1902 Tromsø (-2019)"	"Eneboliger"	"2010K2"	22448	67
"1902 Tromsø (-2019)"	"Eneboliger"	"2010K3"	21835	77
"1902 Tromsø (-2019)"	"Eneboliger"	"2010K4"	21972	76
"1902 Tromsø (-2019)"	"Eneboliger"	"2011K1"	22490	62
"1902 Tromsø (-2019)"	"Eneboliger"	"2011K2"	22353	91
"1902 Tromsø (-2019)"	"Eneboliger"	"2011K3"	23271	85
"1902 Tromsø (-2019)"	"Eneboliger"	"2011K4"	22267	79
"1902 Tromsø (-2019)"	"Eneboliger"	"2012K1"	23220	85
"1902 Tromsø (-2019)"	"Eneboliger"	"2012K2"	24727	82
"1902 Tromsø (-2019)"	"Eneboliger"	"2012K3"	25361	96
"1902 Tromsø (-2019)"	"Eneboliger"	"2012K4"	24499	71
"1902 Tromsø (-2019)"	"Eneboliger"	"2013K1"	26658	61
"1902 Tromsø (-2019)"	"Eneboliger"	"2013K2"	26192	73
"1902 Tromsø (-2019)"	"Eneboliger"	"2013K3"	27893	90
"1902 Tromsø (-2019)"	"Eneboliger"	"2013K4"	28369	71
"1902 Tromsø (-2019)"	"Eneboliger"	"2014K1"	28267	64
"1902 Tromsø (-2019)"	"Eneboliger"	"2014K2"	30040	109
"1902 Tromsø (-2019)"	"Eneboliger"	"2014K3"	30825	108
"1902 Tromsø (-2019)"	"Eneboliger"	"2014K4"	31056	87
"1902 Tromsø (-2019)"	"Eneboliger"	"2015K1"	32676	72
"1902 Tromsø (-2019)"	"Eneboliger"	"2015K2"	32671	109
"1902 Tromsø (-2019)"	"Eneboliger"	"2015K3"	31888	72
"1902 Tromsø (-2019)"	"Eneboliger"	"2015K4"	32093	67
"1902 Tromsø (-2019)"	"Eneboliger"	"2016K1"	32353	62
"1902 Tromsø (-2019)"	"Eneboliger"	"2016K2"	33792	128
"1902 Tromsø (-2019)"	"Eneboliger"	"2016K3"	33504	104
"1902 Tromsø (-2019)"	"Eneboliger"	"2016K4"	34372	71
"1902 Tromsø (-2019)"	"Eneboliger"	"2017K1"	35666	67
"1902 Tromsø (-2019)"	"Eneboliger"	"2017K2"	35801	93
"1902 Tromsø (-2019)"	"Eneboliger"	"2017K3"	35514	85
"1902 Tromsø (-2019)"	"Eneboliger"	"2017K4"	34196	81
"1902 Tromsø (-2019)"	"Eneboliger"	"2018K1"	34319	40
"1902 Tromsø (-2019)"	"Eneboliger"	"2018K2"	34143	108
"1902 Tromsø (-2019)"	"Eneboliger"	"2018K3"	34194	94
"1902 Tromsø (-2019)"	"Eneboliger"	"2018K4"	33436	67
"1902 Tromsø (-2019)"	"Eneboliger"	"2019K1"	35146	70
"1902 Tromsø (-2019)"	"Eneboliger"	"2019K2"	35754	94
"1902 Tromsø (-2019)"	"Eneboliger"	"2019K3"	36625	92
"1902 Tromsø (-2019)"	"Eneboliger"	"2019K4"	34950	83
"1902 Tromsø (-2019)"	"Eneboliger"	"2020K1"	.	.
"1902 Tromsø (-2019)"	"Eneboliger"	"2020K2"	.	.
"1902 Tromsø (-2019)"	"Eneboliger"	"2020K3"	.	.
"1902 Tromsø (-2019)"	"Eneboliger"	"2020K4"	.	.
"1902 Tromsø (-2019)"	"Eneboliger"	"2021K1"	.	.
"1902 Tromsø (-2019)"	"Eneboliger"	"2021K2"	.	.
"1902 Tromsø (-2019)"	"Eneboliger"	"2021K3"	.	.
"1902 Tromsø (-2019)"	"Eneboliger"	"2021K4"	.	.
"1902 Tromsø (-2019)"	"Eneboliger"	"2022K1"	.	.
"1902 Tromsø (-2019)"	"Eneboliger"	"2022K2"	.	.
"1902 Tromsø (-2019)"	"Eneboliger"	"2022K3"	.	.
"1902 Tromsø (-2019)"	"Eneboliger"	"2022K4"	.	.
"1902 Tromsø (-2019)"	"Eneboliger"	"2023K1"	.	.
"1902 Tromsø (-2019)"	"Eneboliger"	"2023K2"	.	.
"1902 Tromsø (-2019)"	"Eneboliger"	"2023K3"	.	.
"1902 Tromsø (-2019)"	"Småhus"	"2006K1"	22543	29
"1902 Tromsø (-2019)"	"Småhus"	"2006K2"	23227	22
"1902 Tromsø (-2019)"	"Småhus"	"2006K3"	23340	25
"1902 Tromsø (-2019)"	"Småhus"	"2006K4"	23617	24
"1902 Tromsø (-2019)"	"Småhus"	"2007K1"	25888	18
"1902 Tromsø (-2019)"	"Småhus"	"2007K2"	26761	28
"1902 Tromsø (-2019)"	"Småhus"	"2007K3"	26705	21
"1902 Tromsø (-2019)"	"Småhus"	"2007K4"	23963	14
"1902 Tromsø (-2019)"	"Småhus"	"2008K1"	26119	14
"1902 Tromsø (-2019)"	"Småhus"	"2008K2"	24516	17
"1902 Tromsø (-2019)"	"Småhus"	"2008K3"	..	9
"1902 Tromsø (-2019)"	"Småhus"	"2008K4"	..	7
"1902 Tromsø (-2019)"	"Småhus"	"2009K1"	22244	20
"1902 Tromsø (-2019)"	"Småhus"	"2009K2"	..	9
"1902 Tromsø (-2019)"	"Småhus"	"2009K3"	23994	25
"1902 Tromsø (-2019)"	"Småhus"	"2009K4"	24629	15
"1902 Tromsø (-2019)"	"Småhus"	"2010K1"	27331	14
"1902 Tromsø (-2019)"	"Småhus"	"2010K2"	24457	22
"1902 Tromsø (-2019)"	"Småhus"	"2010K3"	22925	28
"1902 Tromsø (-2019)"	"Småhus"	"2010K4"	27024	15
"1902 Tromsø (-2019)"	"Småhus"	"2011K1"	24806	29
"1902 Tromsø (-2019)"	"Småhus"	"2011K2"	25970	24
"1902 Tromsø (-2019)"	"Småhus"	"2011K3"	24976	29
"1902 Tromsø (-2019)"	"Småhus"	"2011K4"	24574	13
"1902 Tromsø (-2019)"	"Småhus"	"2012K1"	26067	24
"1902 Tromsø (-2019)"	"Småhus"	"2012K2"	27592	40
"1902 Tromsø (-2019)"	"Småhus"	"2012K3"	28716	23
"1902 Tromsø (-2019)"	"Småhus"	"2012K4"	29830	20
"1902 Tromsø (-2019)"	"Småhus"	"2013K1"	29591	20
"1902 Tromsø (-2019)"	"Småhus"	"2013K2"	29561	34
"1902 Tromsø (-2019)"	"Småhus"	"2013K3"	30094	29
"1902 Tromsø (-2019)"	"Småhus"	"2013K4"	31333	19
"1902 Tromsø (-2019)"	"Småhus"	"2014K1"	33250	24
"1902 Tromsø (-2019)"	"Småhus"	"2014K2"	32469	28
"1902 Tromsø (-2019)"	"Småhus"	"2014K3"	35426	24
"1902 Tromsø (-2019)"	"Småhus"	"2014K4"	35453	21
"1902 Tromsø (-2019)"	"Småhus"	"2015K1"	37910	31
"1902 Tromsø (-2019)"	"Småhus"	"2015K2"	36231	30
"1902 Tromsø (-2019)"	"Småhus"	"2015K3"	36558	23
"1902 Tromsø (-2019)"	"Småhus"	"2015K4"	36528	29
"1902 Tromsø (-2019)"	"Småhus"	"2016K1"	39005	29
"1902 Tromsø (-2019)"	"Småhus"	"2016K2"	38316	37
"1902 Tromsø (-2019)"	"Småhus"	"2016K3"	38886	28
"1902 Tromsø (-2019)"	"Småhus"	"2016K4"	37699	25
"1902 Tromsø (-2019)"	"Småhus"	"2017K1"	39705	19
"1902 Tromsø (-2019)"	"Småhus"	"2017K2"	43457	29
"1902 Tromsø (-2019)"	"Småhus"	"2017K3"	39762	28
"1902 Tromsø (-2019)"	"Småhus"	"2017K4"	38797	32
"1902 Tromsø (-2019)"	"Småhus"	"2018K1"	37128	18
"1902 Tromsø (-2019)"	"Småhus"	"2018K2"	39693	50
"1902 Tromsø (-2019)"	"Småhus"	"2018K3"	38747	22
"1902 Tromsø (-2019)"	"Småhus"	"2018K4"	40476	32
"1902 Tromsø (-2019)"	"Småhus"	"2019K1"	41721	40
"1902 Tromsø (-2019)"	"Småhus"	"2019K2"	42657	33
"1902 Tromsø (-2019)"	"Småhus"	"2019K3"	40421	46
"1902 Tromsø (-2019)"	"Småhus"	"2019K4"	39848	27
"1902 Tromsø (-2019)"	"Småhus"	"2020K1"	.	.
"1902 Tromsø (-2019)"	"Småhus"	"2020K2"	.	.
"1902 Tromsø (-2019)"	"Småhus"	"2020K3"	.	.
"1902 Tromsø (-2019)"	"Småhus"	"2020K4"	.	.
"1902 Tromsø (-2019)"	"Småhus"	"2021K1"	.	.
"1902 Tromsø (-2019)"	"Småhus"	"2021K2"	.	.
"1902 Tromsø (-2019)"	"Småhus"	"2021K3"	.	.
"1902 Tromsø (-2019)"	"Småhus"	"2021K4"	.	.
"1902 Tromsø (-2019)"	"Småhus"	"2022K1"	.	.
"1902 Tromsø (-2019)"	"Småhus"	"2022K2"	.	.
"1902 Tromsø (-2019)"	"Småhus"	"2022K3"	.	.
"1902 Tromsø (-2019)"	"Småhus"	"2022K4"	.	.
"1902 Tromsø (-2019)"	"Småhus"	"2023K1"	.	.
"1902 Tromsø (-2019)"	"Småhus"	"2023K2"	.	.
"1902 Tromsø (-2019)"	"Småhus"	"2023K3"	.	.
"1902 Tromsø (-2019)"	"Blokkleiligheter"	"2006K1"	27805	87
"1902 Tromsø (-2019)"	"Blokkleiligheter"	"2006K2"	29054	92
"1902 Tromsø (-2019)"	"Blokkleiligheter"	"2006K3"	30079	112
"1902 Tromsø (-2019)"	"Blokkleiligheter"	"2006K4"	29141	82
"1902 Tromsø (-2019)"	"Blokkleiligheter"	"2007K1"	31002	86
"1902 Tromsø (-2019)"	"Blokkleiligheter"	"2007K2"	32818	111
"1902 Tromsø (-2019)"	"Blokkleiligheter"	"2007K3"	32183	69
"1902 Tromsø (-2019)"	"Blokkleiligheter"	"2007K4"	30956	60
"1902 Tromsø (-2019)"	"Blokkleiligheter"	"2008K1"	28822	71
"1902 Tromsø (-2019)"	"Blokkleiligheter"	"2008K2"	28634	53
"1902 Tromsø (-2019)"	"Blokkleiligheter"	"2008K3"	28648	54
"1902 Tromsø (-2019)"	"Blokkleiligheter"	"2008K4"	30100	20
"1902 Tromsø (-2019)"	"Blokkleiligheter"	"2009K1"	28560	42
"1902 Tromsø (-2019)"	"Blokkleiligheter"	"2009K2"	30019	63
"1902 Tromsø (-2019)"	"Blokkleiligheter"	"2009K3"	28020	80
"1902 Tromsø (-2019)"	"Blokkleiligheter"	"2009K4"	30164	53
"1902 Tromsø (-2019)"	"Blokkleiligheter"	"2010K1"	30092	59
"1902 Tromsø (-2019)"	"Blokkleiligheter"	"2010K2"	28554	56
"1902 Tromsø (-2019)"	"Blokkleiligheter"	"2010K3"	31079	95
"1902 Tromsø (-2019)"	"Blokkleiligheter"	"2010K4"	28976	70
"1902 Tromsø (-2019)"	"Blokkleiligheter"	"2011K1"	31477	82
"1902 Tromsø (-2019)"	"Blokkleiligheter"	"2011K2"	31434	89
"1902 Tromsø (-2019)"	"Blokkleiligheter"	"2011K3"	32529	125
"1902 Tromsø (-2019)"	"Blokkleiligheter"	"2011K4"	31994	96
"1902 Tromsø (-2019)"	"Blokkleiligheter"	"2012K1"	32470	101
"1902 Tromsø (-2019)"	"Blokkleiligheter"	"2012K2"	33865	121
"1902 Tromsø (-2019)"	"Blokkleiligheter"	"2012K3"	37381	120
"1902 Tromsø (-2019)"	"Blokkleiligheter"	"2012K4"	37016	77
"1902 Tromsø (-2019)"	"Blokkleiligheter"	"2013K1"	40045	84
"1902 Tromsø (-2019)"	"Blokkleiligheter"	"2013K2"	38727	120
"1902 Tromsø (-2019)"	"Blokkleiligheter"	"2013K3"	41573	125
"1902 Tromsø (-2019)"	"Blokkleiligheter"	"2013K4"	38981	65
"1902 Tromsø (-2019)"	"Blokkleiligheter"	"2014K1"	40218	86
"1902 Tromsø (-2019)"	"Blokkleiligheter"	"2014K2"	40991	132
"1902 Tromsø (-2019)"	"Blokkleiligheter"	"2014K3"	43581	168
"1902 Tromsø (-2019)"	"Blokkleiligheter"	"2014K4"	43247	100
"1902 Tromsø (-2019)"	"Blokkleiligheter"	"2015K1"	46145	119
"1902 Tromsø (-2019)"	"Blokkleiligheter"	"2015K2"	46543	144
"1902 Tromsø (-2019)"	"Blokkleiligheter"	"2015K3"	47052	136
"1902 Tromsø (-2019)"	"Blokkleiligheter"	"2015K4"	44194	96
"1902 Tromsø (-2019)"	"Blokkleiligheter"	"2016K1"	46151	107
"1902 Tromsø (-2019)"	"Blokkleiligheter"	"2016K2"	47986	146
"1902 Tromsø (-2019)"	"Blokkleiligheter"	"2016K3"	48683	150
"1902 Tromsø (-2019)"	"Blokkleiligheter"	"2016K4"	49137	76
"1902 Tromsø (-2019)"	"Blokkleiligheter"	"2017K1"	50124	101
"1902 Tromsø (-2019)"	"Blokkleiligheter"	"2017K2"	50770	142
"1902 Tromsø (-2019)"	"Blokkleiligheter"	"2017K3"	52200	132
"1902 Tromsø (-2019)"	"Blokkleiligheter"	"2017K4"	49727	105
"1902 Tromsø (-2019)"	"Blokkleiligheter"	"2018K1"	51542	74
"1902 Tromsø (-2019)"	"Blokkleiligheter"	"2018K2"	53669	144
"1902 Tromsø (-2019)"	"Blokkleiligheter"	"2018K3"	53645	139
"1902 Tromsø (-2019)"	"Blokkleiligheter"	"2018K4"	52410	108
"1902 Tromsø (-2019)"	"Blokkleiligheter"	"2019K1"	53888	118
"1902 Tromsø (-2019)"	"Blokkleiligheter"	"2019K2"	54809	127
"1902 Tromsø (-2019)"	"Blokkleiligheter"	"2019K3"	55783	186
"1902 Tromsø (-2019)"	"Blokkleiligheter"	"2019K4"	54077	131
"1902 Tromsø (-2019)"	"Blokkleiligheter"	"2020K1"	.	.
"1902 Tromsø (-2019)"	"Blokkleiligheter"	"2020K2"	.	.
"1902 Tromsø (-2019)"	"Blokkleiligheter"	"2020K3"	.	.
"1902 Tromsø (-2019)"	"Blokkleiligheter"	"2020K4"	.	.
"1902 Tromsø (-2019)"	"Blokkleiligheter"	"2021K1"	.	.
"1902 Tromsø (-2019)"	"Blokkleiligheter"	"2021K2"	.	.
"1902 Tromsø (-2019)"	"Blokkleiligheter"	"2021K3"	.	.
"1902 Tromsø (-2019)"	"Blokkleiligheter"	"2021K4"	.	.
"1902 Tromsø (-2019)"	"Blokkleiligheter"	"2022K1"	.	.
"1902 Tromsø (-2019)"	"Blokkleiligheter"	"2022K2"	.	.
"1902 Tromsø (-2019)"	"Blokkleiligheter"	"2022K3"	.	.
"1902 Tromsø (-2019)"	"Blokkleiligheter"	"2022K4"	.	.
"1902 Tromsø (-2019)"	"Blokkleiligheter"	"2023K1"	.	.
"1902 Tromsø (-2019)"	"Blokkleiligheter"	"2023K2"	.	.
"1902 Tromsø (-2019)"	"Blokkleiligheter"	"2023K3"	.	.
"1903 Harstad - Hárstták (2013-2019)"	"Eneboliger"	"2006K1"	.	.
"1903 Harstad - Hárstták (2013-2019)"	"Eneboliger"	"2006K2"	.	.
"1903 Harstad - Hárstták (2013-2019)"	"Eneboliger"	"2006K3"	.	.
"1903 Harstad - Hárstták (2013-2019)"	"Eneboliger"	"2006K4"	.	.
"1903 Harstad - Hárstták (2013-2019)"	"Eneboliger"	"2007K1"	.	.
"1903 Harstad - Hárstták (2013-2019)"	"Eneboliger"	"2007K2"	.	.
"1903 Harstad - Hárstták (2013-2019)"	"Eneboliger"	"2007K3"	.	.
"1903 Harstad - Hárstták (2013-2019)"	"Eneboliger"	"2007K4"	.	.
"1903 Harstad - Hárstták (2013-2019)"	"Eneboliger"	"2008K1"	.	.
"1903 Harstad - Hárstták (2013-2019)"	"Eneboliger"	"2008K2"	.	.
"1903 Harstad - Hárstták (2013-2019)"	"Eneboliger"	"2008K3"	.	.
"1903 Harstad - Hárstták (2013-2019)"	"Eneboliger"	"2008K4"	.	.
"1903 Harstad - Hárstták (2013-2019)"	"Eneboliger"	"2009K1"	.	.
"1903 Harstad - Hárstták (2013-2019)"	"Eneboliger"	"2009K2"	.	.
"1903 Harstad - Hárstták (2013-2019)"	"Eneboliger"	"2009K3"	.	.
"1903 Harstad - Hárstták (2013-2019)"	"Eneboliger"	"2009K4"	.	.
"1903 Harstad - Hárstták (2013-2019)"	"Eneboliger"	"2010K1"	.	.
"1903 Harstad - Hárstták (2013-2019)"	"Eneboliger"	"2010K2"	.	.
"1903 Harstad - Hárstták (2013-2019)"	"Eneboliger"	"2010K3"	.	.
"1903 Harstad - Hárstták (2013-2019)"	"Eneboliger"	"2010K4"	.	.
"1903 Harstad - Hárstták (2013-2019)"	"Eneboliger"	"2011K1"	.	.
"1903 Harstad - Hárstták (2013-2019)"	"Eneboliger"	"2011K2"	.	.
"1903 Harstad - Hárstták (2013-2019)"	"Eneboliger"	"2011K3"	.	.
"1903 Harstad - Hárstták (2013-2019)"	"Eneboliger"	"2011K4"	.	.
"1903 Harstad - Hárstták (2013-2019)"	"Eneboliger"	"2012K1"	.	.
"1903 Harstad - Hárstták (2013-2019)"	"Eneboliger"	"2012K2"	.	.
"1903 Harstad - Hárstták (2013-2019)"	"Eneboliger"	"2012K3"	.	.
"1903 Harstad - Hárstták (2013-2019)"	"Eneboliger"	"2012K4"	.	.
"1903 Harstad - Hárstták (2013-2019)"	"Eneboliger"	"2013K1"	17201	26
"1903 Harstad - Hárstták (2013-2019)"	"Eneboliger"	"2013K2"	16620	62
"1903 Harstad - Hárstták (2013-2019)"	"Eneboliger"	"2013K3"	15201	44
"1903 Harstad - Hárstták (2013-2019)"	"Eneboliger"	"2013K4"	17526	39
"1903 Harstad - Hárstták (2013-2019)"	"Eneboliger"	"2014K1"	16990	25
"1903 Harstad - Hárstták (2013-2019)"	"Eneboliger"	"2014K2"	17399	45
"1903 Harstad - Hárstták (2013-2019)"	"Eneboliger"	"2014K3"	16858	54
"1903 Harstad - Hárstták (2013-2019)"	"Eneboliger"	"2014K4"	18392	33
"1903 Harstad - Hárstták (2013-2019)"	"Eneboliger"	"2015K1"	19753	29
"1903 Harstad - Hárstták (2013-2019)"	"Eneboliger"	"2015K2"	19656	47
"1903 Harstad - Hárstták (2013-2019)"	"Eneboliger"	"2015K3"	18060	59
"1903 Harstad - Hárstták (2013-2019)"	"Eneboliger"	"2015K4"	17262	45
"1903 Harstad - Hárstták (2013-2019)"	"Eneboliger"	"2016K1"	19488	29
"1903 Harstad - Hárstták (2013-2019)"	"Eneboliger"	"2016K2"	19554	53
"1903 Harstad - Hárstták (2013-2019)"	"Eneboliger"	"2016K3"	19682	52
"1903 Harstad - Hárstták (2013-2019)"	"Eneboliger"	"2016K4"	18410	29
"1903 Harstad - Hárstták (2013-2019)"	"Eneboliger"	"2017K1"	20183	35
"1903 Harstad - Hárstták (2013-2019)"	"Eneboliger"	"2017K2"	20504	64
"1903 Harstad - Hárstták (2013-2019)"	"Eneboliger"	"2017K3"	20850	51
"1903 Harstad - Hárstták (2013-2019)"	"Eneboliger"	"2017K4"	20560	26
"1903 Harstad - Hárstták (2013-2019)"	"Eneboliger"	"2018K1"	19291	16
"1903 Harstad - Hárstták (2013-2019)"	"Eneboliger"	"2018K2"	19178	57
"1903 Harstad - Hárstták (2013-2019)"	"Eneboliger"	"2018K3"	21514	41
"1903 Harstad - Hárstták (2013-2019)"	"Eneboliger"	"2018K4"	19142	38
"1903 Harstad - Hárstták (2013-2019)"	"Eneboliger"	"2019K1"	21291	44
"1903 Harstad - Hárstták (2013-2019)"	"Eneboliger"	"2019K2"	22485	69
"1903 Harstad - Hárstták (2013-2019)"	"Eneboliger"	"2019K3"	19482	47
"1903 Harstad - Hárstták (2013-2019)"	"Eneboliger"	"2019K4"	19409	42
"1903 Harstad - Hárstták (2013-2019)"	"Eneboliger"	"2020K1"	.	.
"1903 Harstad - Hárstták (2013-2019)"	"Eneboliger"	"2020K2"	.	.
"1903 Harstad - Hárstták (2013-2019)"	"Eneboliger"	"2020K3"	.	.
"1903 Harstad - Hárstták (2013-2019)"	"Eneboliger"	"2020K4"	.	.
"1903 Harstad - Hárstták (2013-2019)"	"Eneboliger"	"2021K1"	.	.
"1903 Harstad - Hárstták (2013-2019)"	"Eneboliger"	"2021K2"	.	.
"1903 Harstad - Hárstták (2013-2019)"	"Eneboliger"	"2021K3"	.	.
"1903 Harstad - Hárstták (2013-2019)"	"Eneboliger"	"2021K4"	.	.
"1903 Harstad - Hárstták (2013-2019)"	"Eneboliger"	"2022K1"	.	.
"1903 Harstad - Hárstták (2013-2019)"	"Eneboliger"	"2022K2"	.	.
"1903 Harstad - Hárstták (2013-2019)"	"Eneboliger"	"2022K3"	.	.
"1903 Harstad - Hárstták (2013-2019)"	"Eneboliger"	"2022K4"	.	.
"1903 Harstad - Hárstták (2013-2019)"	"Eneboliger"	"2023K1"	.	.
"1903 Harstad - Hárstták (2013-2019)"	"Eneboliger"	"2023K2"	.	.
"1903 Harstad - Hárstták (2013-2019)"	"Eneboliger"	"2023K3"	.	.
"1903 Harstad - Hárstták (2013-2019)"	"Småhus"	"2006K1"	.	.
"1903 Harstad - Hárstták (2013-2019)"	"Småhus"	"2006K2"	.	.
"1903 Harstad - Hárstták (2013-2019)"	"Småhus"	"2006K3"	.	.
"1903 Harstad - Hárstták (2013-2019)"	"Småhus"	"2006K4"	.	.
"1903 Harstad - Hárstták (2013-2019)"	"Småhus"	"2007K1"	.	.
"1903 Harstad - Hárstták (2013-2019)"	"Småhus"	"2007K2"	.	.
"1903 Harstad - Hárstták (2013-2019)"	"Småhus"	"2007K3"	.	.
"1903 Harstad - Hárstták (2013-2019)"	"Småhus"	"2007K4"	.	.
"1903 Harstad - Hárstták (2013-2019)"	"Småhus"	"2008K1"	.	.
"1903 Harstad - Hárstták (2013-2019)"	"Småhus"	"2008K2"	.	.
"1903 Harstad - Hárstták (2013-2019)"	"Småhus"	"2008K3"	.	.
"1903 Harstad - Hárstták (2013-2019)"	"Småhus"	"2008K4"	.	.
"1903 Harstad - Hárstták (2013-2019)"	"Småhus"	"2009K1"	.	.
"1903 Harstad - Hárstták (2013-2019)"	"Småhus"	"2009K2"	.	.
"1903 Harstad - Hárstták (2013-2019)"	"Småhus"	"2009K3"	.	.
"1903 Harstad - Hárstták (2013-2019)"	"Småhus"	"2009K4"	.	.
"1903 Harstad - Hárstták (2013-2019)"	"Småhus"	"2010K1"	.	.
"1903 Harstad - Hárstták (2013-2019)"	"Småhus"	"2010K2"	.	.
"1903 Harstad - Hárstták (2013-2019)"	"Småhus"	"2010K3"	.	.
"1903 Harstad - Hárstták (2013-2019)"	"Småhus"	"2010K4"	.	.
"1903 Harstad - Hárstták (2013-2019)"	"Småhus"	"2011K1"	.	.
"1903 Harstad - Hárstták (2013-2019)"	"Småhus"	"2011K2"	.	.
"1903 Harstad - Hárstták (2013-2019)"	"Småhus"	"2011K3"	.	.
"1903 Harstad - Hárstták (2013-2019)"	"Småhus"	"2011K4"	.	.
"1903 Harstad - Hárstták (2013-2019)"	"Småhus"	"2012K1"	.	.
"1903 Harstad - Hárstták (2013-2019)"	"Småhus"	"2012K2"	.	.
"1903 Harstad - Hárstták (2013-2019)"	"Småhus"	"2012K3"	.	.
"1903 Harstad - Hárstták (2013-2019)"	"Småhus"	"2012K4"	.	.
"1903 Harstad - Hárstták (2013-2019)"	"Småhus"	"2013K1"	..	7
"1903 Harstad - Hárstták (2013-2019)"	"Småhus"	"2013K2"	..	4
"1903 Harstad - Hárstták (2013-2019)"	"Småhus"	"2013K3"	..	8
"1903 Harstad - Hárstták (2013-2019)"	"Småhus"	"2013K4"	..	2
"1903 Harstad - Hárstták (2013-2019)"	"Småhus"	"2014K1"	..	5
"1903 Harstad - Hárstták (2013-2019)"	"Småhus"	"2014K2"	..	9
"1903 Harstad - Hárstták (2013-2019)"	"Småhus"	"2014K3"	..	6
"1903 Harstad - Hárstták (2013-2019)"	"Småhus"	"2014K4"	..	4
"1903 Harstad - Hárstták (2013-2019)"	"Småhus"	"2015K1"	..	1
"1903 Harstad - Hárstták (2013-2019)"	"Småhus"	"2015K2"	..	6
"1903 Harstad - Hárstták (2013-2019)"	"Småhus"	"2015K3"	..	4
"1903 Harstad - Hárstták (2013-2019)"	"Småhus"	"2015K4"	..	8
"1903 Harstad - Hárstták (2013-2019)"	"Småhus"	"2016K1"	..	6
"1903 Harstad - Hárstták (2013-2019)"	"Småhus"	"2016K2"	..	7
"1903 Harstad - Hárstták (2013-2019)"	"Småhus"	"2016K3"	..	6
"1903 Harstad - Hárstták (2013-2019)"	"Småhus"	"2016K4"	..	7
"1903 Harstad - Hárstták (2013-2019)"	"Småhus"	"2017K1"	..	8
"1903 Harstad - Hárstták (2013-2019)"	"Småhus"	"2017K2"	..	8
"1903 Harstad - Hárstták (2013-2019)"	"Småhus"	"2017K3"	..	9
"1903 Harstad - Hárstták (2013-2019)"	"Småhus"	"2017K4"	..	9
"1903 Harstad - Hárstták (2013-2019)"	"Småhus"	"2018K1"	..	5
"1903 Harstad - Hárstták (2013-2019)"	"Småhus"	"2018K2"	..	9
"1903 Harstad - Hárstták (2013-2019)"	"Småhus"	"2018K3"	..	9
"1903 Harstad - Hárstták (2013-2019)"	"Småhus"	"2018K4"	..	5
"1903 Harstad - Hárstták (2013-2019)"	"Småhus"	"2019K1"	..	7
"1903 Harstad - Hárstták (2013-2019)"	"Småhus"	"2019K2"	..	9
"1903 Harstad - Hárstták (2013-2019)"	"Småhus"	"2019K3"	24712	11
"1903 Harstad - Hárstták (2013-2019)"	"Småhus"	"2019K4"	..	8
"1903 Harstad - Hárstták (2013-2019)"	"Småhus"	"2020K1"	.	.
"1903 Harstad - Hárstták (2013-2019)"	"Småhus"	"2020K2"	.	.
"1903 Harstad - Hárstták (2013-2019)"	"Småhus"	"2020K3"	.	.
"1903 Harstad - Hárstták (2013-2019)"	"Småhus"	"2020K4"	.	.
"1903 Harstad - Hárstták (2013-2019)"	"Småhus"	"2021K1"	.	.
"1903 Harstad - Hárstták (2013-2019)"	"Småhus"	"2021K2"	.	.
"1903 Harstad - Hárstták (2013-2019)"	"Småhus"	"2021K3"	.	.
"1903 Harstad - Hárstták (2013-2019)"	"Småhus"	"2021K4"	.	.
"1903 Harstad - Hárstták (2013-2019)"	"Småhus"	"2022K1"	.	.
"1903 Harstad - Hárstták (2013-2019)"	"Småhus"	"2022K2"	.	.
"1903 Harstad - Hárstták (2013-2019)"	"Småhus"	"2022K3"	.	.
"1903 Harstad - Hárstták (2013-2019)"	"Småhus"	"2022K4"	.	.
"1903 Harstad - Hárstták (2013-2019)"	"Småhus"	"2023K1"	.	.
"1903 Harstad - Hárstták (2013-2019)"	"Småhus"	"2023K2"	.	.
"1903 Harstad - Hárstták (2013-2019)"	"Småhus"	"2023K3"	.	.
"1903 Harstad - Hárstták (2013-2019)"	"Blokkleiligheter"	"2006K1"	.	.
"1903 Harstad - Hárstták (2013-2019)"	"Blokkleiligheter"	"2006K2"	.	.
"1903 Harstad - Hárstták (2013-2019)"	"Blokkleiligheter"	"2006K3"	.	.
"1903 Harstad - Hárstták (2013-2019)"	"Blokkleiligheter"	"2006K4"	.	.
"1903 Harstad - Hárstták (2013-2019)"	"Blokkleiligheter"	"2007K1"	.	.
"1903 Harstad - Hárstták (2013-2019)"	"Blokkleiligheter"	"2007K2"	.	.
"1903 Harstad - Hárstták (2013-2019)"	"Blokkleiligheter"	"2007K3"	.	.
"1903 Harstad - Hárstták (2013-2019)"	"Blokkleiligheter"	"2007K4"	.	.
"1903 Harstad - Hárstták (2013-2019)"	"Blokkleiligheter"	"2008K1"	.	.
"1903 Harstad - Hárstták (2013-2019)"	"Blokkleiligheter"	"2008K2"	.	.
"1903 Harstad - Hárstták (2013-2019)"	"Blokkleiligheter"	"2008K3"	.	.
"1903 Harstad - Hárstták (2013-2019)"	"Blokkleiligheter"	"2008K4"	.	.
"1903 Harstad - Hárstták (2013-2019)"	"Blokkleiligheter"	"2009K1"	.	.
"1903 Harstad - Hárstták (2013-2019)"	"Blokkleiligheter"	"2009K2"	.	.
"1903 Harstad - Hárstták (2013-2019)"	"Blokkleiligheter"	"2009K3"	.	.
"1903 Harstad - Hárstták (2013-2019)"	"Blokkleiligheter"	"2009K4"	.	.
"1903 Harstad - Hárstták (2013-2019)"	"Blokkleiligheter"	"2010K1"	.	.
"1903 Harstad - Hárstták (2013-2019)"	"Blokkleiligheter"	"2010K2"	.	.
"1903 Harstad - Hárstták (2013-2019)"	"Blokkleiligheter"	"2010K3"	.	.
"1903 Harstad - Hárstták (2013-2019)"	"Blokkleiligheter"	"2010K4"	.	.
"1903 Harstad - Hárstták (2013-2019)"	"Blokkleiligheter"	"2011K1"	.	.
"1903 Harstad - Hárstták (2013-2019)"	"Blokkleiligheter"	"2011K2"	.	.
"1903 Harstad - Hárstták (2013-2019)"	"Blokkleiligheter"	"2011K3"	.	.
"1903 Harstad - Hárstták (2013-2019)"	"Blokkleiligheter"	"2011K4"	.	.
"1903 Harstad - Hárstták (2013-2019)"	"Blokkleiligheter"	"2012K1"	.	.
"1903 Harstad - Hárstták (2013-2019)"	"Blokkleiligheter"	"2012K2"	.	.
"1903 Harstad - Hárstták (2013-2019)"	"Blokkleiligheter"	"2012K3"	.	.
"1903 Harstad - Hárstták (2013-2019)"	"Blokkleiligheter"	"2012K4"	.	.
"1903 Harstad - Hárstták (2013-2019)"	"Blokkleiligheter"	"2013K1"	..	8
"1903 Harstad - Hárstták (2013-2019)"	"Blokkleiligheter"	"2013K2"	..	9
"1903 Harstad - Hárstták (2013-2019)"	"Blokkleiligheter"	"2013K3"	26267	10
"1903 Harstad - Hárstták (2013-2019)"	"Blokkleiligheter"	"2013K4"	25707	13
"1903 Harstad - Hárstták (2013-2019)"	"Blokkleiligheter"	"2014K1"	..	6
"1903 Harstad - Hárstták (2013-2019)"	"Blokkleiligheter"	"2014K2"	..	9
"1903 Harstad - Hárstták (2013-2019)"	"Blokkleiligheter"	"2014K3"	22935	12
"1903 Harstad - Hárstták (2013-2019)"	"Blokkleiligheter"	"2014K4"	27242	18
"1903 Harstad - Hárstták (2013-2019)"	"Blokkleiligheter"	"2015K1"	35886	13
"1903 Harstad - Hárstták (2013-2019)"	"Blokkleiligheter"	"2015K2"	29702	13
"1903 Harstad - Hárstták (2013-2019)"	"Blokkleiligheter"	"2015K3"	30425	14
"1903 Harstad - Hárstták (2013-2019)"	"Blokkleiligheter"	"2015K4"	26485	16
"1903 Harstad - Hárstták (2013-2019)"	"Blokkleiligheter"	"2016K1"	32761	10
"1903 Harstad - Hárstták (2013-2019)"	"Blokkleiligheter"	"2016K2"	32095	13
"1903 Harstad - Hárstták (2013-2019)"	"Blokkleiligheter"	"2016K3"	31866	16
"1903 Harstad - Hárstták (2013-2019)"	"Blokkleiligheter"	"2016K4"	..	9
"1903 Harstad - Hárstták (2013-2019)"	"Blokkleiligheter"	"2017K1"	..	8
"1903 Harstad - Hárstták (2013-2019)"	"Blokkleiligheter"	"2017K2"	29471	24
"1903 Harstad - Hárstták (2013-2019)"	"Blokkleiligheter"	"2017K3"	31699	15
"1903 Harstad - Hárstták (2013-2019)"	"Blokkleiligheter"	"2017K4"	30983	10
"1903 Harstad - Hárstták (2013-2019)"	"Blokkleiligheter"	"2018K1"	..	9
"1903 Harstad - Hárstták (2013-2019)"	"Blokkleiligheter"	"2018K2"	35976	22
"1903 Harstad - Hárstták (2013-2019)"	"Blokkleiligheter"	"2018K3"	33543	12
"1903 Harstad - Hárstták (2013-2019)"	"Blokkleiligheter"	"2018K4"	31952	14
"1903 Harstad - Hárstták (2013-2019)"	"Blokkleiligheter"	"2019K1"	33693	12
"1903 Harstad - Hárstták (2013-2019)"	"Blokkleiligheter"	"2019K2"	33643	15
"1903 Harstad - Hárstták (2013-2019)"	"Blokkleiligheter"	"2019K3"	29710	13
"1903 Harstad - Hárstták (2013-2019)"	"Blokkleiligheter"	"2019K4"	..	7
"1903 Harstad - Hárstták (2013-2019)"	"Blokkleiligheter"	"2020K1"	.	.
"1903 Harstad - Hárstták (2013-2019)"	"Blokkleiligheter"	"2020K2"	.	.
"1903 Harstad - Hárstták (2013-2019)"	"Blokkleiligheter"	"2020K3"	.	.
"1903 Harstad - Hárstták (2013-2019)"	"Blokkleiligheter"	"2020K4"	.	.
"1903 Harstad - Hárstták (2013-2019)"	"Blokkleiligheter"	"2021K1"	.	.
"1903 Harstad - Hárstták (2013-2019)"	"Blokkleiligheter"	"2021K2"	.	.
"1903 Harstad - Hárstták (2013-2019)"	"Blokkleiligheter"	"2021K3"	.	.
"1903 Harstad - Hárstták (2013-2019)"	"Blokkleiligheter"	"2021K4"	.	.
"1903 Harstad - Hárstták (2013-2019)"	"Blokkleiligheter"	"2022K1"	.	.
"1903 Harstad - Hárstták (2013-2019)"	"Blokkleiligheter"	"2022K2"	.	.
"1903 Harstad - Hárstták (2013-2019)"	"Blokkleiligheter"	"2022K3"	.	.
"1903 Harstad - Hárstták (2013-2019)"	"Blokkleiligheter"	"2022K4"	.	.
"1903 Harstad - Hárstták (2013-2019)"	"Blokkleiligheter"	"2023K1"	.	.
"1903 Harstad - Hárstták (2013-2019)"	"Blokkleiligheter"	"2023K2"	.	.
"1903 Harstad - Hárstták (2013-2019)"	"Blokkleiligheter"	"2023K3"	.	.
"2012 Alta (-2019)"	"Eneboliger"	"2006K1"	.	.
"2012 Alta (-2019)"	"Eneboliger"	"2006K2"	.	.
"2012 Alta (-2019)"	"Eneboliger"	"2006K3"	.	.
"2012 Alta (-2019)"	"Eneboliger"	"2006K4"	.	.
"2012 Alta (-2019)"	"Eneboliger"	"2007K1"	.	.
"2012 Alta (-2019)"	"Eneboliger"	"2007K2"	.	.
"2012 Alta (-2019)"	"Eneboliger"	"2007K3"	.	.
"2012 Alta (-2019)"	"Eneboliger"	"2007K4"	.	.
"2012 Alta (-2019)"	"Eneboliger"	"2008K1"	.	.
"2012 Alta (-2019)"	"Eneboliger"	"2008K2"	.	.
"2012 Alta (-2019)"	"Eneboliger"	"2008K3"	.	.
"2012 Alta (-2019)"	"Eneboliger"	"2008K4"	.	.
"2012 Alta (-2019)"	"Eneboliger"	"2009K1"	.	.
"2012 Alta (-2019)"	"Eneboliger"	"2009K2"	.	.
"2012 Alta (-2019)"	"Eneboliger"	"2009K3"	.	.
"2012 Alta (-2019)"	"Eneboliger"	"2009K4"	.	.
"2012 Alta (-2019)"	"Eneboliger"	"2010K1"	.	.
"2012 Alta (-2019)"	"Eneboliger"	"2010K2"	.	.
"2012 Alta (-2019)"	"Eneboliger"	"2010K3"	.	.
"2012 Alta (-2019)"	"Eneboliger"	"2010K4"	.	.
"2012 Alta (-2019)"	"Eneboliger"	"2011K1"	.	.
"2012 Alta (-2019)"	"Eneboliger"	"2011K2"	.	.
"2012 Alta (-2019)"	"Eneboliger"	"2011K3"	.	.
"2012 Alta (-2019)"	"Eneboliger"	"2011K4"	.	.
"2012 Alta (-2019)"	"Eneboliger"	"2012K1"	.	.
"2012 Alta (-2019)"	"Eneboliger"	"2012K2"	.	.
"2012 Alta (-2019)"	"Eneboliger"	"2012K3"	.	.
"2012 Alta (-2019)"	"Eneboliger"	"2012K4"	.	.
"2012 Alta (-2019)"	"Eneboliger"	"2013K1"	.	.
"2012 Alta (-2019)"	"Eneboliger"	"2013K2"	.	.
"2012 Alta (-2019)"	"Eneboliger"	"2013K3"	.	.
"2012 Alta (-2019)"	"Eneboliger"	"2013K4"	.	.
"2012 Alta (-2019)"	"Eneboliger"	"2014K1"	.	.
"2012 Alta (-2019)"	"Eneboliger"	"2014K2"	.	.
"2012 Alta (-2019)"	"Eneboliger"	"2014K3"	.	.
"2012 Alta (-2019)"	"Eneboliger"	"2014K4"	.	.
"2012 Alta (-2019)"	"Eneboliger"	"2015K1"	.	.
"2012 Alta (-2019)"	"Eneboliger"	"2015K2"	.	.
"2012 Alta (-2019)"	"Eneboliger"	"2015K3"	.	.
"2012 Alta (-2019)"	"Eneboliger"	"2015K4"	.	.
"2012 Alta (-2019)"	"Eneboliger"	"2016K1"	.	.
"2012 Alta (-2019)"	"Eneboliger"	"2016K2"	.	.
"2012 Alta (-2019)"	"Eneboliger"	"2016K3"	.	.
"2012 Alta (-2019)"	"Eneboliger"	"2016K4"	.	.
"2012 Alta (-2019)"	"Eneboliger"	"2017K1"	22601	12
"2012 Alta (-2019)"	"Eneboliger"	"2017K2"	23140	30
"2012 Alta (-2019)"	"Eneboliger"	"2017K3"	29716	18
"2012 Alta (-2019)"	"Eneboliger"	"2017K4"	26287	24
"2012 Alta (-2019)"	"Eneboliger"	"2018K1"	25790	21
"2012 Alta (-2019)"	"Eneboliger"	"2018K2"	24964	28
"2012 Alta (-2019)"	"Eneboliger"	"2018K3"	23850	29
"2012 Alta (-2019)"	"Eneboliger"	"2018K4"	24830	22
"2012 Alta (-2019)"	"Eneboliger"	"2019K1"	26315	17
"2012 Alta (-2019)"	"Eneboliger"	"2019K2"	28125	33
"2012 Alta (-2019)"	"Eneboliger"	"2019K3"	27448	29
"2012 Alta (-2019)"	"Eneboliger"	"2019K4"	25523	24
"2012 Alta (-2019)"	"Eneboliger"	"2020K1"	.	.
"2012 Alta (-2019)"	"Eneboliger"	"2020K2"	.	.
"2012 Alta (-2019)"	"Eneboliger"	"2020K3"	.	.
"2012 Alta (-2019)"	"Eneboliger"	"2020K4"	.	.
"2012 Alta (-2019)"	"Eneboliger"	"2021K1"	.	.
"2012 Alta (-2019)"	"Eneboliger"	"2021K2"	.	.
"2012 Alta (-2019)"	"Eneboliger"	"2021K3"	.	.
"2012 Alta (-2019)"	"Eneboliger"	"2021K4"	.	.
"2012 Alta (-2019)"	"Eneboliger"	"2022K1"	.	.
"2012 Alta (-2019)"	"Eneboliger"	"2022K2"	.	.
"2012 Alta (-2019)"	"Eneboliger"	"2022K3"	.	.
"2012 Alta (-2019)"	"Eneboliger"	"2022K4"	.	.
"2012 Alta (-2019)"	"Eneboliger"	"2023K1"	.	.
"2012 Alta (-2019)"	"Eneboliger"	"2023K2"	.	.
"2012 Alta (-2019)"	"Eneboliger"	"2023K3"	.	.
"2012 Alta (-2019)"	"Småhus"	"2006K1"	.	.
"2012 Alta (-2019)"	"Småhus"	"2006K2"	.	.
"2012 Alta (-2019)"	"Småhus"	"2006K3"	.	.
"2012 Alta (-2019)"	"Småhus"	"2006K4"	.	.
"2012 Alta (-2019)"	"Småhus"	"2007K1"	.	.
"2012 Alta (-2019)"	"Småhus"	"2007K2"	.	.
"2012 Alta (-2019)"	"Småhus"	"2007K3"	.	.
"2012 Alta (-2019)"	"Småhus"	"2007K4"	.	.
"2012 Alta (-2019)"	"Småhus"	"2008K1"	.	.
"2012 Alta (-2019)"	"Småhus"	"2008K2"	.	.
"2012 Alta (-2019)"	"Småhus"	"2008K3"	.	.
"2012 Alta (-2019)"	"Småhus"	"2008K4"	.	.
"2012 Alta (-2019)"	"Småhus"	"2009K1"	.	.
"2012 Alta (-2019)"	"Småhus"	"2009K2"	.	.
"2012 Alta (-2019)"	"Småhus"	"2009K3"	.	.
"2012 Alta (-2019)"	"Småhus"	"2009K4"	.	.
"2012 Alta (-2019)"	"Småhus"	"2010K1"	.	.
"2012 Alta (-2019)"	"Småhus"	"2010K2"	.	.
"2012 Alta (-2019)"	"Småhus"	"2010K3"	.	.
"2012 Alta (-2019)"	"Småhus"	"2010K4"	.	.
"2012 Alta (-2019)"	"Småhus"	"2011K1"	.	.
"2012 Alta (-2019)"	"Småhus"	"2011K2"	.	.
"2012 Alta (-2019)"	"Småhus"	"2011K3"	.	.
"2012 Alta (-2019)"	"Småhus"	"2011K4"	.	.
"2012 Alta (-2019)"	"Småhus"	"2012K1"	.	.
"2012 Alta (-2019)"	"Småhus"	"2012K2"	.	.
"2012 Alta (-2019)"	"Småhus"	"2012K3"	.	.
"2012 Alta (-2019)"	"Småhus"	"2012K4"	.	.
"2012 Alta (-2019)"	"Småhus"	"2013K1"	.	.
"2012 Alta (-2019)"	"Småhus"	"2013K2"	.	.
"2012 Alta (-2019)"	"Småhus"	"2013K3"	.	.
"2012 Alta (-2019)"	"Småhus"	"2013K4"	.	.
"2012 Alta (-2019)"	"Småhus"	"2014K1"	.	.
"2012 Alta (-2019)"	"Småhus"	"2014K2"	.	.
"2012 Alta (-2019)"	"Småhus"	"2014K3"	.	.
"2012 Alta (-2019)"	"Småhus"	"2014K4"	.	.
"2012 Alta (-2019)"	"Småhus"	"2015K1"	.	.
"2012 Alta (-2019)"	"Småhus"	"2015K2"	.	.
"2012 Alta (-2019)"	"Småhus"	"2015K3"	.	.
"2012 Alta (-2019)"	"Småhus"	"2015K4"	.	.
"2012 Alta (-2019)"	"Småhus"	"2016K1"	.	.
"2012 Alta (-2019)"	"Småhus"	"2016K2"	.	.
"2012 Alta (-2019)"	"Småhus"	"2016K3"	.	.
"2012 Alta (-2019)"	"Småhus"	"2016K4"	.	.
"2012 Alta (-2019)"	"Småhus"	"2017K1"	..	4
"2012 Alta (-2019)"	"Småhus"	"2017K2"	..	2
"2012 Alta (-2019)"	"Småhus"	"2017K3"	..	4
"2012 Alta (-2019)"	"Småhus"	"2017K4"	..	5
"2012 Alta (-2019)"	"Småhus"	"2018K1"	..	3
"2012 Alta (-2019)"	"Småhus"	"2018K2"	..	5
"2012 Alta (-2019)"	"Småhus"	"2018K3"	..	5
"2012 Alta (-2019)"	"Småhus"	"2018K4"	..	2
"2012 Alta (-2019)"	"Småhus"	"2019K1"	..	6
"2012 Alta (-2019)"	"Småhus"	"2019K2"	..	6
"2012 Alta (-2019)"	"Småhus"	"2019K3"	..	4
"2012 Alta (-2019)"	"Småhus"	"2019K4"	..	2
"2012 Alta (-2019)"	"Småhus"	"2020K1"	.	.
"2012 Alta (-2019)"	"Småhus"	"2020K2"	.	.
"2012 Alta (-2019)"	"Småhus"	"2020K3"	.	.
"2012 Alta (-2019)"	"Småhus"	"2020K4"	.	.
"2012 Alta (-2019)"	"Småhus"	"2021K1"	.	.
"2012 Alta (-2019)"	"Småhus"	"2021K2"	.	.
"2012 Alta (-2019)"	"Småhus"	"2021K3"	.	.
"2012 Alta (-2019)"	"Småhus"	"2021K4"	.	.
"2012 Alta (-2019)"	"Småhus"	"2022K1"	.	.
"2012 Alta (-2019)"	"Småhus"	"2022K2"	.	.
"2012 Alta (-2019)"	"Småhus"	"2022K3"	.	.
"2012 Alta (-2019)"	"Småhus"	"2022K4"	.	.
"2012 Alta (-2019)"	"Småhus"	"2023K1"	.	.
"2012 Alta (-2019)"	"Småhus"	"2023K2"	.	.
"2012 Alta (-2019)"	"Småhus"	"2023K3"	.	.
"2012 Alta (-2019)"	"Blokkleiligheter"	"2006K1"	.	.
"2012 Alta (-2019)"	"Blokkleiligheter"	"2006K2"	.	.
"2012 Alta (-2019)"	"Blokkleiligheter"	"2006K3"	.	.
"2012 Alta (-2019)"	"Blokkleiligheter"	"2006K4"	.	.
"2012 Alta (-2019)"	"Blokkleiligheter"	"2007K1"	.	.
"2012 Alta (-2019)"	"Blokkleiligheter"	"2007K2"	.	.
"2012 Alta (-2019)"	"Blokkleiligheter"	"2007K3"	.	.
"2012 Alta (-2019)"	"Blokkleiligheter"	"2007K4"	.	.
"2012 Alta (-2019)"	"Blokkleiligheter"	"2008K1"	.	.
"2012 Alta (-2019)"	"Blokkleiligheter"	"2008K2"	.	.
"2012 Alta (-2019)"	"Blokkleiligheter"	"2008K3"	.	.
"2012 Alta (-2019)"	"Blokkleiligheter"	"2008K4"	.	.
"2012 Alta (-2019)"	"Blokkleiligheter"	"2009K1"	.	.
"2012 Alta (-2019)"	"Blokkleiligheter"	"2009K2"	.	.
"2012 Alta (-2019)"	"Blokkleiligheter"	"2009K3"	.	.
"2012 Alta (-2019)"	"Blokkleiligheter"	"2009K4"	.	.
"2012 Alta (-2019)"	"Blokkleiligheter"	"2010K1"	.	.
"2012 Alta (-2019)"	"Blokkleiligheter"	"2010K2"	.	.
"2012 Alta (-2019)"	"Blokkleiligheter"	"2010K3"	.	.
"2012 Alta (-2019)"	"Blokkleiligheter"	"2010K4"	.	.
"2012 Alta (-2019)"	"Blokkleiligheter"	"2011K1"	.	.
"2012 Alta (-2019)"	"Blokkleiligheter"	"2011K2"	.	.
"2012 Alta (-2019)"	"Blokkleiligheter"	"2011K3"	.	.
"2012 Alta (-2019)"	"Blokkleiligheter"	"2011K4"	.	.
"2012 Alta (-2019)"	"Blokkleiligheter"	"2012K1"	.	.
"2012 Alta (-2019)"	"Blokkleiligheter"	"2012K2"	.	.
"2012 Alta (-2019)"	"Blokkleiligheter"	"2012K3"	.	.
"2012 Alta (-2019)"	"Blokkleiligheter"	"2012K4"	.	.
"2012 Alta (-2019)"	"Blokkleiligheter"	"2013K1"	.	.
"2012 Alta (-2019)"	"Blokkleiligheter"	"2013K2"	.	.
"2012 Alta (-2019)"	"Blokkleiligheter"	"2013K3"	.	.
"2012 Alta (-2019)"	"Blokkleiligheter"	"2013K4"	.	.
"2012 Alta (-2019)"	"Blokkleiligheter"	"2014K1"	.	.
"2012 Alta (-2019)"	"Blokkleiligheter"	"2014K2"	.	.
"2012 Alta (-2019)"	"Blokkleiligheter"	"2014K3"	.	.
"2012 Alta (-2019)"	"Blokkleiligheter"	"2014K4"	.	.
"2012 Alta (-2019)"	"Blokkleiligheter"	"2015K1"	.	.
"2012 Alta (-2019)"	"Blokkleiligheter"	"2015K2"	.	.
"2012 Alta (-2019)"	"Blokkleiligheter"	"2015K3"	.	.
"2012 Alta (-2019)"	"Blokkleiligheter"	"2015K4"	.	.
"2012 Alta (-2019)"	"Blokkleiligheter"	"2016K1"	.	.
"2012 Alta (-2019)"	"Blokkleiligheter"	"2016K2"	.	.
"2012 Alta (-2019)"	"Blokkleiligheter"	"2016K3"	.	.
"2012 Alta (-2019)"	"Blokkleiligheter"	"2016K4"	.	.
"2012 Alta (-2019)"	"Blokkleiligheter"	"2017K1"	37894	15
"2012 Alta (-2019)"	"Blokkleiligheter"	"2017K2"	38434	12
"2012 Alta (-2019)"	"Blokkleiligheter"	"2017K3"	38214	15
"2012 Alta (-2019)"	"Blokkleiligheter"	"2017K4"	38716	18
"2012 Alta (-2019)"	"Blokkleiligheter"	"2018K1"	39712	15
"2012 Alta (-2019)"	"Blokkleiligheter"	"2018K2"	42084	17
"2012 Alta (-2019)"	"Blokkleiligheter"	"2018K3"	40443	16
"2012 Alta (-2019)"	"Blokkleiligheter"	"2018K4"	43464	19
"2012 Alta (-2019)"	"Blokkleiligheter"	"2019K1"	43972	11
"2012 Alta (-2019)"	"Blokkleiligheter"	"2019K2"	41835	21
"2012 Alta (-2019)"	"Blokkleiligheter"	"2019K3"	45812	22
"2012 Alta (-2019)"	"Blokkleiligheter"	"2019K4"	..	5
"2012 Alta (-2019)"	"Blokkleiligheter"	"2020K1"	.	.
"2012 Alta (-2019)"	"Blokkleiligheter"	"2020K2"	.	.
"2012 Alta (-2019)"	"Blokkleiligheter"	"2020K3"	.	.
"2012 Alta (-2019)"	"Blokkleiligheter"	"2020K4"	.	.
"2012 Alta (-2019)"	"Blokkleiligheter"	"2021K1"	.	.
"2012 Alta (-2019)"	"Blokkleiligheter"	"2021K2"	.	.
"2012 Alta (-2019)"	"Blokkleiligheter"	"2021K3"	.	.
"2012 Alta (-2019)"	"Blokkleiligheter"	"2021K4"	.	.
"2012 Alta (-2019)"	"Blokkleiligheter"	"2022K1"	.	.
"2012 Alta (-2019)"	"Blokkleiligheter"	"2022K2"	.	.
"2012 Alta (-2019)"	"Blokkleiligheter"	"2022K3"	.	.
"2012 Alta (-2019)"	"Blokkleiligheter"	"2022K4"	.	.
"2012 Alta (-2019)"	"Blokkleiligheter"	"2023K1"	.	.
"2012 Alta (-2019)"	"Blokkleiligheter"	"2023K2"	.	.
"2012 Alta (-2019)"	"Blokkleiligheter"	"2023K3"	.	.
